-0.42598991359555766,-0.5069551110410027,1.0705724211269354,-1.6489195103231247,0.04893760276881569,-0.5190615242497527,-0.44609824558377875,-0.05892250602074348,0.8575432348574994,-1.953977399049787,-0.442448659219058,-1.5047220423496226,0.1574879121650267,-0.16450927071658303,-1.2096626627397276
-2.6826434661951457,-1.5756700030172888,0.02316295788071273,-0.6769905296283586,1.0308950000585542,1.4495175217142353,0.3941965034246932,-0.6358318768323639,-0.5419309225280476,-0.4748108731295841,1.3823588989440878,1.4297504809781176,1.0603444210858162,-1.2289070780431857,0.12098197996339692
-1.3291294482813103,-0.5521816855727916,2.1650247926030923,-0.026100363522413635,-0.16629361764496067,-0.8411501064747102,-0.3269039046959169,1.849901979720552,1.3536599142440189,-0.1104795717619904,-0.9283749354600739,0.4855094250131342,-0.35326537889922427,-1.0818006631169148,-0.7191489666425018
-2.155468275133949,1.5305829486424403,0.8112779533902903,0.43578491070846126,-0.7723340102127338,0.02773655778030993,0.893711639844133,0.45282656943412575,-2.0561449407389367,1.703798336333587,0.2511355362447975,2.2245043228980843,-0.25333792977159664,-0.588549204702895,2.840245760306166
-1.487237347865568,3.0547269883002452,-0.06274170450195629,-0.22291663573276582,-0.09920332433127561,0.15487325264470403,-0.5446313390473476,0.42690822518627475,-2.0751386616860135,0.5015844594317482,0.36873382624753775,0.9663900797555789,1.4080844166695738,-1.1355554611477732,-0.9677132882722014
0.2363512697738369,-0.08615883753918334,2.1454794876497805,1.3570707704383027,-0.4234432080374516,0.6180926699311317,2.1951783730472636,-0.29579986170275985,-0.7468773993351934,0.31498800477675465,-1.7393637341632462,0.1382663380891022,-1.0617140786029775,1.121122334716108,1.6913763308801766
-1.3065692894249274,-0.46537767570177657,-0.25668397171766605,1.1622159803313519,-1.2897940223783435,-0.35780103123080265,-0.7063242412336921,1.4856805709975331,0.6738408328532075,0.49271638265313206,0.7581920868891135,0.4642704245300523,0.8485949873626413,-0.7934992800331075,0.5954718140976255
0.13067753229083318,0.0820099230593644,-0.8395139994157467,0.21901742365292073,-0.4700384817960675,0.014114168507052138,0.3421797080189395,-0.5967493563786026,0.9649787234708881,-2.0202436432865554,0.012794912287188851,-0.08232943366713848,0.14838867438676784,0.3354037290298097,0.030997033959901995
0.9724724213890471,0.5773890379879463,1.5886845852813352,0.9448886655543507,-1.2517050502453575,0.8845989406763852,-1.1063214849903509,-0.4993846773901062,0.26908879089703575,0.05502997897369034,-0.2630465571019607,-0.12407160880836213,-0.1733898237518178,0.8094967203804355,-1.074579642099067
-1.2473593710218218,-1.629138427685049,1.5123885460476827,0.2028269570145786,-0.24216284428443366,-1.0611782411598645,0.3073947505384762,0.25329218684912336,-0.01906315114041377,2.0855644662389943,0.9851170555845576,-0.6280435526125911,-1.1654536432901847,-0.17238510857435188,-0.5472964194151695
-0.2982175282515909,0.06826578433470412,-0.9753973903954667,-0.0710697127901987,0.08290386953643446,0.9614151701858207,0.8344422483613745,0.33781202646677333,-0.578508545506272,-1.4239220628483584,0.45792468373085743,-0.583829607104728,-0.5301573497303381,-2.360444812544081,0.24056297358765966
-0.2577841689014437,-0.15545037417745639,0.8289340364176315,0.07262917422543827,1.2396609388244828,-1.7361805493127818,-1.3086707307934242,-0.7589557413638836,-3.3199265021940922,-0.8271996479754202,-0.07278420988948756,-0.052339091502097514,1.6233938078038397,2.1498610327037175,-1.156977466134144
-0.9651040944632115,1.2880074404521704,0.641090635666947,0.6760845240478256,1.1450399873455968,-0.23099042682747334,1.297416501303722,-1.2876829627039448,0.6124206728372362,-0.6691294161988393,0.40650319539927193,-0.5170466147102288,-1.9322766037189831,-0.7398519730248773,1.199704482894656
-0.16427975441418174,-0.477540738933886,1.107494366108194,1.7287152316638645,0.3343708355152406,0.4823257281648,0.7196641650842117,-0.9754866832689745,0.041363077413981764,1.0835733623043176,0.2994779842621198,-1.8194871895671036,-1.1653101305089388,-0.815138613330427,0.8772750966892072
-0.15958536276253585,1.1271434879966096,0.3417816184761742,-0.6671146459449313,-1.7344681157809325,-1.4176914720268303,0.25832862309799026,-1.0644304333496633,1.032988836130502,-0.11889035556938526,-0.1628112286611675,-0.9317753529618529,-0.1980320247173165,-0.30832745690615593,-0.0895439458969419
-0.03516846051187217,1.0595938603778516,1.5526992080255597,-0.25845591124563366,-0.10941098402722893,-0.13248099754790213,0.29622285885209854,-0.4715753510767642,-2.0474070982037276,0.4203131659671568,0.7016463255380921,0.5758459153880796,-1.312825009003797,-1.9675303644036681,0.6893395686109367
-0.1383943554961808,-0.5926284419199631,0.47024689256405516,-0.9733278727180951,1.158518118686813,0.07869016584376835,-0.3864325111645719,-0.38331467785797657,0.0810230599377555,-0.7740912213299077,1.4061421966484904,0.9127962782595024,-0.07941375836071138,0.5295499520150244,0.7303338242797808
0.15390621936203433,-0.04598157682276163,-0.2693139289302506,-0.6360983741902726,0.48433344052472577,-2.112289909677452,-0.7072879543729809,0.7497635727321605,-0.41569468786167796,0.9593589305699244,-0.5671577712674027,1.0445760183077617,-0.2991767370079579,0.07122759329201489,-0.6052423596864731
-1.2585327195524456,0.707349347072891,1.2513500899649665,1.0766603878262164,-0.6986206351810215,0.1770147831249986,-1.4311090000582758,0.149985504882943,1.171068951110366,0.8201494610223963,-1.5979851190969043,-1.9243623426210508,0.5296665613781188,-0.803921833120765,0.07400794570364269
1.1246257977747565,0.5669704382051608,2.4098567125355665,-1.1400200994082974,1.705654098877294,-0.7982721710351445,1.1834590863990306,0.08175900831678982,-0.04046854167009812,-0.7573604067856811,0.39963492406020906,-0.22555159878552086,0.14066345730221,0.6286277676550354,-0.8904480299550639
0.24695742041918242,0.15646216598144289,0.906638008052631,0.9043813603780689,-0.23503759495078005,-0.007986696269106908,-1.1767585523446775,-1.313716927282823,-1.2384079646747383,0.4985573385566553,-0.7262140397263279,-0.5914627789064809,-0.17205948837423266,-0.9123164926853459,0.3254341002864985
0.19101527886948932,-1.021261654603632,0.6359782104520749,1.0896222425047557,-0.630519567031935,0.1536952258143537,0.7835175916512522,2.281979784074907,-0.35097529129084803,-1.1634332338924642,1.1264511790402438,1.1081133595403634,0.23961840646335347,-0.024519953491952153,0.6460131725734319
-2.1799676614983934,-0.10523906823009802,-0.3707557189578851,-1.3494525296473194,1.7342969510498596,1.4961174077280681,-1.5260685958183864,1.9076909798741177,-1.0052701453798287,-2.3045301873653266,-0.24690685265740397,-0.40600844213405507,0.5268194532239154,0.48470310449631937,1.5413413481648524
-0.36868879826034395,0.7297179109646229,0.7140872625926108,-0.40842448294275535,1.1318217189173372,0.3134031865063405,-0.22084016242031052,-0.6526377208607774,-0.6085837992741132,0.48966782623179866,-0.7561477962249511,0.43653213584381617,1.0407930915604078,-0.8110453414911155,0.8253883820757237
-1.0943428960423849,0.5039238460490574,-0.4548671933961603,-0.030274644326537342,0.4510910466752008,0.7311169058917154,-2.7420593774083164,-0.8099647922379501,-0.029006191648441752,-0.2293374879820803,-0.5671047992086606,0.4909436101327956,-0.5976936768262142,1.7281996026557644,-0.8548066364981746
0.3037322529362099,-0.7255644009788925,0.015554581627299759,-0.15675216147806023,-0.5196199534404105,0.9316278129148051,0.6776001356871275,0.36687316672999687,-1.801474335331771,0.7096445630670232,0.10177602080860171,-1.2214873343254273,0.48679577181422934,0.15501511306456317,-0.45835303137211403
-1.7146835672171343,0.5873963915091276,1.461039700885866,1.485504415593366,-2.681392925790951,0.26128228699060735,-0.7669939868174489,-1.0180672446669878,-0.750389988726725,0.7881958895204365,1.2812395661657698,-0.5980892044397969,-0.6724724865041279,-0.9264961267010953,0.4897582118564209
-0.20905776304961973,0.7280476159309619,1.4406548224242783,-1.1871192318942654,-0.8801341420491503,1.2916456281490853,0.7734480720727124,0.474507293563179,0.3311940204838763,0.5550808218490235,-0.28436569826769886,-0.711920793849052,-1.5102468942871825,-2.1934554804675996,-0.8692073860654329
-1.045815540026446,-0.2707867604393629,1.0298178788121357,-1.9744605586336812,-1.1052545035536723,-0.3858924791103131,0.5336283275528034,0.6204541914346573,0.44502170503018246,0.5871218780611221,-1.4382932468591036,1.2208974525488907,-0.7112593322900139,-0.9935706071352277,2.186625947234413
-0.15546094775542427,-0.5591790360230771,-0.08913697779784367,0.2884257990216731,-2.5210408630942642,1.9575875713513762,-0.39339956306042,-1.9447850436904688,-0.11861235904676277,-1.304793138480128,-0.9073567191890233,0.5173393752647051,-0.7194567093234109,-1.9601654331261507,0.7201306625888032
0.017789940324797228,-0.18503822165580586,1.5609416254687027,-1.0701658540085512,0.5918699781688124,0.11597631022231089,-0.9052907534612002,-0.26041283417308014,0.6784068525115037,-1.6554853085631065,1.113765124116936,-0.45252292156564133,-2.600360836445149,-1.217895766250053,-0.8299086619805243
0.12410667184264756,-1.2295026473472266,0.302437504249268,0.060230579850815764,0.8027189014957176,-0.3481191507546044,-0.7285627209676336,0.36632089573839943,1.1489142574323459,-0.7136421770744292,-0.870701693055025,-1.1680315016813214,1.5444506226561805,-1.1218976596075383,-1.018208661386158
-0.6596119622782806,1.037929079017737,-1.1004060270192133,-0.6257553798292739,2.329488300112367,-0.342566896755948,0.14482795858538644,1.387723089444389,0.736956039357337,-0.4340168414700233,-0.273097893427005,-1.0700248254333689,-0.7369741686845233,0.9624596363913273,0.4396807822339896
-0.7661545591215877,-0.13937444092302054,-0.21817539887731857,-0.9140842662930015,0.1254403758689869,1.082171778750434,-1.2768822547356609,-0.13126282771533748,-0.7156945950876539,-1.4001319076415408,1.079998073068014,-1.3028851291023336,0.07159938156710584,-1.085386992806177,0.37313832362860383
0.09653472298347182,2.3920455714486075,0.6001157433378411,-0.6623141651670348,1.6264376262050348,-1.815429439297721,0.7170138182139082,1.5153413182385167,-1.3327475020633575,-0.575273357789415,0.30959727452790364,0.5836024668641552,0.8783195393756453,1.8165973633351586,0.40430412578998093
-0.5218684881512448,-0.02009338460848907,-1.0899863805561705,-0.7504035010127859,-0.11443483753105756,0.8587043193315741,0.39191819748056406,0.5584372408767061,0.8244708885135033,-1.2198192592033696,-1.6772372596357068,-1.2919607285633825,1.3464068404618321,0.8130221680334804,-0.4214789665627245
0.5104512941787483,0.3862476505782089,-0.9158002737984019,-0.6930805858754917,-0.5012320790359422,-1.1457588498745912,-1.433184662841968,1.1002525574940767,-1.3071104708298837,-0.1554186750857173,0.25998833695569085,1.1610667058999469,-2.065819750038343,1.3882457205037642,-1.8754476832791842
-0.9574048071190834,-0.8950516813161049,-0.1425987399997433,0.436799935583293,-0.2834139795544777,1.8260587694190846,-2.334592388863176,0.39807402554061266,0.368279766480263,-2.680713455275232,-0.6615091169447659,-0.35422980036702206,0.012975675324833612,0.23211069017294972,0.17113664633005432
0.33017588722998864,0.31909710146369014,0.39218756839902624,1.5066258154438648,-0.548115737164115,-0.22765726018196092,0.6064780310945068,0.17694071565037545,0.003153317287036046,0.45408826187219165,0.7597336077963847,-1.3726095334238806,0.673662697597806,0.4747981567436895,1.1107860449983236
0.35501958462893174,-0.8004578062001588,-0.17149008386349235,0.4012316968329984,-0.803077089056259,-0.02962002299007621,-0.41260995904393755,-0.664248978878355,-0.780807172296516,-0.7484844568609048,-0.6416670650166083,-2.464395521598256,0.7734392829162753,-1.5995771364845708,2.4543010572906736
0.10246268305830246,-0.22189537706417867,0.39761276751617036,0.36702745228615724,-1.3573669102533403,0.9458141284016236,0.612584125709508,-0.23805580099820992,-2.2029212081450353,-0.11718513508919728,0.8010447097677066,-0.878951512164547,-1.6197243121226108,-2.2553457958441627,-0.11134538424571462
-1.1112225843001786,-1.9503551079158314,0.9788175132575342,-1.2248213617964874,0.41353260565610234,1.528957300632071,0.841458029829395,-0.09163153927801791,0.34609002479808676,-0.2844420664801374,0.5381224800626752,0.6203786435726428,-0.8195186954718074,1.5698964366993355,1.062972147477953
-0.7155969991998065,-0.13864355867709346,0.0859775074995875,-0.19508224036590074,-2.07253860403134,-1.097890685613734,-1.3928534831027575,1.6559149927659242,-0.05943152245996357,1.9098372745519607,1.002995601383871,-0.6260079124014034,0.0016349973656768321,-1.9719752661347025,1.0552729444270423
-0.7346502690988442,0.4676551491032606,1.007984077691372,-0.29347731624981893,0.5888523779739878,-2.341889072092298,1.395042766800903,1.0529007979309182,-0.04518077162816671,-0.04036857265098793,1.238952717952616,-0.8055230358745699,-0.14032373139422338,-1.1237968324325482,-0.7434387413979019
-0.08044351796942785,-0.5639997112647459,0.8869493583914493,1.1708730817337698,1.0494068902310558,-1.199366503581484,-0.46900937740379167,-1.2046727757563231,1.2512734577421545,0.8859230376999337,-1.2375297042804516,-0.23829737252235172,0.1385475610000583,0.7510566858490353,0.17588576634003186
-0.11236289036481491,0.4391268208053942,-0.11230554539144655,-0.11901639330394959,0.3139900625318141,0.9825110171183786,-1.9995992326062164,0.15194635962180922,-0.20719407429783304,-1.8144476086039956,-0.6915093082585547,-1.7751624382396705,0.894603149754305,-0.23810918423148186,-0.5205878717652992
0.3711902562111688,0.9899496852095085,-0.5734588103814632,1.1539980586026426,0.9738299189358208,1.6606529909966423,2.041179106471807,0.10154416637426839,-0.3895495975396688,-0.3418629531154931,0.37344447849622014,1.2570876238999498,-0.849688542737762,-0.44472425416095773,0.3974949668590823
-0.3804505672113732,1.1952209343421043,-0.09223611322311008,0.4350310636564918,0.627807031068242,0.2772467020571888,-0.46478205173599,0.3738411460536765,-0.691304631714593,0.9417758856590281,-1.1428445144900308,-0.5046539975024369,2.5726923682472624,-0.6600377847772967,0.4285650608938913
0.20431045175012058,0.0021992098367344167,-1.5219162215795103,0.08871453298533971,-0.6581301300397,-0.13551277484620236,-1.4161910561366804,-0.11834592234621853,0.6455590744119485,-0.781065171787045,-0.08796255109056693,0.19401408543445914,0.39909095176748055,0.5977698678331629,-1.4993471716149251
0.6029250170877049,-0.35197168200798223,2.037236732597284,1.0040588390404799,1.637663899825521,0.005181518861257887,1.1517820003883363,0.31116006745247177,-0.3151443988699542,-0.282330337411088,-0.09141276075211391,1.2377672490671776,-0.9818266093864911,0.48750791869347126,1.8507083418102783
1.0595085461790439,-0.025951132886360716,0.5423026081020085,0.7763438151327964,-0.4790378447652182,-0.11096625322408858,1.0515074169700152,1.6620810341340455,2.6817329199159623,-1.527081258880785,-0.3689824513522813,1.0446162373531767,-0.03444778900937456,-0.6974190966069963,0.5955754386920535
1.4887342026554218,1.4974301767844587,-1.034784544056991,0.7950533387414799,-0.7085378531580232,-1.8570432230965135,-2.3474186110959137,-1.8268781301715489,0.02384398774929439,-0.7930596895621227,-0.8854346316802624,-0.7080396984313845,0.19969790568084123,0.4011562112324048,0.276852172716378
0.5933267904326317,-0.18197312074927235,0.10844546799971101,-0.5191297039216827,-0.5294157236156332,-2.3757007375516306,-0.22532686123640366,0.6139841180302769,0.32158857119276485,-0.7319875062897132,0.373664270357997,0.5613996372446856,-0.7674257113894092,0.8012378676737101,-1.7387773191614349
-1.5584366134859347,0.8421248941337913,-0.29844916825904994,-0.9735442410580037,1.2405106495162201,0.25488123881983094,0.04498383849736687,-1.4869918079037485,-0.5681946193777494,-0.04821364955671728,-2.0669400408086176,-0.4351835875178912,-0.002449558719014438,0.17112231869838662,0.18266835685536814
1.7112373812230517,0.48292014620319595,-0.09245564261398707,-0.2179502217084983,0.7925743940915674,1.1764298192994267,0.49403640674342403,0.31555983958133976,0.9478732601447184,0.040034718931241664,0.34271795375470665,-1.1319911525630344,0.24947270414071543,-0.7030194458973072,0.630096818729252
-0.23729053982001294,-1.8104134041602074,-0.015403204760415174,0.236885165731765,-0.47392499010469796,-0.5505753014249171,-1.3474177365465407,-0.06419044997072713,-0.611691613831209,-0.42461138156418976,0.37219397879232635,-0.5060273543278103,0.8783380164681645,2.0186301716863952,1.4086479186017258
-0.9028779966470046,0.02101716312020192,1.2598731922045892,0.6683173794523805,-0.26743116980501397,1.0660414766630668,0.6939070026472726,-1.3536624729927802,-0.11111646141574283,0.2846330076460566,1.4870371045999562,1.0883224148200374,2.5085331342520587,0.6286709714760218,-0.7144847449570703
0.06261528823585365,-0.8953215604268578,0.8342197780808104,-0.8803713739246846,-1.5507643139206964,0.004819980546298312,0.05586599991155078,0.15417999467991936,-0.5965604792374145,-1.1382588044075554,0.044325722945586475,1.5636705962933914,1.166661160719679,-0.024195974635814608,0.06424703343650563
-2.100482204257058,-1.5595236872956662,-0.5612713542320473,-0.2915696725807952,-0.8325744719988561,-0.37541373144695145,0.8661471078495357,-0.44347032527224867,-1.808569310335839,-2.0008075802966654,-0.3845145182804474,-0.9030522587902688,1.4642893481541364,-0.7823927634027903,0.5676582020375733
-1.1842571911345607,-0.5567703226125884,1.4966473066468822,0.7400706309759122,-0.8156282303967959,-1.5047422116343026,-0.7156055346269838,-0.7319621228002513,-0.944218464852247,-0.41604072666901165,0.9315266992886039,0.22235318245185381,-0.14441224831356053,0.3305933697379082,0.16552313204548777
1.2444381561843356,-0.679766582126026,-1.2457605739011766,-3.0845568989250283,-1.264523580695262,-0.3513615540107182,1.1421976371134894,-0.35413455690238976,0.5290496113596619,0.31528290562875627,0.8311002118850835,-1.3266839197509328,0.6367662777731841,0.7172905766363422,1.9355321906588725
-0.2790781690972432,0.6420954185533716,-0.8871740849053519,1.1118517774105259,-0.6402423244387546,-0.3522310766557115,0.09371914788150414,-0.7399044000761903,-0.09136144094697696,0.11729325937224375,-0.06144185603773797,1.3084182256076238,-0.9218387119510318,0.09544433489751732,-0.34475423036515906
0.03138781285157993,-1.2124086708673034,-1.0047486197697741,0.9075912063087934,-0.15640697866664616,-2.1898975681296338,-0.36579095643438814,-0.27943456736378697,-0.16200108666797866,1.1843223462831434,-0.1925334714354425,-0.34761424777455635,-0.41608369358579533,-0.26587577350913677,-0.4386218294940256
0.6502699366636081,-0.3589776571645898,-0.7218894323833346,-1.5083390060230026,0.3454835608028913,0.5964460760329214,0.1811307247818044,-0.5789267710982434,-0.35039492283994184,-0.8169710965021698,0.7353649979517839,1.4186733351219825,0.6323755489740774,-0.7559221163521375,1.3529334362561807
-1.7521777907899485,-0.8445980399493339,-1.4566168477687,-0.9762447033769266,-0.19489090825906275,-0.6370518112678366,-0.012419539473284218,-0.44785791863561075,-0.19409695867234217,0.08976198643854848,0.9133783188349917,-0.7411758159584512,0.33765986280292004,1.210328904664412,-1.0601034369498328
-0.11310256544153485,1.0060715562864253,-0.3064967291999644,0.9256220243458455,-1.0787467678043614,0.7593609091924208,1.6602172268353885,0.39125887797396075,-0.8792616449558305,2.9327494769334685,0.4552021926507737,0.12497086180130998,0.6687563095247705,-0.40281299457639363,-0.3863106740587641
1.5865681529868858,1.3198349657944648,1.738213622165003,1.5031124021856357,1.142886454243961,0.41644828629280367,0.2640589594879374,-0.06950484156210063,-0.5592491717742101,-0.3633819993092912,0.7531386615474699,1.6982232223237572,0.31672172487064343,-1.400977863838911,-0.7285796381445385
-0.6397838827683425,-0.40666069291810397,0.49115500477227264,0.6089753373680776,-0.5197296493319953,0.2889698263871472,0.09431874377303923,-0.731258692135661,-0.7210715895193142,-0.8464421014039233,-0.6082063201343586,0.6989699093559003,-0.7153035863140157,-1.6617160789469125,-1.445774848063136
-0.6388483347349667,0.2415230383755018,-2.4525687359112167,-0.42991847447263287,-0.03402670138300497,-0.2630267009756911,-0.35151287680946813,-1.1362152784979345,0.4781606647724128,0.8068424741764214,-0.18128584411255805,-1.0547421292399164,-0.426621002157377,-0.636383408083931,-0.13016221784267337
-0.3993913591315032,-0.5138522553667105,0.6207732778193605,0.7483427162041127,0.3050542054417721,-0.4786486718425556,0.9400884211414878,1.0569895223591084,-0.5016423671888235,0.19137930942423356,-0.5402155627302461,0.17947196069734916,0.9349795553122827,-0.005543197399652067,-1.1756809418549878
-0.16010949556238227,1.5531452757277149,1.3163154004012596,0.4411101119632327,1.874377511685307,0.37790758055020546,0.45178420980680695,-1.2055768642754443,-2.1619314710375392,-0.6268837269500994,-0.12629707225941425,0.5678091577598231,0.37928235546623723,0.5870531663440974,1.4250721134243123
0.7684514717366596,1.0925010549080791,-1.5264376229437335,-1.6150200365519936,-1.0065155090450337,0.687917890460068,1.6646555359430832,0.15175860917219325,-1.4648998221357274,1.5969542485208135,0.4133566697297874,0.6504725112627795,-0.3962859361104805,-0.35802570943688133,-1.0779914902178722
0.38288176681635694,-0.6896824196252229,1.2700353299875424,1.0519115812067532,0.3906273656652691,0.6247207066124943,-1.4694420897121867,1.539631975370465,0.3886397005880106,0.23256382078812812,0.0699040063641448,-0.4276621886866145,1.5162624938060776,-0.03387114380390885,0.8060759732191846
-0.487614039574426,-1.4039828448893756,-1.3708375313863068,-0.08081729753234401,0.4981273367246995,-0.41077486670278807,0.8771998218109262,0.08442504907456952,-0.10445172623619528,0.5602923068565946,1.5563311026188194,-0.08464221479186947,-0.40765737233599575,-0.5990293072324041,-2.003673249455217
0.2166190356558776,-0.38722299716768716,-1.4931888347932902,-0.5127781948122428,-1.9365391693607465,-2.5174693923670057,-0.42317326069782146,-0.5655398997583322,0.8486602444247208,0.23903431869810976,-0.22606811056698994,-0.002702678159784631,0.8239309482186853,-1.3526176529406575,-0.9260929247560812
1.4693906211009533,0.7795445698267051,0.5085422502320999,0.9197182902138828,0.5328009341058406,0.5367181680620415,-0.26196575714757037,0.46354969576384575,-0.8614729319428315,-0.7182651963392632,0.41140036239606564,1.2367338540013602,2.3318616723516468,-0.068997030866394,-0.11376657853422961
-1.5402644301725616,1.5926049216267115,2.143165559068344,-1.0508152434226368,-0.903468732229023,-0.5561034935943499,-0.9739832216324245,-0.3053424484693307,2.0718860950871405,1.2036963157819829,-0.5592072319904985,1.004560474460896,0.3878340098660267,0.379196178670516,1.1304905364332134
-1.4907946680948507,-1.8861279390390526,-0.14939686601327962,-1.2583061777752458,0.2084020944038584,0.6537383283137582,0.900988706491306,-0.9010261934085678,-0.6174571725619743,0.20374883437271957,-1.6179245235296804,-0.37771023875359894,0.5798048012108963,-2.3833591543811474,-0.22870638531168147
1.136520115806825,-0.4940468732255477,0.046148860971027585,-0.3305381571100116,-1.0596080921578808,-0.9604594867271523,1.9522290259789765,-0.27301932981746063,0.3594421912531434,0.1066892229523863,-0.432620387730978,-0.4957388502152536,0.16462885851529024,-0.42485378495446174,1.2176140251869736
0.04227918973553409,1.215381277050598,-2.576803445590125,-0.47447478198075443,0.6146963321143549,0.26840892827377716,-0.7695621045371107,-0.3893007747017611,1.6232451903810454,0.7631390602674523,0.5879963183745354,-0.251630826252392,0.885684538686918,-0.7677065454344727,2.004390598003766
0.11642852003413282,0.74728534915537,-1.4255076656459973,-0.4232950241194952,-2.093601274879107,0.09735286904331117,1.1030953994600559,0.08290007639468408,-1.1796671738571274,-0.3614859422398604,-0.9234072016894455,-0.8316913526920138,-2.5040685480203893,-0.4977243026040146,1.3348870916499436
-1.209275148914855,1.3157457407288988,-2.1632630063499616,1.193394399142172,-0.23116282003679112,0.7697491815346452,1.2179441471242989,-0.09670282204617031,0.6719816283333637,-0.6955820946420136,0.6319759446092608,1.2746899558407077,-1.2939532150033282,-1.5163651172431585,-0.25217111744625265
-0.5472556658078364,-1.1714005040889957,0.6956119148189996,-0.6464294222100917,0.051709607039720905,0.6292520950835672,0.0487113692785931,2.083452964035454,-0.5695045639167352,-0.0896702989152738,1.1078240101590433,-1.1688493366174608,-1.2365162893386585,1.1797317922468078,-1.7054949139999227
-0.47319689590790087,1.4712593458048444,0.14638285109987426,-0.08436094107355659,-1.4185288582086932,1.2141221130324769,-0.4773886259317449,1.677435864263921,-0.23017482615105625,-0.4971096642682497,0.38739331758215834,0.05326226395652909,-1.1151101445534406,1.237995415629135,-2.3334288740112537
-0.7134240111865437,0.7782920384956894,0.3105670553630795,1.9202339565529525,-1.1167636897903075,-2.0458781943753928,-1.3543868391199512,0.7705567227231586,-2.6764532684062794,-1.307936827475548,-0.35992185961172257,1.1026969705404142,-0.7267846058981837,-0.1998059051304104,-0.8223850641417871
1.068761003352223,-1.0761522176808156,0.4963966053644714,-0.5881802923903813,0.5041528367468032,2.019862574049096,-0.0710846537260476,-0.3334158287880768,-0.3721587750671714,-0.6590235732714899,-0.7634158131880746,1.2507244738539312,0.7114817197008877,0.6386162468093967,1.8577176402599438
-0.3323668393723834,-0.7276432536402748,-0.734305909706118,-1.2222493495622972,0.4205867036106466,0.39990322841880444,0.866215158331535,-0.6821510981890667,-1.0028144510158568,-1.3566173718841026,0.14420297253307532,0.32306321331871013,0.6658452895036253,0.5305206784861077,-0.030697082909595427
0.12938793360696724,-0.6387339717312706,-2.3535381256807666,0.47598294773280386,-0.5820987702040162,-0.17513941480659287,1.1250942454062682,0.07899821998224242,-1.373807182393986,1.4202232135415236,0.3581223166838585,1.598093833554343,-1.2591351517091485,-1.4404182961094385,0.2574918239567545
-1.317864686221392,0.5825699104371534,-0.36196303550806325,-0.6032236528505592,2.4429262178379663,-0.8840184545833893,0.9238453943235064,-0.614769710695604,0.2283711121564891,1.893422951067541,-0.2262161091930714,-0.1085254816648815,2.0279324878363982,-0.27965010833137083,0.16688434665216742
0.9769798382662017,0.3523964188975699,-1.8405716628545572,1.2874324172634457,1.853096357466398,-1.2223425952960398,-0.1521905201947041,-0.26035573627400727,1.3479023116055537,0.23391695505135887,2.3032256535776745,-0.11760159195688656,-0.8044047197437172,-0.4356127941138886,-0.02146430889923236
0.4047468524584274,-0.9141271509614167,1.0190045633404012,-1.5954133022925576,-0.14150401429724943,0.6166940273227127,-0.7754017405474379,-0.7872071948305749,0.23681807845552041,-1.7059905061107932,2.050541125590993,0.03418250885114926,-0.26062115071366954,-0.8920270200212287,-1.1312944228008195
0.050445944234321013,0.3307901424945022,1.258325015471625,0.4103972779083123,-1.3904465027325958,0.5077518173443143,0.38680911426759707,0.7698862077910831,-0.11277145791129121,-1.151683984442013,1.407625453262554,0.01219004879644945,-1.5064488296498046,1.7234831238366544,0.7031753658397161
0.36994778806623985,-1.0400039819085056,0.00346901869277004,-0.24514697541006483,-0.6652595330311886,0.032291325632818606,-0.5778086813847864,-0.47158230970064435,0.006877148038646451,0.9274182984295983,0.6373493683476357,-0.3085896903449467,0.7796082200571826,0.28683347615304916,1.0944037431871398
-0.5078905421720722,0.5253659478609108,1.8296191286201895,0.8257854772950931,-0.9485892412378051,-0.3298694730794248,-0.8675920073913033,-0.8252768008150765,-0.2304796601965677,-0.1605607828917138,-0.97392369920091,-0.0331022902689427,-1.5613719521406526,1.246943222710038,-1.3727331892845274
-0.8183640061669046,-1.5767716003347312,-0.961596544819601,0.2911956177452739,-0.8483781437871193,0.15989001390625163,0.7954308670967144,0.9006363743517705,-0.5251082266008669,-1.1776150392233316,0.4700346625901385,-0.8925440862833083,-2.0066963475324306,-1.1207316040638287,1.1463790777637344
1.5551076310621912,-1.3048802736479541,-0.19273574783082686,-1.4821876480531038,0.15873507982529103,-0.6757512491458704,-0.08116042369908298,1.003885418402332,-0.5018638323850977,-0.06274404328294643,-1.6307394564390028,0.03107683655934809,0.9574617442911669,-0.25799958078966595,-0.39722828735599747
-0.033746065970102636,0.5950027018602986,-0.02870776631775043,0.3437444368852478,0.9206089770548211,-0.5186606173866618,0.0018934989599426698,-0.5732001335787263,-0.4086361305931373,-0.1657007944672575,0.4829118398363285,-0.11649123893700766,2.0646234690753,-0.7034451920042686,0.012133502877821141
1.2312504434815184,0.47794328172073025,-0.3452755278052207,0.23929901808022125,0.9396444733565138,0.8313947725836549,1.2131656480492736,-1.0130980599531143,1.8365906442828475,-0.024994146729010482,0.8243266696960606,-0.24335232687384328,-0.7707768554453269,1.2272617616164045,0.20905503303383166
-0.7877137799617191,-0.25878342598124865,1.780231670265973,1.2036320192153525,1.862672951226773,0.04578343615143279,0.16057724269934046,-0.2942664305036026,-1.5806701390675795,1.396496249184353,1.34476601569877,0.6434577092710448,0.604692696921852,1.9954628584309206,0.4195453140725946
-2.2391251836254544,0.1190020783279372,-0.6290710786999889,0.5719483580643672,2.1798141544640006,0.8107590897459346,0.5054887084160673,-2.3249241910738405,-1.396446376585585,1.5762449578052824,2.3118253755602716,-2.4716239318384057,0.3771358465078967,-0.6993306918441077,-1.407886333441274
0.45152604155104087,0.1839888915833904,-0.12547796539587597,0.8017210425662569,0.6164488758959641,0.497545604446254,-0.9632556988385103,0.9826330130531908,1.7385764172090463,-0.5259916192679015,-1.2624343771600093,-0.642748778494521,-1.368661518170418,0.30028929233191787,-1.8288133388480512
-1.094543925119483,1.6831656000618402,-1.6789702535868911,0.638370214757291,-0.1504458168430937,1.0384577442527283,-0.2017954614627354,-1.1304819933243153,1.3969525569458143,0.6155500093869296,0.24800310654037255,-0.34132097274269707,0.3769922938276872,-0.04188468442714571,-1.1268519926038696
-1.3393675128374256,0.7057188809326747,-0.03693452342997067,-0.7111728181588096,-0.1476913603796191,-0.8233885252413384,-0.4117577741456255,0.8755021433497013,0.4156354472748382,-0.702587281860725,-1.9454228565707115,-0.6386870103391655,1.3188000935136133,-0.3520078956776795,-1.4923063069620859
-0.48609062589186247,0.3250358363300731,-1.1299325190922698,-0.05862543770091891,1.2783056022217105,-0.35320048872509124,1.7102054690616655,-0.0895641224303048,1.1853306956777847,-1.2850651765768042,0.7536192967281438,-0.43300684980445464,0.4239742603827404,-1.0650401600383868,0.26184264155045966
0.2636642511425102,1.6114391837729891,2.253290647144111,1.163427782529474,-0.510389461248479,1.6116118496350964,0.3015366296792368,0.34789849327752875,-1.107511740598906,1.0874934091847015,0.19514850110990423,0.5292197207597099,-0.3187129300475271,0.6741466933207583,-0.035824745854690095
-1.1281978348410338,-0.22353592866622413,1.852448668469725,-0.9487581686765418,-1.1955367892686888,0.9759650408394479,0.45484467900175723,2.2716789328169313,0.8512718928793522,-0.6636595001299528,-0.882737669071271,0.04554337614314403,0.3438995037235274,0.682997053465027,-0.5926143573764996
-0.7657877473661869,-1.2181216357868427,-0.06839806571332485,-0.6738502337077767,0.8109007636030879,0.6831394822508405,0.8756922343798845,2.2707101844693534,0.45020153878364266,-0.014016033564690507,0.27826295432799425,-0.6675777845522752,-0.44599398772334203,-0.26356239844489515,0.6000540886744027
-2.0412035793173784,0.2069897215438893,0.15517274048592103,-0.2642511962464351,0.3111211813230982,0.14110204003057367,0.4993229283842908,1.5079545444802922,-0.04700843566603791,0.29318977930384915,1.3565862696712736,-0.02033299299971289,0.3699545808858323,-0.6245405079984059,-0.8430104169721143
-0.20765733903679715,-0.6651381749044517,0.1561548453872368,0.239654371322746,0.1130541520531052,-0.8661920571245616,0.18483017497051296,-0.23006178323263143,-1.0635859676479633,0.04671067927487355,0.2713237391633686,-0.37150410803208955,-0.39177451588644635,0.22492499563115553,0.3022627535096641
0.1378895006408858,-0.2922975292096566,-1.7774449977917217,0.7704326901669611,0.09127059165182091,1.4540930843264808,2.2312242306686914,-0.8215764115587457,1.1878075304993798,-0.009529390422730512,0.1492329342464028,-1.0516475019374405,-0.13677315873472992,-0.2886181017082806,-1.203292772771637
2.6137280279695125,-1.4753501153694826,1.2550573210235447,-0.23550230357795815,-0.45931383019585253,0.8608519422975794,-0.0067574687329427455,2.494751719003918,-0.9002419348838951,3.090664324193135,0.1392549847467012,1.3415734004715765,0.7745470684979171,0.06348628213377105,1.8276448949644586
-0.49306393123758613,0.20276499186060595,-1.184604623557642,1.085498954861691,-1.4031861077250232,0.30633996809444103,-0.3539188098431277,-1.5037903939514339,0.5597310038195448,-0.46118768891466405,0.15386486405726252,-0.46191214003705694,-1.4737468741087179,-0.7205694577281319,-0.839586242854969
-0.12479106532575943,-0.3384091479253836,0.9524591196034442,-0.6269767654127957,-0.6252553406787148,0.09711174942589469,0.547132888509767,-0.834730790195824,0.040697602186698545,-0.38265302909092286,0.2178412910183609,-0.9502942048256905,-1.407640657199622,0.7084715361922814,0.9007993502283829
-0.8596577537880494,-0.6007000055642339,0.9532005087670896,0.6700869632103046,-1.6324299137865386,0.7599380384363713,0.20076363675509004,-0.9628598283004023,0.13041226335901063,-1.1408330162838083,0.3793030354189766,-0.09034079936174347,1.2401003469862815,-0.17307872331454224,-0.591421419867339
1.4290254910181641,-0.7514208687844482,1.5174215876475892,1.4358276822662368,0.3144257664439732,0.20473494406825443,-1.614059372535948,-1.0916195373775839,-1.0964905465238524,2.230649185647361,0.23936516999043986,-1.108178587288284,0.7591314645016742,0.8482909077647343,0.23129221476518447
-1.539504701130329,-0.7071084299607846,-0.29382616799601113,-1.1165947118704425,-2.128897359363801,-0.0044539748073981695,-0.8100358269709037,0.9430382425676626,-1.1667245015605725,-0.09370570748821123,0.9404060454831779,-1.0916107990909873,-1.9081619892061676,-0.3136359014570517,-0.9924700252763967
-0.22023999070949468,-1.1408862635554073,-0.45586471404024337,-1.6654533340020505,0.14991761346129084,-0.3704030912598764,-0.8538580167151967,0.5882627892764515,1.415713558970353,0.24156172256349526,0.2603867220959107,0.96175653236763,-0.6834843922326695,-0.030540614886077993,0.6648876504415829
-0.3293409233503096,0.7464975076121578,-0.09277876530212596,-0.026684778637000976,2.0214210177458654,-1.5084919877254164,0.4010616891930631,-1.5307748178110543,-0.529870552073541,-0.29235871576119143,0.8230695521569931,-0.35103612590852645,0.4121091509477701,1.3774276326103567,-0.43034415512407703
-0.8672789758315016,1.3567599654028473,0.567713754773476,2.4854728618304214,-1.2605691312593141,1.3011004221217646,-0.46703307226126517,-0.2034018332064315,0.5215998618885417,1.1094443971561077,-0.11372779131051786,-0.6003634231635739,-1.0054231920715488,-2.06295176534438,0.6539873860183063
0.39539831031091877,-1.3767439091202835,0.2435494853361323,-0.22401476344926297,-1.3852140527159158,-1.202690498564332,-1.6581395221377775,-0.3459528884881094,0.14971518304790885,-1.5656789911113944,1.0687770712549995,0.20426337039900297,-0.4181973844495006,0.45724380483194565,-2.5391833014126157
-0.7142207955173018,0.29364092989587387,-0.21454268673621624,0.21316725537885178,1.0236328699041615,-0.03950354984477222,0.44039317098332065,0.43197977390904185,-0.8707514042322252,0.24452469870483512,-0.8319439456821685,0.4552441543240435,-0.33375823875496485,-0.8999735652324437,-2.267588458457945
-0.6328230688075128,-0.5273684541743483,0.5581663324154458,-0.6742880944545605,-0.48340359869450805,-0.1087598496482065,-0.3377956961125327,-0.38277167062680056,-0.31373593554149176,-0.5811701429795686,1.1242355129481223,-0.14135112884644152,1.0198206262100853,0.5145977542933707,-0.6128538147370379
-1.8528465502920852,0.5823146451592152,-1.0192472492120377,0.08225705997783701,-0.8983690005391353,1.0494603912144391,2.1491962352470253,-0.24758424055102324,-0.7936765217508485,0.20479422267767802,1.0793628768091938,-0.3520514997655808,0.8351062393568818,0.44803722939853624,0.8113548212203867
-0.3955145729228461,-0.4613128383029725,-1.259288848881695,0.8091633464087084,0.5226114130436551,0.03697188767057922,1.7442119441689627,0.07410238409294227,0.9671402806131453,-0.7086257088198666,0.45529993166955407,-0.9557123541755853,-0.10953439734130771,1.7834313288387829,-0.2521634687298796
-0.4220439297297258,-1.7614197450091162,-1.978596280657208,0.9264574994406635,-0.39457491725379534,0.032414100970373234,-0.154688130852802,0.47877046588627625,0.20396450083608605,-1.8542663367794072,-0.24283896626762347,-1.0620570440410924,1.5846895056025465,0.08285602132057585,0.12891579290383076
0.3654191489087557,1.4479488789007906,0.6471160900550991,0.22052413749003505,1.523217560291761,1.3793118969931566,-0.45840646750713465,-0.9643074540550512,0.06064592150907967,0.8720213966973381,0.06894359432217344,1.1603603041959976,1.3294986827287016,-1.5952192904384621,-0.6402278547196061
0.18474486492283093,-1.2355995192643787,1.0439140276319585,-0.24314424409096014,0.6279544714334926,-0.046715839690053676,1.6322294609867132,-0.7013702949517543,1.0099876344063738,-0.2930422401306083,-0.12923743885972866,-1.3679301540781172,-0.07096225658841153,-0.6618105548142352,-0.3931773572842899
-1.5315037293128404,-1.4444981784561626,-0.8647242026802038,0.5083407059277821,-0.548358680867408,0.4981803356254812,0.27933441673255804,-0.4723436475935336,-1.0246904517363435,-1.1459568783245493,-0.6912744857868479,-0.3909109556213326,-0.6575337031821247,-0.11597333272855904,-0.38074518027462134
0.42709058376299236,0.5377941511238261,-0.840103664950328,0.4088079730471385,-1.9928977370644783,0.19926157569200473,0.9761749857753037,1.2931518837702272,-1.4113754712749682,0.061742097737836676,1.3304620436417338,2.2051293674746164,0.3157822510138063,1.611751587050451,0.3568595865550932
0.2175655399768986,-0.5958173021009436,-1.691439286374002,-0.28449866906534654,-0.6519950874472613,1.5937473275221883,-0.588293177171849,-0.2943956328906335,-1.1653249915332666,-0.460341702964617,0.4213021349271651,-1.3789090404485247,-0.47421871718396735,0.1276800080405656,-2.9958900890977667
-0.5539464830467908,0.05965483434459264,-1.3883013851783863,2.3859695986317995,0.05959928325782871,-0.20559585956713358,-1.4387568379535913,-1.5796117824932574,0.5889072027223093,0.26445266134661616,-0.22374893348454467,0.060494620198443316,-0.495079810595754,1.3607960586982664,0.6226277329845203
-0.5477757275567385,0.5038689039769778,-1.5649806831280317,-0.3003122795427447,0.17608241286452506,0.38691439088136925,-1.8345203365267104,-0.2442041123726305,0.02640067463135956,0.5763565188464833,1.3049912074394694,0.7803849729780122,-0.9651163807290298,-1.4399179977538352,-0.24967567933672496
-0.3493243646124789,0.3056832341647867,0.10615388509861355,-0.3053266884085257,0.7936753216368072,0.18968986644867689,0.6669900373874192,0.1087600679859839,0.03370768850227781,-0.3198111212292168,0.10424326259568616,-0.03211349151578011,-1.1295291369546885,-0.2001575224867173,1.0921932818634443
1.3392173721571918,-0.5718259633123142,-0.5340193902508876,0.7508052277930675,0.24979338255533112,0.030526500980988604,-1.6527077241464068,0.9705803458699336,-0.08749302979225702,1.773416607889902,-0.9663850642824763,0.254144401829213,-1.323570633334802,-0.7215924901237998,-0.18006025184233868
-0.39665652249855937,-0.11056510728761378,0.27814042857685833,-0.2900371444747948,-1.2828254142820106,-0.17942030145539523,0.22351813018303596,-2.1403873963267284,0.3553282631422932,1.1733438440974213,0.22422211132529712,-1.339636021669194,0.4108013053105755,1.1100044327522487,-0.3209554711299521
0.00962705850456683,-0.8761258357034994,1.8024497668974742,1.394772811072303,1.6108426778864071,0.13251390905389615,-0.4360158246159109,-0.24948780986754077,0.5299971838813711,0.5703464335685128,-1.2790929277045981,0.10753351848340961,-0.40464959106903486,-0.4190625075995424,-2.0749466104900423
0.015121686199469244,-1.5167435146357429,-0.31867910046342873,0.9909183207753589,-0.102538490442185,-0.19697031303077728,-0.13913650749176543,-2.134781881266434,0.16494940963869803,-0.26505217747051735,-0.9341182079469945,-0.00017166170486811462,-0.4317792211887714,-0.22898210155675172,0.3841120624296916
-0.6996444029588831,-0.07729204153134411,-1.6287993295678913,-0.23833795262395216,0.4571113056428962,-0.7760104655553325,-0.8081090907345347,0.04082189283778738,0.7985167979294233,0.4061013445057702,-0.9044163316882129,-0.15025363363937602,-1.1386597832779568,0.31901709295996405,1.5413069902130867
0.2863155798344667,0.10794191446533834,-0.30259893183216874,-0.328990477712018,0.4614815205585905,0.153661401048934,-0.7173607350852659,-0.6652099560168278,0.7543350918173228,-0.36251549754743867,0.16751673974715045,-1.4958755779962893,-0.2538024087359998,1.1485831129693462,0.9225091338167868
1.0939724000791289,-1.7496965817479897,-1.1871471621871406,1.5261561145020832,1.2247303839201262,0.1504857910437605,-1.5000590710786657,2.3483452170704786,-0.02054617118690866,-0.12628462365511142,-0.2536996640780821,-0.37251570355969793,-0.2667735324031312,0.9315288592496638,0.5800126232144602
-1.47047566486038,-0.3894332045650413,0.13470647772074995,1.6525720908739048,-0.38577372271486676,0.08868653544131784,0.35333655783241236,-0.44624787628991464,-0.14565194034071446,0.45072831484091724,0.24041364516525549,0.49784024344528344,2.5465772882323567,1.9953863416700797,0.40965745046239854
-0.12212014392330399,1.4786951580701424,0.9102673735231671,0.7663422420016196,0.6413430907018738,-0.6508592717546371,0.16819060386901422,-0.3365542708017638,-0.1458325903852227,0.09289512689841639,-1.3847324873759892,-1.4920030530480297,-1.077850465339941,1.2065802121349134,0.8174296384957283
0.7323251136997584,-0.6860297359986495,-1.0706639416283166,-0.8815449789487557,0.9950287305340872,-0.2683369763794749,0.42716241129821375,-0.12434842988042076,-1.3902804640905757,-1.36587805650761,-0.019412371617987402,1.8968996936002849,0.6336254948545165,-2.128037809207067,-0.4053743539590903
-0.2985799153987765,-0.48910143022397806,-0.8312880214281869,-2.2478772773903755,-0.2138653065001898,0.24739176304693372,0.27563453877229793,-0.2880463716354187,-1.0812200226899216,0.6558249694673516,-1.021339290919907,0.3135107466201069,-0.70092464499657,0.7393508060617598,0.33402923884690133
-1.0183535432041986,-1.508564149468703,-0.06380509212196162,-0.4635033149841059,-0.5881597458242638,-0.2937396860862954,2.2602194342912103,0.9444916268081732,1.926214022076733,2.0141627425693502,0.5760721174443822,-1.446506963579214,-1.2189085127508215,0.5799745609419555,0.31866649750620457
0.21501979972712468,0.2291302957595136,-0.4748497383285407,1.1930781331508618,-0.7878914285421028,0.5298462816401176,-1.6172746885814149,1.190315623711378,2.8515092076906727,-0.20798425019300867,-0.5363389299951811,0.07609486262568682,-0.19731504133840022,-2.31769528694097,-0.36103882744557864
-0.7408290907047573,-1.0189985150738725,0.7637497518489469,-0.311567200933947,-1.4359904479635222,-1.4205520844334396,0.19370306665329207,1.540258209126105,0.12880037872333439,-0.43672161060823805,0.48292502682312527,0.21362421295179346,0.9143711154326278,0.5482991402016545,0.18535171792213181
1.0044725351609936,0.5200927480460775,0.01273457656163849,-0.3231510617402801,0.8092181201115887,-0.9799495944823136,-1.4906630758284303,-0.5604033886591843,0.21454957132703087,-0.4722520348381303,-0.6647316750802109,-1.1204894955964113,0.8973343468415222,-1.2838545395046566,2.9221871000900945
-0.09782440687761895,-2.047337837242685,0.8060595010122912,0.7697262898130336,-0.06335985968114978,-1.298204226063415,0.38619254316869556,-0.007463859364181649,-1.0782713213299375,1.4483064716470528,-0.4299381948199832,-0.770279759813962,-1.5990855023857833,-1.7297608995338856,-2.4117567700692595
-0.3917002967453483,-0.6850007063594917,0.6781632090424652,0.16395631631851054,-0.4831791941147092,1.0815551715912424,0.32326257875483266,0.269356308304118,1.335041953323928,-0.492750313769906,-0.9415916530807935,0.9808505462248712,-0.02035036758503254,0.4805196519713692,-0.8363415071187025
0.14896507922227478,0.3281190033529967,0.560274679771066,-0.6183162979859745,0.5866982711768136,-0.4023705873485288,1.166506519255224,0.4573011679561977,-0.18688617568081728,0.8663398627060752,-0.19374366266670454,0.9497877584480594,0.8857002467783726,0.04216880008499988,-0.3930569954376975
-0.1303193586406216,-1.1860946183658614,-0.5769962717695974,-1.9604554907558231,-0.34811930751849834,-0.28236395788386875,0.044570838137707,-1.3102550312055836,-1.33303809108659,0.8201722089198428,0.7912738521053602,-0.342987372760405,-0.9314532347703776,-0.18208926656719104,-0.07647240173799529
0.16035768730111805,-0.8449010370368409,-0.2609755609456254,1.2300863731273117,-1.0756812286071467,-0.6834306234926449,-1.808859172998333,1.4914225209616623,-0.49212141854036523,-1.4502797373192367,0.451812294054818,0.19618459231803706,-1.4979477329935034,1.4859630217656883,-0.8714473974050679
-0.5113944755497835,-0.6702182906275826,0.3133941346600182,1.0231220170052568,0.6645629807776083,0.21067027658076945,1.301399191603423,0.23698505976684053,-0.31515550434873923,0.8772491167638887,-0.7880461485960863,0.47406725514140396,1.5665042890001875,-0.9949844052531113,2.065824093544809
-0.7877631733003502,-0.7641245837770582,-0.002825882296333509,0.014941977435246615,-0.44985673562170014,-0.578086826918667,-1.6618145802832518,1.2273449980676145,1.4420145700800544,-0.21364187192083295,0.7794897804959916,0.49481977738126365,-0.23706365360315257,-0.9657160524024652,1.5948597509788294
0.6909730059343042,1.1872769343231353,-0.6558510903576942,-0.4480491096708815,-1.099500532529809,-0.7904328505554031,0.957261064874863,-0.8308424818723928,-0.7533708596955625,-1.8597922955998478,1.8758363423051438,1.0792466681523059,-1.4722706925958073,0.28330573675705534,1.1552954431674076
-0.5224559413171599,0.11247243340728996,-1.1949204567074498,-0.5985554989431023,-0.5412943966304458,-0.31540187801931197,0.3361845844083363,0.4081071784075257,-0.6608357141040312,-1.094300822597754,0.14272142556360629,0.40069902107862293,-0.5742290970577283,0.6286436785257941,1.042246982242548
0.26241508777389677,-0.05920005878943145,-0.40635846925338004,0.4074936921525376,0.22851997929799284,-0.40141741779506146,0.46640422683485677,-1.9602582801879394,0.6101076596030176,0.9733244502705684,1.8006210111081187,0.14197599692287968,-0.629040125347773,1.006550194916304,-2.7549407151162604
0.5617667289317457,-0.9018161850044639,-1.7523220999165359,1.3298368694889866,0.4136757778096868,-0.08049624685355344,-1.2758352114987503,-0.4983710186462246,0.305792911343033,1.5210924647118573,-0.3279001421687555,1.2537163149255768,-0.16469747863152043,-0.3386506073470734,0.758568572854707
-0.4953132616495778,0.7390117410384998,0.08789315184461104,1.049015155614817,-0.14676565962181937,0.025381351343595166,-0.2905832978376025,-0.08898194960986415,-0.15122944595351476,1.6507496880448373,0.10261178872207541,-0.21181773070167817,1.0912759095314306,1.1779445166221147,-0.4371769987590273
-0.21769371468880722,-0.47672344923400306,-0.2426965055598649,0.6836072854344531,1.1100092244894848,0.2884083325135467,0.09360798898923836,-0.5715784511152094,-0.08083806630672173,0.8701523774489741,0.6050381890351844,-0.7618537307391323,-0.6565354863643709,0.9680738616116075,-0.6637450605127919
1.09508007646327,-0.6808712365818798,0.37101581615423446,2.1379511640813225,0.5178939001328928,-0.4235814572286489,-0.43663183485069457,0.6251655991836294,0.6546527913539587,1.594169361910864,0.9735932677828864,1.2077455118489253,-0.7234969894082212,-0.7944594277899906,-0.7477642310714743
1.556423719277792,1.6403371081066456,1.8584708092443385,0.28641422450988224,0.36557617122020863,0.8961809362608918,0.44914872009345885,1.3916592339137417,1.2396218064710227,-1.107514042871732,1.9995858368614716,1.8858038334690024,1.282994451471811,-0.37096286923853156,1.714982290290555
-1.912472419265111,1.567192824329045,0.7652949686942404,1.0699249855411914,1.2172293958005134,-0.3514970294519282,0.5090349774500604,-0.2505258819036494,-0.26623568603331377,-0.7901251326436415,-1.0452837360763254,-0.02656706411256716,-0.44759432661711557,-0.05759335122439963,0.19172469514511006
1.007593590014421,-0.2363491095202961,0.41999012817335163,1.2994769623709717,-0.8438927721869761,0.3460730002915953,0.16825151717487052,-0.21784382381968992,-0.7242204952350745,-1.294467735490812,0.45957120126853956,-0.16897933571679355,-0.023510324625127164,-0.014153770257797918,-0.9695936937746095
-0.9806079242621581,0.5173716306872973,-1.7995326513016316,-0.3245737095804473,0.9125235275699363,-0.7049254302951038,0.6303888212937694,-0.203192471009162,0.9455896666696412,0.21410669205673297,0.8636745581325415,-0.7282097689587841,1.6188062202737155,-0.43342814580270494,-1.446409675411884
0.3079027815825829,0.6312608786793008,1.710965932658824,-0.040346288771356646,-0.14986085821858824,-0.5362296347054809,-0.8289830218668716,-0.3727853256726717,-0.31854093553942536,0.27996173951186565,0.6266351695443048,0.6032895975817547,0.1446609248465458,1.0841850251555738,0.0708908747098848
-0.5259299312281358,1.6631049409223182,-0.6906324339698937,-1.8099605340928273,-1.065718868239693,-0.8095681067825696,-1.034337562804538,0.2789728452370424,-1.5179648769938792,-1.6061216045904885,0.5956281678864469,0.5919174829924791,0.39969274781449765,0.8569072451365708,-1.2856222774284818
-1.7083958790813214,-0.23381455751540348,0.6670398482495437,-1.2521798989820012,0.353545183571985,0.11046783393774118,-1.1020630324887508,-0.21036769424639115,-1.2603349574840321,1.3199605995895494,-0.4654356318676397,-0.9608974287116018,0.4762770459510329,0.47542316980781585,0.2924624617585195
-0.3181095410975656,1.149048563175691,0.6139945849677173,0.6263592961118332,1.1078511882691884,1.1568854891467688,-0.9413061940051359,-0.3045455173002828,0.11995049888325243,1.9104853456155544,-1.8576400454133584,1.2643501235262413,0.11143525233367677,-0.27411018202572646,0.5972608117054162
0.6025131263546442,0.6371138109616015,0.7404190708210566,1.5239392216936707,-0.4378942303390732,-1.2779769185407535,2.053889789482753,1.331860773802447,0.4912420778086537,2.8467854798201953,-0.10125900696124332,0.325344788658778,1.441713780021872,-2.286632009493566,-2.3380023376992667
1.5741084718714244,-0.8762214596441338,-1.4737978117921104,1.2062282257929688,-0.9170285521277481,0.8135439788692371,0.5566845201149856,-0.8373292222204327,-0.2779768572860159,0.6085939118484062,-0.19633742577030852,1.556633580451588,-0.9422932401628575,1.8529528032637563,0.7952025333049276
1.0891685165678677,1.3283771331963996,-1.5163742032747212,-0.6074611067665637,-0.3391151897779798,-0.9294001172172929,-1.8189115449925646,-0.5868420132508629,-0.12792830416561554,-0.0920601629087251,-0.2474146264535112,-0.20671900537498283,-1.0630245363748418,0.3445336354072636,-0.02704326176139819
2.008648422303466,-0.31651341202332,-0.410236682046853,-1.3336025404623408,0.48009131999266413,-0.6488244353132978,-0.47937407357857514,-0.5255000818404147,0.6324945990503232,0.04298779416669256,-1.5019175972877132,-0.630170457193912,2.1409395105120237,-0.8399489039176533,0.10613039561687018
0.8872164627931551,-0.21947506528891553,-0.12136086792900634,-2.507086110989998,-0.7927838449145428,0.882632050909001,0.3174234647178914,1.2109534421473838,1.1330613375401866,0.3464743847894936,0.4788709987229397,0.9828546854404805,-0.3305470467009697,0.8605519908649704,-0.2807043838262193
-1.1496822595202798,0.03985713418597991,-0.9803736344944375,-0.2208637987142521,-0.7743249612884067,-0.10016496571246566,-0.5503225936153505,-1.4898821543280023,0.14776306687510504,-0.06714190481321422,-1.187774477249949,0.2567811687694756,0.17790712969395514,0.39825536404534484,1.983321237910202
-0.04833940005254429,1.4561903117162398,-2.144899119409492,0.06934700521129684,0.3259257867647187,1.8808770896105018,0.6229224823360552,0.31445601965479364,0.3031621124738505,-0.3395019588322869,-1.362129950150987,-0.3705770900478661,-1.4268817323515324,0.3043204636999209,-1.28847693837703
-0.4224443983305265,-0.11234910937580528,-1.281662908113976,-0.7208109089266377,0.18172428922406328,0.5697035550098949,1.4681771368010044,0.056097827298391544,1.9913999039502615,1.0085960598102843,-0.7790310744726532,-1.8189832236048324,0.10734525486517901,-1.6545236999436896,-0.42224825903311713
0.6552728967161632,0.3636285182047623,-0.2688284665547182,0.518121257529557,0.33468439506723663,-0.5228328769457816,1.1462114650473907,-0.794659257201927,0.057314276562976635,-0.33632281032518013,0.7528757792711618,0.6688441548593396,0.1647694370073165,-0.09310123476976727,-0.04799034798681778
1.4664936587477195,0.10512231071076454,0.23716641737949445,-1.6649186690663602,-0.06507657132082531,-0.4981143025972782,0.21158938591361384,0.14514695560915436,0.5833599456858974,-1.9321185708144786,-0.5410178135207767,-0.43531853735306797,-0.06267051073207557,-0.7537929381378116,-0.5513954711262745
1.1467309032173874,1.3640789957238741,-0.941174148524795,0.007868570072917979,-1.0259903465975837,-1.9372228390213024,-0.7275816990225973,-0.7655060825378894,-0.7173047621592993,-1.305919001370067,-0.301159192707277,1.1233421698794082,1.159994924472237,-1.1097985861633157,0.28472888273401303
-0.9792606920354694,0.3577442205929023,0.1391522961337164,0.7973664587187372,1.2837741211876725,0.5358673748252458,-0.9032777567600858,-0.10964135747879378,0.27389778085114264,-0.43294945480508457,-0.4081911120000716,-0.5589343403465449,0.4752475389504038,2.8029762855770173,-0.15345985839495105
-1.3609176942379506,-0.5976159801221328,0.2763615300628492,-0.02559358965353349,-0.22458258891220315,0.42843803548204124,-0.38876337396875293,1.3539345760643393,-0.730629334677547,-1.514573536053606,-0.023745214816143934,-0.9965868083502415,0.417239893588903,0.020684761486523935,1.623116113561844
1.1797006896247033,-1.141352934237744,1.4290835974567435,0.14733362042505163,0.3768941939408586,1.33911562726626,0.8516400784336218,-0.027196196174361816,1.3867495648563979,-0.5863801584154341,-0.06541735403511054,-0.3335552438869315,0.3504829619846738,-2.1332602447747426,-1.6298440612870144
-0.6441356586869402,-0.010712222526210836,0.03352528417510068,2.1672745471647232,0.8486099201657087,-0.2778894083909623,0.9483054344836068,-0.86019505581042,-2.096912765321064,0.2665318561731527,-0.5270481738892002,1.4591793609908252,0.07811480099024522,-0.339147664898358,-0.1461286899711543
-0.10935934880730559,0.09212525825654773,0.30563079044791447,1.1596370721782183,1.1656559483595237,1.3045307322356268,-1.808858455863654,1.208295101170519,1.3142872396435523,0.08401454154660377,0.7337302313722044,-0.6337109145242854,0.7154598834042141,1.15880232490222,-0.30697750334992124
-0.28260563799600036,-1.2970393948020353,-1.1709053091896606,-1.2425929564746268,0.4166238893465706,0.5802686810131268,-0.5829304857525224,-0.11982331839564662,-1.2625128848618878,1.1817310482261612,-0.8259632051817842,-1.292054392507512,0.7075614563058471,-0.2011814775212095,-0.14287087526341613
-1.723541238679481,1.3279920081697103,-0.6960658970341267,-0.2735568845639849,0.4359341428533671,-0.12305551241837315,-0.5844357096181247,-0.8103572013473445,-1.7806006527960156,-1.4627894179103935,-0.4271204597919109,1.4089341803604276,-0.38488693203348795,-1.632097360776395,0.26203198757780205
1.2072235967243963,-0.045178869457582614,1.1871375533001984,-0.5039483959511856,-1.6646870407540764,0.8276161126775894,1.8922245710719907,0.4012673879897954,0.8579689267368249,0.911260127741523,-0.7764193856845566,1.5417729995174807,2.7011336666834738,1.1942968687989246,0.4332922662329928
-0.9909993761274167,0.1729370369428336,-0.4320131549357821,1.4020226238660725,-0.6369653400199563,0.9497259485939352,1.27372040145942,0.671834536054799,-1.217195628513961,0.07333451768470801,0.38415306263742854,-1.7097719049066709,-0.46559543105166484,-0.030733628996681323,0.6411496056432735
0.3065907336849264,-0.5328146059174346,-0.5512089555736305,1.3624405239669746,0.4921616687628719,-0.3904820458295473,0.0861329739857999,-2.112443494974473,-0.7795913978091511,1.6030442158860518,0.20072549831805922,-0.5192010753631331,0.7491067436278697,1.4499025117031508,0.062423957464715296
0.5123925000660188,0.13324808313778583,-0.6442920062684584,1.180347133188012,-1.315621927516644,-0.35336572513327924,-0.2866150045349734,1.0805865488344424,-1.1315652022528269,-0.8510821839652196,0.024735237248051375,-0.5531811891467999,1.7063545578190968,-1.2880549774387013,-0.5275497810303124
1.5265772440246508,0.7107149125771353,-0.4528990823060011,-1.0830937630587774,0.040098770483760364,-0.49621059968055387,-1.467166387554829,0.22611995875846871,-0.25462091976329676,-0.330309411499848,-0.10110718051819143,-0.19226673168771913,-0.38172876320622157,1.3252924999408737,-0.004726244896529121
0.08284102357362354,-0.784715635832957,-1.0857069472784984,1.9527978957260348,0.8613719543212527,-0.35767548200073596,0.3381787233786878,1.4022364607849076,1.1096375245665948,0.9948089306608375,0.5640565320850116,2.3250325768618434,-0.11884509126516661,0.704213022193014,1.0189932383864504
1.0980457096835332,-0.0479374675411325,1.2230298358749467,0.41608903008087167,-0.9079221416720386,0.3557998214015625,-1.4067770772963646,0.38051084106505817,-1.2994695148661475,0.04582217827671053,-1.3018308896893664,-0.8390626736482948,-0.4524381046459673,-0.5781106640030389,1.6197999983833353
-0.5543048691144866,1.2723865542326775,0.6168861555338055,0.10255365473670923,-0.3778370590435549,0.685922273367395,1.0708022580136392,-3.56418302988504,1.4762117735319888,-2.1462719161480237,-1.4184510208460048,1.304340985271693,0.1650588796821074,-0.6435890279336205,-0.7604305905963239
1.896250795770865,0.8166436395164371,-0.213080394508425,-0.6128093453739922,-0.9235248955343475,-0.7641233676711502,0.4713422727541973,0.40602683336122547,-0.6689984349068553,0.7272689935786218,-1.057059108730181,-0.7733801560093847,-0.4153097777783757,-0.12689187906667346,0.22516602796355797
1.8248956312277786,-0.18975150906216445,1.265874880825392,0.9900635364860777,-0.2631122428492556,0.6081237138265758,-0.02508704941562603,0.4598583642150411,0.7525313434329713,-1.1831105912437399,-0.41978279882131386,-1.6162918622128448,-0.9769906721401571,-0.7406719843747717,-0.42641589781008205
0.6045038093868508,-0.9569738346351601,-1.2453147341080912,0.037925175300985554,-0.07347018474654099,0.8395681952541364,0.5674642811168465,-1.43596999970368,-0.5060190492332319,1.0136830365728569,0.6935768955168599,0.47907450944062246,0.1934698866065066,-0.3646494744294278,-1.3825790886331102
-0.39530769115858155,-0.7201109611762981,-1.8983229524597491,0.26579231622281835,0.857301857993497,0.9177007818075273,-0.4261981109798354,-0.9521864058328089,-0.9969420914842471,1.1981218956074386,1.849815662994672,1.3511066450029439,0.6877684607627562,-1.4464613672210305,0.18378107067887003
