0.1414848607793622,0.19933727771078893,1.961756609747134,1.5931606062524777,0.11815093181347815
0.607881164271532,0.9017470272865363,0.7955633504871408,0.8689768909131853,1.1201626846779387
0.9774088844410993,2.4631854321206843,-1.8207247779490408,-0.1828523446838946,0.10045282915481529
-1.164772827382239,0.014706945610361177,-1.1701042300163544,2.3803367900053316,-0.18124452053872472
0.4206935575862742,0.7176252315609327,2.1405246961807283,0.8979387015675384,-0.503608989571477
0.6777647799076554,0.0683186945831242,0.49429686231408576,1.0487182009523666,0.9055363559888786
-1.1797377837683534,1.4227301936630725,0.7027624559391845,0.5927122267572079,0.15350358567744304
1.058176085691517,-0.4370372402718625,-1.696006704315703,1.5616815357524365,0.7489510802926259
-0.23458403924383023,0.4956036916700026,2.577504304378133,-0.4369172895214238,0.6563247178614665
-0.5399141715213934,0.8486587609567177,0.7620404213833339,-0.32066255084480677,2.2864478532935824
0.24623116236720455,0.9896629165444444,-0.22082712914279296,0.0025723910972519012,0.8502646357792218
0.4524335653095348,-1.7908916579285297,0.4496137147707496,-1.1129605489549113,-0.6711759780506775
-0.5824177073324792,-0.051858538231651256,0.07196279370697163,1.2897167089175527,0.5965320127938101
0.33186559253939785,1.713217080201223,0.0014081347792747282,-0.724496307420661,1.363602184075292
-0.9027232603946409,-1.283114720910163,-0.4839028744614362,0.7522372240692651,0.7250676089372325
0.30243183643513727,-1.467088403502885,-0.09630787453774849,0.247978667293038,-1.9365538915312037
-2.0747155438637472,-0.22879403145089103,1.1371186021940591,1.6722873668252953,1.3265198620261205
-0.40621255464094425,-0.0676979575167213,-0.7909569106415828,0.9373970209212008,-0.6837649564879845
0.2770245355301924,0.2450531989015139,-0.5725403567140939,1.615633868309664,-0.03856837404787188
-1.4131651151337006,0.002631274567590763,-1.1007280341103787,-2.325742840718656,-0.19936548874507648
0.2326626844912313,1.03946810250385,-0.0014999992414754138,-1.0753051771507574,-0.206629293416324
-0.9226587967001195,-0.8890955208885516,-1.8860263657200145,-0.539992323339792,0.9445660426142394
-2.0220711859535063,0.1979889960915002,-0.3344301188252689,1.0136011839577366,-2.414485955537581
0.4065261197519562,-0.15073613570700806,-0.9927330758622136,1.8981339258569245,0.02630225052029541
-0.8438428421678392,-0.11738596366306095,0.2762402630577291,-0.03478644334234848,-0.16083540772574093
-0.07990566934226641,-0.3305946085326069,0.9621632778573178,0.18837267564533133,-0.03354566405490792
0.17494287359664745,-0.22965458032931188,0.3108148740320971,-0.4625390274221319,-3.248661650929182
-0.7416372563941216,-0.8954331004201694,-0.3900021744684799,1.1236714860187986,-2.5499929095257996
0.9743012802187044,0.5008438095186054,0.3432763962358799,0.23144821766986662,2.355900160481883
-2.990936434819496,-1.0433272419275845,-0.3276674324383851,-0.12786198612712615,-0.17830030810776987
-0.9193852372342365,0.790364870185945,0.5524157804091402,0.3132607058619117,1.7327198367572219
0.5072861090035744,0.023633433654339234,0.6461273686621225,-1.0992820326352486,0.20274504670282548
-0.9463990230418173,-0.6962603139269858,0.34234972487249316,0.09437380897652083,0.26188880154501354
0.7501060470817694,0.8460540049823351,-2.28517043341328,1.5544790352763134,0.4188873712998301
-0.5664501664166923,0.2381738088662439,-1.9188807183751708,-2.5786843299277664,0.25138040498048675
-1.1639332065919594,-2.6306095992701364,-0.35115760201997026,1.17427327737789,2.0436067542773335
-0.49989124810513025,0.24008762767499503,-2.0706720477185785,-1.021855207761153,-0.8007702576913067
1.286187115632667,-0.49628340145254085,1.365389788624107,2.1465826522561575,0.5332984145769647
0.23969729228553194,1.49689529499872,-0.9038839280129353,0.35446136809839685,0.09743015388282728
-0.4154075405579975,-0.7175090369303058,1.2004517979578153,0.20805667082894244,0.9727747736124612
1.1178528385326825,1.2684280998101596,0.3531498889876753,1.4010759610225825,-0.5992551505231553
-1.707370677280335,-1.6023664805744848,1.2951038247134465,-0.03395072804416809,-1.2783993452348728
0.8103098142408997,-0.40534593091503063,1.035269279649708,-1.662781625638806,1.4657445273430303
0.6611547319114419,0.9293030259354088,-1.2111213999734132,0.34298408975795913,-0.19924009899467882
0.5575315855428423,2.206450136363807,1.4903895013531112,-1.404369293188034,-0.8911164040755418
0.6798840581566155,-0.5714006428603717,0.2961466639498073,1.752188912825189,-1.6406341906514985
0.5088989682979301,-0.05167639033673341,-0.3220375703857444,1.193282601866455,-2.148756914338992
-0.46593858465943094,0.4215981906513188,-0.020094369175112103,0.11719446500624615,0.8682667600054902
-0.35014212110235315,-0.5040627840398095,0.505223744242262,0.47940858919702706,-1.8120526714311116
0.40813344951321584,-0.9206514814932191,-0.9521532553681599,-0.8103098127350375,1.1985661102099594
1.619034541890572,0.626507301417618,0.369216881976002,-1.631862608382736,1.078251822968838
-0.06828605896055644,-0.028536411579425932,-0.39666110840223495,0.5489898966400988,-0.5904017314628262
-1.025908216520841,0.5405570330045797,0.993629333380601,-1.2417593164195302,-2.0622605965344145
1.268258367538945,-2.7402350209703443,0.20475091056379408,-0.748821139924266,-0.44234490493301665
0.5358956382025127,0.24133699860597688,1.205760812684458,-1.8567834029346184,0.7528927663248471
0.7442475190828889,1.2578064581522506,-0.41787184544012446,-1.766313800456277,0.8938923503378302
-0.21698019985315192,-0.19346555843370317,-0.39358583412698517,-1.2253120589672868,-0.11815422059772476
0.04508544274740367,0.31651646260803873,-0.9630155621597322,0.45899898950480156,-0.19500838381652932
1.3728721012709042,-0.263014165759567,-0.8063696769471129,-0.011939899198852898,-1.78695305272755
-0.7930201653407778,1.0350491242763507,2.1569770548079346,-1.2065288612521283,2.010197142691206
0.820123079980779,0.4691182082087025,-0.0050317238815435,-1.6424436883780311,-1.0166930359514494
-0.4675053765650067,-0.20206601505997243,0.6030145812142245,-0.9501578407636305,-0.06551004474661627
-1.1127665418414483,-0.6462480203930273,0.3078045804446897,1.473528848254588,-0.008036982769320807
0.7419914060971889,0.6896012195409769,0.7963381291375516,0.578299526368016,0.9348878517684021
-1.3961464085263096,0.898334957722135,0.8266140594042276,0.47035818945383145,-1.702894240248954
-2.000330259649701,0.5985634193075678,0.0379263633255409,-0.8783447978223271,-1.5998976914628986
-0.24248111474505182,1.3433989940888997,-0.7909972225714883,0.97433837902131,0.4123182488623061
-0.3974326054292989,-2.3246725012275378,1.2936738288574754,0.07490948301879487,1.2437909079110012
-0.15060437333968857,-1.0423611989246861,-0.3118090279508852,0.29557388823590103,1.5498624422569678
-1.4521529386422882,-1.516443188934415,0.5054934875811734,1.5451398516765587,0.22989855242854448
0.1647365743163487,-0.021078323651860596,0.12847247212190915,-0.9821755081403352,1.4224683145415988
0.703004160579172,-1.0383281145150902,-0.724230862985337,0.37063828039625046,0.2292058267397074
-0.34190004009265623,-1.2360032086270187,1.0841063164963616,-1.3139249878932364,1.1981795571486833
-0.0007908384651167243,0.9870742703578386,0.9097578516498881,0.923355810572625,-0.6448478664198583
0.6022012568893365,-0.4601773369784594,0.20499005121000657,0.9846958730786222,0.3652354571193702
-0.1710138480387859,-1.170144151781476,0.718680577584946,0.5041983026870421,0.8550954807345637
0.7163833950187096,-0.6347063076493477,-1.4940809740025043,0.0010011093981848716,-1.9547834959810861
1.8852880545489783,0.6407515937171913,0.36177203412811687,0.14471821073056745,0.33366591171590726
0.4290017538523359,0.6805033833492024,1.4126816833725733,-0.661061663804591,1.0191706126021576
2.3306261637641,1.5346843135975723,0.918435807111505,0.35925825087163615,-1.3468523354404203
-1.4139729064863646,0.22177733221862053,1.3949130467274367,-0.49760330232603955,0.524507652425536
-0.8728266500979248,-0.8218484653092167,-0.32115222301447716,-0.5299520999691677,-0.3562587207684166
0.9938841786361722,-0.2542323888342288,0.3226186422597986,-2.4687362153967487,-0.16380460775350128
-0.17872593741989007,-1.771759170776154,-1.8214497537980545,0.31654223977494694,0.4112775373880196
1.242127467387958,-2.123571838142493,-0.4462981249080351,0.9246204592739808,2.243994217077866
0.9808020311497541,0.14826469293462458,1.4061214309751273,-0.8210116673311992,0.4522078207972637
0.5504878232530577,0.1532674163285601,0.7114720840998429,0.6001399256417109,1.1972592296449411
-2.0457372107361635,-0.9419856196634154,0.274599495054709,0.2591662801163588,-1.942404250019306
0.10089047567443844,-1.5774615715464182,-0.4204597203534622,2.1877048528941248,-0.6531171975654553
0.6621942423950832,-0.34847158407064577,1.148913938825477,0.944426962675125,-0.3489283772780361
0.07277943924120685,0.29286646880122824,-0.2095571904283152,1.0488670983914803,-0.9373357217390765
0.4088356064412,-0.24260770578441893,0.8034824912061976,-0.3448177548638856,-0.679124060439309
0.6589982794155899,0.9743144627999748,0.6975511221862029,1.3258185271217613,-1.1849170435149259
1.2355285934822804,0.20453162195604258,-0.20746357964410395,0.8373961722021638,1.0243083470120695
-0.6375216318484169,0.40886968691232234,0.5346931298807359,-1.6652734753741356,0.1701076519833358
-0.9402849963668592,0.09906860017418333,-0.3904234294529446,-0.7465458152378338,-0.01326662425088777
-0.7072354005539834,-0.6154344124903546,-0.6077427481968344,0.7158282011806615,3.08553633840884
0.654447463241326,0.1809193057607701,1.0184960322059726,-1.4310792421418523,0.38046974624782226
1.1942401824162088,1.2683805807280188,0.9824099327159916,-0.5976365441420727,-0.5560481418605545
-1.4325452666606746,-0.9962375411500367,0.19230263142305304,-1.2867988264377115,-1.2204754875525003
-0.3670657552401726,0.12063406166219136,0.7476959528292589,0.35445581232617984,-0.2982208551913539
0.7087538395054652,-0.8527741622185899,-0.011060044875053037,-0.17382179165503164,-0.9965538552150108
-0.6674777109462953,-2.432595506263643,-0.39098801862233185,-0.56035263013767,0.6664104193197725
-0.35435499722296876,0.10807554873047695,1.2795369807987056,-0.8364721392414396,-0.10957886055953174
0.42751113216089465,-1.0633709690196558,-0.6195552789633312,1.4913160722153729,-0.1738285944711622
0.5180122508601795,-0.5891446585581739,-0.11971250856978405,2.129093570244861,-0.47386225112933467
-0.20841579821048203,-0.18229331451949052,-0.7575802977958386,-0.38520368925197634,-0.7282339405251602
-0.4043113698821293,0.9760179664852481,1.319272964896105,-0.3756186194655216,0.6204409491959637
-1.2933278827431183,-1.3161613207228682,-0.13776873847210863,-1.1673258507752755,-1.3773907215769237
0.22426855858032985,-0.4452682347063689,-0.5130924579492628,-0.5425294061119235,-0.29008093793521095
0.697219692788116,0.4267837413066887,-0.5372708593032016,-0.7434745308682885,1.120597971027594
-0.022842917833940053,-1.0613144928966614,-1.5490900783262034,0.24523969636442922,1.8839743927307104
1.3865715784486794,0.3512886674533309,-0.506771078251801,-1.072705276638804,0.31060782657144437
1.6204103177656002,0.807880219099171,-0.44884637860517484,0.03910223320469757,0.9704998366913226
0.39208674632010737,-0.05878391550150314,-0.37585334361438627,0.29139349624433836,0.16117536718514505
-0.18239084266305905,1.085424029370848,-0.9363128203625153,1.172757468845205,-1.1560928523619245
0.1673095733046334,1.6744429322312404,0.19887024793983427,0.7068042138964901,0.19693546103078188
-0.06553382562828246,-0.8705515549514504,-0.6898553334103963,-0.20910318549265433,0.2916541400510529
-0.21724297620858435,0.5693823570765437,-0.1567530290468048,0.11397374840613111,0.14229255364229068
-2.5585396132794407,0.46450954744182393,0.36402209736257257,1.0168891302230674,-0.6423681272079687
0.16515113145018556,0.49365760730973457,1.7377753840105323,-0.12484354027172084,-0.7878901878031817
-0.10616508312196395,-0.5152499642775421,-1.3427695551722558,0.9291048865194381,-1.2987729816332163
-0.5466301386280026,1.0341581448583173,1.8795453707106515,0.5095922177269632,0.2030742051475691
0.5177839256100644,1.5905120617509556,-0.2970648694140662,-0.2913815005998836,-0.5819919531245601
-0.41217632015635985,-0.11981777824390659,0.27047980313081477,-0.7238358784697055,-0.6262729474907358
1.3807280725330329,0.24036623106008054,1.1748900831399105,-1.518308234224748,-0.023695896890304446
0.7128876187439976,0.32600382716497023,-0.0154696172326577,-0.18139579625384808,0.9530348161259211
-0.04931344891701111,-0.09002458563013162,0.27017300773773234,-0.19594310333682102,-0.0977540977225906
-2.080257374474044,0.8612597156748942,1.5421323250183525,-0.37850060142711195,0.3648030343634944
1.6784231274225927,0.7341623862186728,0.3645538129337323,0.7836512531657139,0.34487801710117644
-0.7327795423132715,-1.0319338025962976,1.1882548191629005,-0.2569496140366973,-1.6522139671515672
1.1462932662606216,0.10651178118550146,-0.8085818715584214,-1.1878441114032978,0.0924179007248603
0.7125963628533563,0.35362309321219076,1.0502772382730283,-0.587072137721126,0.04196225889661561
0.5818815516823229,-0.13724829609539063,0.2633806654448559,-0.5503105102549385,0.5743884112384029
0.4090843982365704,0.6607237175422581,-0.05950842575329472,-0.7265406126998518,0.1882814422764434
0.9010100500921443,-1.1690418781504652,0.008000359184903836,1.8342248145352607,-0.5681801307412089
-0.30801394578827324,0.7312074650832665,1.0764088818213147,-0.6312767038930563,-1.5801121879046314
1.4339211369101978,0.17526115209487186,-1.5964791499490691,-0.6565670947528014,0.7032662545171114
-0.6058882802977283,-0.9070545099532091,-1.4502083012952427,0.4972849695413309,0.1223177159892361
-1.5432689055394906,0.4115928367507123,-0.5004943640857906,1.3525764417729735,0.21723805038984745
-0.9254759639306905,1.084484888241666,0.8679459531724216,-0.7373942383960548,0.22962347239357103
-1.4558144005645381,2.0223424421890246,-0.05625663524822927,2.503013111925049,-0.3512386183316997
0.2870461452539527,-0.23856664687229992,0.09775921680602749,-0.018884351088021566,0.8534380079391053
-1.1237164018685302,-2.2683440427151496,0.3082440951665349,-0.4886800211572453,-1.067618082148983
-0.39485229756156776,-1.1624169960980257,0.6254621244435724,0.4599434844071981,-0.16989053888723424
0.8940817217332453,0.48487520622408414,0.4063260118255308,2.237442437863591,-0.5004573736180078
-0.11841314503831145,-0.42665051849697916,-0.18903526833396034,-0.9355169085211388,-0.6148999958347233
-0.13938507882592732,-0.6253599661933018,-1.0676749869033972,0.3701179731890978,-1.8770695510646975
-1.8718121694344592,0.8216180723252124,-0.7932452763998881,2.675820377603805,-1.3545723893268
0.05746872907283115,1.4117094459656216,-0.023485617240315886,0.8147424080501332,0.3360146486426939
-1.0241043582147618,0.5533930541576116,-0.4634855653986408,-1.2483093171428672,0.9052287369610778
1.7046178806545134,0.09858534303983627,0.8713259700885035,1.2105718425018306,-0.012143639217647993
-2.297544699637674,0.1551283032467461,-1.9206745192766326,-1.280087746298723,1.3367806740365162
-1.857580920369493,-0.27278516688195054,-2.287947130469385,-0.2622108917608844,-0.006453834571631229
1.1715033274064361,0.00480635368410202,0.8212103238489536,0.883274046771474,-1.4427436049392304
-0.8971728636331703,0.37977501801529856,-1.520967957239637,-0.9704497806226837,-0.4003270961535468
1.2055445064105674,0.6874031980991991,-1.527613016052845,-0.20993049923308874,0.677708426858366
-1.3317757639393963,-1.4023565296119203,-2.204757322021133,-1.4943258051026824,0.2164827849087772
-0.24358438222631362,-0.12065810553818182,1.3028234545521042,-0.17142314053211172,-2.2237024101859597
-0.2983728587030362,-0.9561211324001068,0.9479159592817764,-0.1540550555208585,-0.4237196120831721
-1.9001894409459748,-0.16957037832791005,-0.32812069551276474,0.7724884635324306,0.47249761949971036
-0.8611820041006488,-0.33569298690145755,0.9815012164605068,0.498353094409555,-0.5314080171387303
-0.22809941881171442,1.7836488097014622,-1.62052926652254,2.5774601031467843,-0.38573660048202124
-0.15192965432201175,0.9855850430560872,-1.4241468342701264,0.6508564290241431,0.8381555870394586
1.663991445247829,0.9974853725654881,0.22575162157939224,-0.25866521513278984,-0.7077932283714927
-0.07136333439114144,-0.11000581275551438,0.3890704526595561,0.2828539226286159,1.6720196966180152
-1.7786102067673564,-1.3602328149871679,-1.1630655187494805,0.7046153192094925,-1.1944523247008259
1.1331163773725537,-0.2484305970020803,0.7481537000688336,0.5806465193865533,-0.7423448412991259
0.10775470758672664,-1.149120589783125,-0.5421296083973953,0.2861698068360509,-0.4825813476788957
1.7914140485831955,-0.01442698887830772,1.8921523808970693,-1.5078064151786637,-0.12850588007561306
-0.5484405419347822,-0.05338676544874757,-2.0151755455693405,0.10209864442727479,0.315925560937062
1.3404976491593188,-1.0409583725917866,-0.25584235957074775,-0.8372061314134285,-0.23191307071608125
1.095594362652029,-0.16075229807024619,-1.481890450184698,0.40513922509885647,0.5738219193304589
0.23303885364643878,-0.5496300105319301,0.4033086706371932,-0.9965075130647463,-1.5036773418853244
-1.533012178054656,-0.628319262704218,0.23075636533117327,1.0680813708638834,-0.5865081419803583
-2.0228960187676854,-1.4760568617857905,1.8030375279299693,0.22640378603852637,-0.31560836709851264
0.12443894982629598,-1.1558761858331628,-0.21626418912179243,-0.17799531643297042,0.1505990099901242
0.3056073347720196,0.000698129571196225,0.12629304557495044,0.8398291136843582,1.4981844089132237
-0.052861077444369214,-0.33506942428819303,-1.774896001873851,-0.7667745152070724,0.4179498998324552
0.3165306431049515,-0.20262989343386525,1.083572507426468,-0.035311720613419244,-0.15187477957733847
0.5076037807839775,-1.5550015004555873,1.4801524847218952,-1.0399071860209617,-1.2748519848935742
0.639964148946403,0.6570354356324768,1.0593156658053873,2.1125689752175347,0.6452010255679789
-1.401934045296449,1.0439618696453072,1.6974617962395986,0.19626091297831974,0.5465290887465261
0.5039827006263111,1.091194409407495,1.3773347923406327,-0.05499606110513767,0.6873888546189989
-0.2296377375195908,-0.24235366614988332,-0.212568024553502,-1.4425843032295935,0.003929079921248324
-0.8095311889711694,-0.4993837950239389,-0.7767567106865465,1.2114219520804912,2.0761056444695534
-1.2651495785805318,-1.033145563389209,0.8546995349198964,-0.0762766106618428,0.03444113408939365
-0.42967391511314296,-0.6404451525494811,0.40759676244070786,-1.6695037874735168,-0.2037276318407113
-0.561239961974886,-0.5788099310276104,-0.11837167197809134,-0.3421710834370199,0.8709701017596825
-0.08018740084297929,0.6601431065862329,1.2084204300091987,-0.19618053429625337,0.2727052486009248
-0.607061764566625,-1.5751352219633559,0.19978002061037312,0.4122579806109386,0.2972161544241496
-0.5033265975314999,-2.6598587207095843,-0.060027567578187106,1.0648611213355246,0.23282267989116479
-2.26315196364144,-0.3228144317361392,0.03302824481563821,0.01597045586473527,-0.20169409741520453
0.545440964137463,-0.16163867620161623,-0.8010664646741809,-0.550675084694019,0.07664402927528269
-0.38764630768691777,-0.5066072865389105,0.5365960866540213,2.149634401308737,-0.933223338870063
-0.7122845399704744,0.7279672038776044,1.244442366055006,1.8021651879006328,-0.5281046312450173
-1.0522317574127225,-0.16780220217971303,-0.3435223244882387,0.9917336270284012,-2.8563114166268826
0.5596667636612922,-1.320346625524848,0.27530644779574726,0.0994347573393895,0.8456811321743382
0.33235484695357037,0.2635548594939131,1.337017499690457,0.3229920397621743,-0.6847331663333218
0.49849496855267655,-0.13214481880657636,0.4506251672829107,0.5715169420090067,1.6448298100414596
-0.8960171504940625,-0.6759330247916717,0.6023902369554722,1.9083855209556133,-0.3808760035968179
-1.1068298615742715,1.752495160231441,3.577444113334898,-2.0769280326655006,-0.9692898698187175
-1.0475181249641996,-0.1174934657222126,1.1313407116012009,1.27456477292515,0.26932848055637365
-1.8046227007064783,-0.6390551796358911,0.6704505955738677,-1.0338405093786005,-0.8713388278705819
0.2188540524321853,-0.5543866729691387,0.2272313126538285,0.05597966452815441,-0.24183482669991935
-1.7114847989154909,0.2989074534224749,-0.8367659850164237,-0.005895789446372363,-0.18375403020400294
-0.9710469027905646,1.6708617236038277,1.7284969444995582,-0.01949707434697819,1.6309109352693587
-0.6253300393093096,1.0441525556837739,1.0262309978722015,0.5288625648971289,0.3724442867113176
-1.0797797254743922,1.8049591798420757,0.6256378217363853,-0.8011887951174577,-0.23336026680202285
0.5599232184060298,-0.45889743703677593,0.3994623314703906,0.2623045573027902,-0.7836733911850501
-0.10635752929200966,0.025216786069796108,-0.12509798767244068,1.2348338124582767,-0.6002904550365087
1.227680574831851,-1.4273688679892833,-1.532137671596829,0.836978509533523,-0.12913290212154094
0.3378202783715185,-1.1519525590661002,0.6420686629604906,0.9646578917205648,1.927010580443685
0.1736083928608375,-0.4946198669177891,0.8647727836947972,-0.6430873306199926,0.038735031868041725
-0.6490866305571087,0.6844430476745593,-0.2967405137435777,-1.9916175279797872,0.7158951060709938
0.23935077343161162,-1.287479347422924,-0.10421875541618875,0.6593978282241512,-1.4317149288297273
0.3952352848407195,-1.2207492574033871,-1.228539639860286,1.0629206198113392,1.0355362005041684
0.17843190261703534,-0.12754879738957356,-0.5428668799520256,-1.3401138379016266,-0.5756019400550586
0.23041782855106022,0.44580269588586413,1.5840094299274974,-0.06705261291521551,1.7360330549417893
-0.5615435834990989,-0.44902076707397076,0.951762935541983,0.43312487406441413,-0.6354700570050444
-0.43817293043028754,-0.5107646718781944,-1.923000180358075,-0.09789704093449696,-1.95669577659381
-0.5194896215756086,0.018690405056474724,1.285882695190562,-1.0507481366361364,0.2827691276817221
-1.213878518032808,1.1940965005884474,0.7660356212546945,1.7928156875280512,0.08148353699794292
1.249894634057569,0.4504465774055377,-0.2562816716757764,-2.08577788321968,-0.48909261633511353
-1.3313825424999206,-2.0341505143575116,-2.843275165073717,1.0638151789243864,0.3920680391428439
-0.30449159290605976,-0.17928500338704745,0.9055068232689403,-0.6491140452572317,-0.5551543096372359
0.10345473748648684,1.2112701834240556,-0.39957213868698477,-0.06280103589055813,0.290845277148555
1.1905991844703867,0.25228519332849086,0.40373547145994093,1.4008360574292027,-1.1716380728392286
0.10020135678845032,0.5628289030771142,-0.525739280347955,-0.16347112004725362,-0.5429444629453217
1.2280241031162622,0.5851532752837847,-0.62979793105658,0.8816724073985135,1.8610068721904396
0.529491331940136,0.2629269140688349,-0.7363690793992437,-0.08293442001815166,-1.072742524121781
-0.7864046930824595,2.082662958709924,-0.11079095718099378,0.18773085568889028,-0.6991527746165187
-0.43874076421964614,1.107439220218846,0.784866211188551,-0.4297729991916143,-0.8236943821483678
1.7749667976416956,-0.24832819638572098,-1.5661290938331642,-0.889324345891416,-0.5705245478139256
1.655565297230105,0.31038759421469614,0.006611469976820499,0.6513264577097146,0.4814232946445156
-0.27478139364936577,-0.3074946746711526,0.31724437381630777,-1.4453763420954007,-1.3220727951200966
0.8667444551623376,0.6263743010497703,0.3700568076948522,-1.5095234702805347,0.3635253959036919
-1.2284485275819188,1.1662594583492232,0.32651772578501204,0.2897968172662133,-0.10065024067790909
0.5835102396748958,-1.0484287267944272,0.16727613970374808,-0.7552347970125652,1.2839329590720616
0.782426634830116,-2.623409548593283,0.8267866973023864,-0.4038276413948568,-0.5870570590702657
0.3877800382696707,-1.991327417522189,0.33788510015449236,0.21311961150293407,0.09275805131514799
-0.33674280522569155,-0.11611941760475714,0.33567980744680315,0.7862534247658332,-0.4334890698051329
0.4308822118419652,-0.4829999636615598,0.25730820399079757,1.6061486892454744,-0.6669786255420342
1.1119802672636365,-0.25248256479067094,-0.9490755767737596,0.21183296504840457,0.5686177037090705
0.8785510789083257,0.69112458079919,-0.6602549115683433,1.1740350414307963,0.6692855204043783
-0.38742162183597856,-1.027282397365391,0.004261052421919591,-0.6921088777878404,-0.4082615949719274
-0.9993813449874499,-2.883911027759948,0.6592499453755599,1.0245426414556655,1.091011665034528
1.3439880332223655,-0.21908625862249506,-2.3262540989001765,-0.07340788066098088,-0.6220564625270762
0.6829484000741947,-1.000666986901481,1.8377961406793084,0.8780613981359776,-0.5671561397242653
0.657441836937658,0.6759158368445581,0.06528911842619615,0.774939860311133,-2.4074132810866162
-0.8946696229319921,0.9681798974698905,1.2028071806352545,1.4816450442170999,0.31792268847180905
0.3863442025915144,-0.6886314601868264,0.3450130629452222,0.20401166620007596,-1.535497098622674
-0.41461135364835705,-0.46293288450984355,1.192141275364382,0.16241007981134414,-0.8301354719996148
-0.757742196654346,-1.4115012421597193,-0.1192306986903077,-0.8684128446234294,-0.334242704820423
0.14406736976249648,-0.24816945744882557,0.13057526539026912,0.7546116629178906,0.13051008874531733
-1.316430438951581,-1.2486138019149435,1.2994157032348812,-1.7928190883190092,0.03390898863933155
-0.21393250157839316,-0.05820644075029074,-0.3896403084157607,-0.49913502079561234,1.0629397151557494
0.8390370994798841,0.5424333348873364,1.0406913770461554,0.6409568910806307,-1.6790807525253304
0.004748540900314515,-0.0571611755809394,-0.8161416918053236,0.269691489752787,-0.2880276202489811
-0.6667780582881442,-1.013442476443109,-0.9683793141246216,0.5066420875401552,-0.47328067473636154
1.2364140801835903,0.24404857242142902,2.360484943344761,-0.4089493142920963,1.5731928810857339
0.8293440173335476,-0.06922588528925384,1.1168155465508722,-1.5031224393122065,0.9209757802218059
-1.5577205125861862,0.2645346174380469,0.14881541626229403,0.2838808034379392,0.3165902146271711
2.1078545716984887,-0.24756408885628473,-0.6243620150531574,0.5653379122450634,0.25089445580655517
-0.6621983970233336,-1.2720208344964488,1.0114310991932691,1.084370063115851,-0.833070914666004
-1.4370091898925428,-0.730095408710989,-0.3406907627133177,-0.3144443634306807,-2.0516889657540642
0.7597064138453827,0.027515274168823264,0.4706292273423426,-0.0048413724208477725,-1.2646701784644612
-2.3625680224356893,-0.281687827882525,0.2836512218919989,-0.7744342600007059,1.7681516257902112
-0.25216237187168195,-0.5028477529710714,1.8457654699706763,0.030370409248963795,-0.029554027611968327
0.2622089721540912,-0.5141811787018694,0.28063200159942436,0.5235313369295049,-1.1596412148062711
-0.43931406573003595,-0.12333170566634404,-1.391685232857114,0.7411170125792924,0.8347820676563407
-2.8663938360024037,-1.387931801125449,2.5076305948174036,-0.5570125222061545,-0.48442763609629397
-0.36410768471269195,-0.7447235131564696,-1.9860332617854477,-0.7654133623271266,-1.093056424077673
-0.0852102957724197,-0.2784082470590828,-1.0501823165007216,-1.114934420373889,-0.6991996257720042
0.9871823617942759,0.7641349229379811,0.8887368666635281,-0.09225945072828041,-0.4649244947264178
-0.29936447373640024,-0.9018600948366198,2.287817317803085,-0.3975109870675036,-0.7707485645180773
0.5754145819349548,1.5207617015015173,-0.1832453681687609,1.3969324679802972,-1.4830747785665666
0.5645034108238148,-1.8381700229724516,1.3214875740039174,-0.7506077419303987,0.1178143390440811
-0.5045482965300542,0.03763701291413711,-0.6797188734456536,0.23158443522241443,0.9499920483337688
-0.8869813594491907,1.0623772322312552,-0.4224724706954892,-1.0611225186711735,0.2136748708133016
-0.6883076879928457,-1.1693983236340064,-1.5507344974514727,-0.5681557745979202,-0.4788717071838174
0.23826871327817573,-0.025820246587565,0.542823635316204,1.4809323305826914,0.4933662997016555
-0.6986527759173032,0.5314914553583092,0.5465103570593995,0.44635276909508875,0.3569485051019952
-0.5446441448501647,-0.5077340825234422,-0.02986812759032467,0.9613129610348712,-0.29510171751651565
0.40306909509361194,0.6312870100352866,-1.3730676697937414,-2.555230704199816,-0.28452901905149897
1.3368408083773813,1.060806361945848,-0.3550558036393061,-0.6724625156538353,0.13641578059322182
-1.2454005423873904,-0.6213986650205007,0.33537049939412794,-0.2608758178209656,-1.3918024193678766
1.209764025565782,-0.18217112565224605,0.28852638122526875,-1.385495938507432,-0.38857263018211396
-0.11170489860011981,-0.9550108897194903,-0.10963950001710836,0.44558145368959223,0.38930083824151035
-2.2100708861026743,1.383820130842513,-0.9070404873542528,0.47280333478045766,0.7398293667538868
-0.7999366667174799,1.0623323019127,1.5808601370508255,-2.420962370280485,-2.001642489213884
-1.247767047436231,1.7956724371797501,-0.5987542220844772,-0.466364603969186,-0.42130646532624794
-2.0737075414535076,-0.08361124783038708,0.8378359975987624,0.468254203755497,0.2739570695535116
0.27043439693152516,-0.8092646844255679,1.4904758376088698,-0.17789221638541305,-0.4964308724533979
-0.8336347893153774,0.6190225514499803,-1.167712851431991,0.12742445057816446,-1.512746277034697
0.04479139899932703,1.1243299404593552,-0.5623007949252952,0.9150692774280433,-1.3819221311485175
0.05331342290984674,1.1030918771365563,0.9179239070392954,0.07660759403638852,-0.5709324519048384
0.4599841170081904,-0.6671425859135803,0.6349420750273939,0.07803136249154974,0.4465349939678773
0.569211834335708,-0.07549382587857234,-0.6462102338105085,0.501201800920239,-1.5679172009077733
-0.16578830782600848,0.3949692820279134,-0.6457279363761907,0.2637317109782515,1.5897732066359718
0.33820081123148943,-0.9057150325722212,0.30542918841266803,-0.5307002080647124,-0.5428859959286282
1.6092366644139677,1.0482439857376014,-0.4563278325576716,-0.23650011104172028,0.7938838373955723
2.15137341220552,-0.2907266818141991,1.6248454385342572,-0.38646663957201793,0.26159252289952395
0.15698487090319907,0.06259865026986686,-0.4329309318713618,-1.0906111798137994,-0.5425529871187482
0.2438126626919498,1.291944326915764,-0.5516876079706382,0.5406726202047446,-1.4255433973261065
-0.030160101735206644,-0.1956176906842908,0.5055849508895002,-0.9995740361397488,-1.4612930311447037
1.462650459887747,0.5102670828971932,-0.7630165716639454,-0.1562522035563397,-0.08044826899756914
-0.6491357129070853,1.6627261830938567,0.3318927755929634,-1.0034916471890811,-0.17560611588341313
-1.147885878766717,-1.1728327358020254,-0.31572073124769867,-0.5735305287167073,-1.0836068889033237
-0.9236348883097976,0.11100215228241334,0.6468389138172257,-0.03622885341064153,-0.9664425365510775
2.5266074325234955,-0.044560817819566466,-0.400501787673919,0.0037604538056918964,1.8422062467659002
0.681860491184169,0.4270727344712705,1.0545759011928681,0.46379419158326085,0.023610079596058722
1.1320699207250926,-0.1586759926323054,0.7702231136976916,-1.0398566300789962,-0.42689688516700725
1.1321184771324666,0.5492384948694486,-1.6484181802962077,-0.17017702503518842,-0.23834585170566377
-1.033740642812815,0.25732617494360693,1.1446674321468413,1.9085350895787534,0.42712699590298664
-1.0655080976199496,-0.044858878548792294,1.0278855860732425,-0.5973530871848295,1.0406220948857832
-0.09100035175738373,0.9382248327365775,0.08888557791471562,-0.06276958082898314,-0.12786694439860627
-0.5451270510332362,-0.8935393428890105,-0.14530909903766506,3.0513034271478126,2.4940858285921403
-0.05858290244870003,0.37644239988422823,-0.11486989040253057,1.322205846558438,-0.8430276839768894
0.48097430110349276,0.6050166248592036,0.010193306101586747,-0.7554525827141007,-0.5992328512379529
-0.9441017470486603,-0.1518270754201423,0.45001312424890944,-0.4503183458071985,1.3952312985268076
-0.6376265715821298,-1.6440243385763846,0.6571202575276134,0.9235047342683245,-1.0051976996139065
1.2978711237767024,-0.2537237514621167,-0.9022476634932878,-0.7592004467186645,1.0943219398552353
-1.1440080463544222,-0.5973200821132574,1.1800220110553092,1.0948576747026963,-0.3955190369360164
0.30607587591293695,0.5762638521818844,-1.6056777087631182,0.6353002495393663,-0.24247921456887128
0.22927807105215703,0.38566069355244664,0.6983914773760062,1.085669121298441,-1.692202656970121
0.5487403854331037,-0.03474459238278324,0.44474075219704534,-1.0318117268818119,0.6575724486371427
-2.03146351219763,-0.8803896965541185,-1.0857304254681635,0.28516190420273546,-1.0731567781820663
1.0090318087317256,0.6188930327314203,1.8139261835497467,0.1578243513003844,-0.03011928688608304
-0.5945921860451967,-0.29218671369360005,-2.279518150273569,-2.421914357706734,2.0444250820619927
0.31277648071762637,-0.650828494455335,-0.0063411322523734635,0.20970757381517127,-1.430289399968818
-0.5958718509611625,0.43508869009632223,-0.6395947773774887,2.841285697844861,0.009536705360460807
0.04134824791031294,-0.21995072948921993,-0.27965658693694456,0.873382414317754,0.386087108233019
-0.7692325639101115,0.21319826325241772,0.8161620582681015,-1.2393598914935737,-1.4045466496117422
-0.8281701463775512,0.681735168425156,1.7118311948786298,0.3190151719630668,-0.026907921099029307
-1.7423071748779155,0.5112758815596817,0.11805892298901204,1.5622175928863409,-1.1890017070887036
0.2352162992734257,1.1200375255359676,-0.7345289123952519,-2.306282833933751,-1.323516100664758
-1.3688150555805072,1.062056410731184,1.3229758072765432,-0.11454537121681564,-1.0025983575794057
-0.8075191212701063,-0.7960619543524056,0.08021346510535379,-0.6955266737251957,0.762020253641598
-1.3629682554511078,-0.06779684985307731,0.6386144882851521,0.03116481132405936,-0.3248450967620879
-0.7696936331394557,0.4472128982063201,0.8181433380159029,0.3098127229095201,-0.8944824815770028
-0.46042449095314486,-1.6805625155555448,1.1096388982058591,0.08640797737156063,-0.7691326200532399
-0.5253715211804729,1.8025294015523374,0.4807085930605278,1.0593406324664918,0.45678596625677154
-2.304971217192448,0.47825896925665823,2.204626341957896,1.0927408442854933,1.1881234359832724
-0.009738565272383943,-0.6281589927581585,-1.7494680429224387,0.6747773127003894,0.4305559024917151
0.2828932256587373,-0.6083374623996263,0.2080913546739176,0.69173043329175,-0.602769955704797
1.1701876262041555,-0.12813978820227076,1.4629494202849316,-0.055477307686463764,1.1902733873919449
-1.1108414654254906,0.43888189353619916,-0.09955811661665842,2.2787503119014496,0.8224337073566459
0.5993444610190806,-0.921502171869894,-1.4471763730955707,-0.9343744694920894,-0.6915168726596356
2.136838342335769,-0.27189887996824424,0.5618634060869169,1.0393374619303979,-0.16836099854626527
-0.4942096228684217,-0.8026374903096067,0.06859602751611397,-0.26049845269471866,-0.40336932023239275
-0.3812286030517403,1.2491429879458438,-0.23022666321230875,-1.078599314209357,0.44677526583728555
-1.000245230631129,0.49157003683203965,0.7801172948103715,-0.3993725014439093,1.3422251469007263
-0.10984481007824091,-1.2863161310283109,-1.0711799353073812,0.016773780316407666,-0.7258260311813259
0.187523425967728,0.0029220884070796952,-0.028378239251834227,1.059432830816439,-1.1150657013770395
-0.9957481898664925,0.9143531746334808,-1.1887608443427176,0.14493074128916575,-0.1528699493321506
1.9331744741447203,0.7372983114055497,0.46590301695296643,0.028024472547050115,0.05916211747003817
1.1034372223704845,-2.3359246964106672,-2.396412738340586,-0.2069044754813962,-1.7665583034187569
-0.6580570451510015,-1.0657861011644718,-0.4649107281077794,1.2258155436620495,-1.2042603784029904
0.5463062707985952,-0.2166928508472342,0.13712250378309093,0.20258748458461084,-0.244930427842148
0.1539997849367587,0.2851717877306298,-0.2895913223694034,-0.13016209097012138,-1.4146071790110666
-1.432905810582655,-0.45773619499678353,-0.3230875957715018,0.11006610324065604,-0.5759805892772757
0.6796451227422958,-0.41686122864922587,-0.6974706188340227,-0.237449234712366,-0.2979875713954446
-0.23925472703823977,-0.26125959987161285,-2.3532506682989744,-0.8149618495320324,0.047879678489246714
-0.2957144014844467,-0.15439838919099635,0.010020611633061588,-1.5451877553391622,1.6594520114761713
-0.030019533157915952,-1.1283451510814737,0.5094283773200544,-1.025670463921121,1.7454244326673145
-1.892857009287123,-1.4445737286464742,-0.1562237278819086,-1.1100227144716794,1.1049257788625075
-0.5597280568490394,-0.2919865869790813,-0.9384091676886307,1.2811478168137962,1.6312585415981347
-1.195497570257381,-1.2849581221720232,-0.34571293797453,0.438891276603325,-0.7890699809989551
0.01752464792008625,-0.4873875471714047,0.7412704665553153,0.6733020869112605,-2.205942621191679
0.4194515608279108,-1.584690637701841,0.3053687902079041,-0.8647537600235202,-0.6323364647654943
0.07261159824162951,1.5610156904535297,-1.1511729981877887,-0.3730588037353676,-1.1403459704487164
-2.3921674042773624,-1.1222455289470823,-1.0653280776589804,-0.28994515612063454,1.4390332620366832
1.307365744841163,0.721077165412345,-1.180587288968843,1.0412784029969087,0.713065119578647
-0.4992525286341028,-1.0828540695565274,-0.8215599127753017,1.6846767794923176,0.29827028946624096
0.029228674501508796,1.388240452599301,0.43749351065125797,-0.028497858419878216,-0.11223134069532606
-1.9699565892251691,1.8042065927325182,0.6798786207169992,-0.33783144212998945,1.136836550531663
0.13342948798564405,0.013945090947533944,0.2583464679308084,0.5220238135811753,0.4751996993243383
-0.4679838125346735,0.1102993467880362,-1.5723801446572028,-0.4697155066974294,-0.1687869969978042
-0.6339982218514791,-0.9588235013311813,-1.2076856392844135,-2.4439622446240254,0.7796404458683951
0.8995035983367694,-2.078860333637745,-0.411011485427625,1.3398215995405867,0.9193806602554278
-0.018320629774729303,-0.5135379625898507,-0.4636574574703966,0.7044219914515416,-1.090556622802827
0.6415793312268195,0.36935448592893516,0.2473831637039635,-0.40643415895582524,1.0206047202385924
0.47912866300246687,-1.5932193195878979,-0.2520619913768786,-0.6266191786177219,0.18169110744532554
-0.9310145117854012,0.8248753574344522,0.8432727959499701,0.6055552748105903,0.10544958809814792
-0.6816490703558516,0.6484049285070872,-0.6888250307104141,-1.6050008541132745,-0.11656512778159524
1.136781655972422,0.7111186849234576,-0.7211700958579029,-0.4399188709451891,0.38297408711387587
0.2539561945479834,0.3845509054855413,0.7724692722366451,0.283489293022161,-0.615612272953547
0.2399667948773503,-0.019170523154536902,-0.08236799371702082,0.6832066397798209,-2.063342589636253
1.3052415488922728,0.37352406039360164,-1.917395724590747,-1.76140593924303,-0.362645082648519
0.22460771310901873,-1.8898440912432015,0.3311366589243348,1.9865712258591597,-0.23385414182911074
-0.2922652854979596,1.8570379094565581,0.35704978400450227,-0.9036520738006569,-0.03437927952258954
1.771510424407081,1.8570426411803493,1.9742152945123375,0.7813188751038963,-0.3637266299767125
-0.8791617392608927,1.3615094864731279,-0.5118682736663971,-0.3784080673540136,-0.24707597981406076
0.9081583602523939,0.2957531965511522,-0.7789951101108364,0.2677614011169976,1.9991924365747276
0.1642289511359566,-0.5743195454711005,0.04095641843979977,0.49115014430755205,1.2648997466926728
0.5064390210811743,-0.5833939715475638,0.8894939676602746,0.9914994893867306,-1.1077661271176564
-0.8109299069199688,1.0888697453979739,-0.5231831538268024,-0.02492745714533787,0.3533777767954146
0.8611722038943502,0.7827684721797352,-0.22321927175387998,-0.9102591958735774,1.570478122083566
0.04514867036247994,1.3216093541902312,-1.2316500107350115,0.6301124951184037,0.9247585456569637
-1.2740497647563482,-0.5387146410765776,-0.9480859274758474,-0.19372804115045114,0.23642371363187736
-0.7133937498247052,-0.5274972907432628,-1.0050815758233043,0.8584494886230509,-0.07915404395261906
0.20967293683435076,0.8110543268449194,-0.9332519853438198,-0.6519419812546666,-0.8087188961191101
-0.47492022105144555,-1.5792701816874304,1.4503552149522394,1.218163143673922,0.9359844953766183
0.7153383789522273,-0.3877429101733345,0.23643136793790714,-1.5220499669471672,1.1306593458335916
-0.36769416722161946,-0.6476457392959982,0.8612666915334508,1.0815965556231868,1.2283512938176435
0.39395301098563373,0.5263653467962596,-1.0494962412299769,1.3979151725326384,0.1058324804260292
-0.7764569533974427,0.7848773088644024,2.0612753279703173,0.0341750046740381,0.17197828773089716
0.8930645580261811,-0.504246822142166,-3.3473049400234385,0.5849816322994297,-0.37812352164204593
0.36214886685717473,-0.4811000094116972,0.1812518808369864,-1.0537002235112314,-0.7267417820628216
1.1277090066890578,0.1538648784374769,0.6390745158686597,-0.16677863876182436,-0.5042008119372947
-0.6601264792257037,0.1439386348709019,-1.4202780632241887,-1.5410766083874827,-0.0838364377538829
0.30017471898386927,-0.8203433904692565,0.512272181097158,-0.7203070488311686,-1.2049532941471628
0.5779512956761768,1.1267112045164165,-0.8488078662854026,0.45466624657973614,-1.5257515793678986
0.8488356893524872,-0.884180164124087,-0.01689504861108853,-1.265040862678448,0.5810454940737279
-0.39595326513042944,0.44097238576303577,0.15605242366891747,1.137769225024081,3.1236177415716573
-0.8118821682769445,1.6458306049812148,-0.8753154030177123,2.0757656410709173,-0.8760075902796973
0.5829184087699174,0.19856877643983972,-1.1518006622464638,1.5076315252220507,0.020908157761526526
-0.030021474550073556,0.7076581167399463,-1.4390873344973851,0.3549986133374632,-0.3045278559133425
2.0089921324190834,0.24448841030332777,-0.45505171789316573,-0.7681263006689381,1.091833951696973
-2.562201970524879,-1.0751959282635166,-0.4056707107375946,-0.8946597220478503,-0.866631326365305
-0.44899695291258473,-0.2069337125249211,1.6773508383707079,0.8859681846339966,0.43600761255844633
0.35644697648212137,-1.2678241610244518,0.4938027615581415,-1.1750680462673333,-0.13383726820919006
1.6016477857487614,-0.06553589547235027,-0.6627187098664141,-0.5469358112713804,-0.3085961199035711
1.6337486332060622,-0.5845089526531636,1.4471956220519453,-0.24687369679756377,0.4966465462932593
-1.0623713287279817,-1.2053662144953659,0.9725081285114976,-0.058238481276892816,-0.35594132666693884
-1.3285525766052249,-0.06492898818386236,-0.07814867779744623,0.35915814366184573,-0.3211354252664288
1.5375455746865188,0.4559362252050185,-1.6088651582704332,1.5680792393550518,0.5693224034756816
1.7512889148617057,-0.8589060777082028,-1.23341745712856,0.97259145385179,-1.9811808787174368
-0.6863512946605215,0.39868413694830657,1.174295973598729,-0.5355979233802973,-1.103703434081129
0.21316329869999093,0.5043547517691325,0.415532198313473,-0.12883956703008934,-0.8517576664115166
-0.8601390763365333,1.294870876803845,0.6848810165429379,-0.4396038321902175,-0.7826717519697856
0.2859565517945493,-0.786737383923018,-1.5238093828288448,-0.21177175510023283,0.5708735693504394
-0.08632787776531436,-1.2631153238761266,-0.6455261338655288,4.286979586056701,0.6996997215357342
0.6444753257079427,-0.5051357029254068,0.340388355859968,0.4621012388212454,0.13817949270103677
-0.3203504524718234,-0.22184430411553405,-0.23386653256781695,-0.04219017928372804,-0.9891321881044696
-0.38825925401010813,-0.7088985579895605,-1.1967886291426817,1.8846512432041147,0.900069706518225
-0.9503916978416551,-0.25801611971877725,1.9972430916450834,0.14610020020576853,-0.2795107568379832
0.28477545964806744,0.49269826549287093,-0.931735434129659,-0.589978374977577,-1.9675431957372849
-0.1005724869236208,-1.2660016385235906,0.9253794172521249,0.7402221780966534,-0.9371193618894161
-1.2390514716182026,1.6644136123372388,1.4457048297325772,0.057829761209882896,0.428439602848761
0.31893074864380344,0.15799403470946372,-0.868413573772536,-0.11272036283928712,0.2874902085975873
-0.5202174213378702,1.6069455602589082,1.1248219006936775,-0.16834744391702497,-0.9522952380876275
-0.8111858794695029,-0.9390272656485863,-0.5210500498215939,1.5253556024703188,-1.3255936632495635
0.21181279917311346,-1.363804668553936,1.0676759029181995,-0.6957881606589659,1.365615101383102
-0.4303197592612246,-0.012803612646741932,-0.06527726756530416,1.1893564604071993,1.5486908696185075
0.8955225561250866,-0.4302541111940049,-0.20655087445516884,-1.2310048263072955,0.06698317787884209
0.3382949109430367,1.6289329538016817,-0.40922084995057556,0.40501121521399314,-0.2516229094652247
0.9447674937501437,0.5898916473221402,0.5325813916395783,0.4699556617307728,0.39898734413796666
0.36804878480737624,-0.21229338962466726,-0.12314089188470848,0.07078338465314925,-0.4763275987327459
0.19903537600486465,0.12370678731155257,1.637037508330313,-0.4767948711795056,-0.06284696487522311
0.004635860624891587,1.739218901225745,1.0505127441996485,0.17987607165396774,1.0478730155248368
-0.30533148807696137,-0.8748989240713045,-0.33421758135329993,-1.669535477124728,0.300929771326965
0.23657240535527144,0.26425971200876974,0.3420519127644114,0.7438063921561692,0.3794986331041974
2.7290014072769195,1.14500536100368,-0.36050997507820237,1.3875605413015553,-0.9106085213436201
-0.5762292787661991,-1.0746056919183593,0.28784014730104635,0.5876543367748726,-0.9426750201293934
-2.6763698835129976,-1.0366607202839022,-0.18001793448694292,-0.3954643676166547,-0.901097979071957
1.0049260528801398,-0.590388999044771,-1.9364526404670215,1.364281749936703,-0.07303359791584182
-0.676264578606627,0.3282163725618104,-1.0773174779987225,0.2945041000981456,-0.28218875034026963
-1.8674845984066673,-1.8453412826771376,-0.7195399339568003,1.16475154401383,-0.10587148090317484
-1.1060169079072066,0.010752662966090055,-0.8466517403066255,2.0626216125359327,-0.35516066531375
-0.4329631911490062,1.3233234640832492,-3.366957955064665,-0.3186595366444402,0.9586448157516321
0.05850873866394531,0.28965912604749827,0.4981040420193835,0.7508094070748971,1.6475171195160139
-0.8311355463772626,-0.7659438489113617,0.008164539704722185,-0.20439624790046412,-0.703420245861948
-0.7518417653222002,1.7752045649687305,0.1096833283078633,0.24566218171001497,0.7308244637303096
-0.379407237766617,0.8254272089885786,1.7418612766303367,0.37255703234345755,-0.33541043911884527
0.05291779751444398,1.088912196955918,0.817243730521458,0.26149276056029147,0.8484914629300158
-0.8932651089187033,0.3223210497897012,1.7507000458962618,0.46432499837626323,0.5854686676546831
-0.3170519098573618,-0.17274636081012681,0.18877925641216461,1.401248365285209,2.3899219628727018
-0.6320713998105429,0.3644364821757351,1.163218724785363,0.6873798433451044,1.9415559958697073
1.7913578967915074,0.04844428649171637,-0.22671842274915663,-1.354714478976481,1.5962255354624313
-0.23507997177397486,-0.7653135021724995,-2.6125094666254993,1.3118939400759007,-0.6298082880720615
0.49364657368664605,-0.3930062310953179,1.5917742498255054,0.2846283447171652,-1.5174534605757886
0.7734992255149332,0.24364352104022058,0.5493214264495047,0.27843665459994243,-0.5075478618229278
0.22523559573337992,-1.059750487872201,-1.855484423363148,-1.7893787248196518,-0.8179369088508962
-1.635344922321866,-0.2631653752950268,1.6445530968376805,1.4108140955371526,1.4501856405451425
0.35026120691256646,-1.109445822802615,-1.0453452909676773,2.3601705604136742,-1.3657601530194998
0.3198914603773748,0.36658427546514266,1.8968646168074297,-0.4607897737309309,-0.6193595777730158
-0.34044273848854417,-0.794326116009919,-1.9602441519971592,0.013470972000068512,0.5409740466622901
1.820151988263678,-0.17390801303270115,1.4616005961641638,0.2756748581467871,0.39477983623092183
0.24120403314345132,1.0704091803911107,-0.008045915603342038,0.7371399534872918,0.19679665084842551
-0.036819911093839613,1.4369211873194931,-1.5838229542803512,0.20935662977756708,1.6667789429208242
0.5755423330961529,-0.6894074740430717,-0.8221842957535548,-0.5225757762982737,0.032193939644643496
0.04577767665910868,-0.3509481366003906,1.108958978490797,-0.2645928595876013,0.6061576037075971
0.32235541646446947,-0.48545480601313534,1.0166490955264078,1.6568421094704648,-0.4094074219388855
0.91175868972174,0.20448900226200933,-0.41341593274523963,1.3585518637133756,-0.14165230962465852
0.0825619562525164,-0.8883116966733594,-0.01331495495110343,-0.18673295975537293,1.133673083133255
0.04901080442348266,-1.1836542153733427,1.2911818891845677,1.3233499263118944,-0.5862958199837742
0.41630246255849596,-0.5625540131835768,-1.1380700301294815,-0.2441004716060921,0.11465781360774047
0.18214099068766146,-0.8943223035558343,0.71472001244477,1.4010786675306617,-1.19421910001999
0.9552832870129023,1.6895830272095016,1.1885771029741372,-0.9054811035446532,-0.06243248979855384
-0.09456384224886713,1.1193070863833179,-0.3230885903123847,-1.681609955357249,-1.2410204489122745
0.13905781978253728,1.5686291633403233,-0.40512396176542187,1.3937108370085753,0.21144362781482287
-0.11038545389394865,-0.46582145196199837,-1.498974600814833,-1.4746394938072238,-1.8534518381756826
-1.0326470660218856,0.6395268460052801,1.132678338123543,-0.5961861541635617,-0.6076742111027438
-1.681612317747304,-0.12676486283786137,-0.8000545234473618,0.48734135698615766,0.36052461544793923
-0.2094742267241511,0.5907986370223487,0.1488048379065079,0.19303171710738565,0.42523306374897824
-0.48266949049725477,-0.028731813371703524,-0.2695258365458117,0.946341842449146,0.34327830872717585
-0.5108155064405917,-0.38088613107739483,-1.0858713416452868,0.4476684617281789,-1.0144910348721867
-0.400434935305806,0.4155014538761528,0.5993406850041315,-2.825058309575911,0.7286417820488764
