-0.13342658695310058,0.8882420833312378,0.25846297970997395,-1.1173989625276832,1.2108793520123515,0.557840600633021,-0.40147382963476197,-0.7301544844648933,-0.6028982453176536,0.27632874887179654,-1.2401831844709383
0.5713457843425244,0.2560774249426841,-0.8921905279042929,1.1518363692932323,-0.08370084201064153,2.306679925759929,-0.15354517874312104,1.4108910356865236,-0.3485408720284026,-0.40856525644207936,1.357217042181725
-0.32387837863572455,-0.1664512987014106,-0.46029322499207426,1.123728526728459,0.128604623576453,0.15183302427936263,0.16845119786260704,0.20215632701786238,0.41641187465373486,-1.255159609823178,-1.3364053605584185
0.026245091052340346,0.1985862841395387,0.49816072585206367,-1.073301391321741,0.1469388694701793,-0.5810996431904497,-0.3690974885551217,-1.5755923807122665,0.6440334508552257,-0.3103479074330276,1.205057573729109
0.701923268694842,0.13804127908518013,-0.3175537924256694,1.9258278647191698,-0.6295632495201559,2.213028786387167,-0.28390739789499614,-0.9422191901785679,-1.0933664954298745,1.3287943073248036,-3.1247286849866613
-0.5487807126790823,0.3367507169949234,0.00736312318299421,0.8012190962052254,-0.26550516933434276,0.9402902202004862,-0.661101294478456,0.5198787244820481,-1.2290285123201143,-0.8135396593770962,0.41720028705262024
0.3934672123302293,0.13840006376612035,-0.6750162308169819,0.13970288434800568,-0.2758992690049034,-0.6775209601592244,-1.9407077812669344,0.8002903499745486,-0.09619395127346007,0.033218748366028554,0.010002246851851603
0.5626618828042831,-1.5461074601290774,-0.14305698471248168,2.3325522323745855,0.12636602351817908,0.8218685819027719,0.34768837495384386,0.5418396575686151,0.3497943256389527,-0.10796480903401724,-1.0075130855457215
-0.335088716523047,-0.3417030151980627,-0.9677035973605126,1.9207034691549483,-1.3488191261062514,-0.7051994982591054,-1.4288260073101373,-0.751541230067061,0.12333870212225198,-1.1067236977836397,-0.5415022764881409
0.8512835784721396,2.7986037776297814,0.9007354899035701,-0.34433558798025904,1.6277072430571002,0.4303430846123757,1.5035754836026898,0.825776354040778,0.3123960079218027,-0.7429258575884402,0.9560599677007188
0.7388351732587553,-0.5434836459685057,0.39688651946950354,0.27081249966243365,-0.4693017012274425,-1.2580315102362964,-0.44919254613027665,-1.0464347507744958,-0.1026270333874312,0.6502113256815995,1.7191500018417396
-0.3616208822881396,-1.6975548261004503,-0.18884913163695116,1.4821291231420046,0.7306215080427121,-0.18879125550731557,-0.030153665429463926,-0.18607768746239886,-0.5481311289722692,1.7819035722758139,-0.7227610757296686
-1.1454948862099485,0.4586536953217418,0.8924328841267133,-1.9803652024871352,0.757474374081937,-1.8890937710907274,1.4880058676205148,1.679719828266118,0.19627796292916733,1.300909953575857,-0.6193622776626564
0.1284987123212719,1.4483637734840493,-2.0751814384411302,0.6806564397191347,0.15126694397594667,1.1848931851467654,-1.3756857079056013,-0.38112845004415646,1.3563848411005937,-0.1915561584510984,-1.8123947488424101
-1.5351480632114622,0.1598976922492421,0.8563588323547544,-0.9121437199498982,2.5303386908656615,1.2526439081124765,1.1969728223344882,-0.2103863372699551,-1.1924742403431097,-0.804304444585109,0.05078771995117658
-0.1517636227083597,1.8469618326734765,0.5846924785975648,0.05433919071896095,0.8318443056338124,1.486379093585923,0.3506711742496576,0.9427742512990157,-0.4014345854240147,0.2978174249788382,-0.11538548280724441
0.9784325335770747,-2.2455605708460133,-1.0039513676269225,0.3975120735332485,0.5096152479372877,-0.4509177312433926,1.0406834114442278,-1.7184131660165092,-0.8067725625084293,-0.33466162598200844,-0.3186434238787737
0.04910307219623094,0.06875061757293559,0.03241930893684089,1.2246246573688628,-1.6369126400005345,-0.11279668049823924,0.029643128209227727,-1.3393185782332773,0.4438791440115118,-1.5669221854601245,0.7058170157484591
0.8345151245704987,-0.13673498830014147,0.8270063085812651,2.623741886040912,-1.1500338634278122,-0.4263512883332976,0.021287621494375027,-0.013010838484910027,-2.0464031173896,0.19443363719751738,1.5094568452022583
0.28107850671820267,1.064055860549228,0.03553535915066863,0.6350772889592635,0.5285079225758327,-0.612205793840894,1.3633357223856006,1.1788784893133066,1.2176961906958255,-0.24888353647189854,0.9487757857138254
-0.2623302641028545,-0.4494153311838353,0.06649693232056668,-0.8422572838492192,-0.8988397123813863,0.4105021849205218,-1.5379978491613011,-0.8481041927622879,-0.290254268468777,-0.710688200844503,-1.0267057303297096
-0.6990710104609823,-0.6684627966645261,2.153945367775962,0.9007782696568631,0.20330585063183787,-0.9348174782528339,-0.1075256507282459,2.12567482604946,0.5149417642751193,0.23788554812519364,1.3998741365428133
-1.0684439639955166,-0.5000155102025571,-0.8786813685791158,-1.8403244418849105,-0.2062804999410392,-0.5719657566039189,-1.0851478673817019,0.9894201063984112,0.16340001145657435,-0.3379499396420898,-0.8833411139819075
0.25088045911223716,0.8735963610256698,0.868793534629177,0.28432838233834784,-3.1685992689584115,1.1661108937418327,-0.917858218716315,2.1915492148038926,-1.1902697675103326,0.15949822434922778,-1.9124838079480277
0.7095844986760615,-0.5598836592280869,-2.463527744478677,-0.567023485936442,-0.9710797307699736,0.329414073005637,0.15021872881812556,3.035073475129073,0.6740683661692565,-0.39206207610535493,0.42349773405338875
1.483291570512392,0.030715682900879893,1.4884442282196468,0.24105127901145965,-1.4846830659223036,-0.049282393780909574,0.885058591343715,0.5315364847359828,0.04300858212009852,0.7774713347910629,0.9612305071957552
1.8088133090672152,-0.6356515441321413,0.35721222919463613,-1.109123583018488,0.028466234872696918,-0.05282543708461855,0.7002627577696786,0.4927894766566774,1.1989533441706883,1.4629091657356486,1.0164157098695594
0.5225218534477426,1.8346356684242344,0.3792058884186912,-0.7007920257687696,0.879978954278979,-0.14893340973609626,-1.6072929133936067,0.953293911495219,1.2585876359685748,0.044744024466055465,-0.10347532264641274
-0.4436631842260207,-1.2778164362687396,1.487018354021406,0.5064831876252234,0.9095624649022699,-0.8105353702093671,0.13988097186356233,0.5364005217985321,0.7057248434096852,0.3839503106906288,-0.040188518899160926
-0.896153164016833,-1.7978787766212283,0.6901156620295007,-0.8584911510399722,0.9713359025962256,-2.0519264240172794,0.15337805430598503,-0.5010790600789387,0.7758456786837299,0.48300503327199285,-0.29281637685628065
1.3846307753571803,-0.6178297443540359,0.3187057221751476,1.6347296280331312,0.2935251838534832,1.417845452286852,1.3631217752934892,0.06495542895036252,1.061313135638581,-1.4659329144826632,-0.39757149357032096
0.16673203317747937,0.6238448451090776,-2.3949106319600175,0.9791713095067731,-0.49479513549605997,-0.4943520895444576,0.7937775975414113,0.7274261068175402,-0.285050309923023,-0.718430007365936,-1.727213873277791
-0.4958599720798597,-0.988227215670297,-0.149278749428782,0.6112192446025262,0.7799780083049717,1.7404972865745854,0.020511355165079945,0.1398439997558988,0.3270251371788906,0.43584284821386693,-1.7089265420013786
1.8070005223946555,-1.6738310939245415,0.6914501402894663,0.9265075958149679,1.0165842077412002,-0.8900066477556106,0.23749040259509122,2.638205560594362,1.5322296690312314,0.5274627843166716,1.0251502265813912
1.5965666932110614,0.03651563073219844,0.8327046246509685,0.054232706280865677,1.2553965951437014,1.0006043303797352,-0.330704525919212,-0.8781908670387564,0.22889279366502774,0.856423213680277,-0.3088841313205033
-0.5255619477498822,0.6627402430326871,1.3736353488224364,0.11378663567455885,1.2083625311703277,-0.06306185860309751,-0.7797293852139799,0.98787863666045,-0.29657724339883035,-0.16800436029158497,0.07942249845512889
0.6610418670641591,0.765012907607705,0.8432928486244453,-0.5230368627149101,0.5892876433042907,-1.0852589920433964,-1.1250918322702328,-0.9458811073095438,0.9838883336827876,0.9054446839407249,0.6116656013486034
-0.9092307042432107,0.0648100518492309,-0.4304856558719454,-0.6016202439421933,1.036133172039493,0.5017255354048052,1.2158074579007094,0.1714155387373866,0.07466451281003823,-0.7211522280514483,0.3545271371724776
-0.286520301474992,0.9199668129485277,-0.9862934050337205,-1.1288901393110793,0.5273072231155593,0.20023965589436568,-0.28041321884448506,0.405110346280628,-0.9215682306114746,-0.7906413776390736,1.4296764407640659
-2.974595755392018,0.6090767260275134,1.7140074419325084,0.4118771700839247,-0.697116045641497,0.22378205542565682,-0.5651072514188783,0.2527354513308051,1.9497753136500626,-0.5151076883798401,-0.31139219979335875
1.6082808175121057,-0.8637915929908674,-0.10758180360844347,0.1957518345971883,0.39503351445697626,0.42696346189075735,-0.2737858100156402,-1.1250577763858538,1.1105514006371657,1.1202477230112189,1.9828186623119937
1.7830436584992206,-0.46836541926553144,-0.25810096045402403,-0.5057401053771571,-0.37648312509953935,0.012648675149719141,1.1236168725849893,-0.29544490639567816,-0.7159471004627341,1.2705661403776505,-0.14229690048267377
-0.03461626753515052,-0.020516531106680114,-0.754700450317632,-1.497821361680587,-1.0351760166706192,1.2008685836413098,-0.585600854790517,0.348633552611546,-0.47792106239526877,-1.3969811259203282,-0.15932726429012892
0.6722572923910051,-0.22264886492766164,0.6200436350325617,0.2351409276667012,-0.20131752480149573,-0.08569049131413167,0.3911249085511495,1.028916927170157,-0.6887204678711972,-0.05411720408389916,0.21272036307059616
0.966879188918937,0.790313144114114,0.8313011914511295,0.07604409294203048,0.8432682400613677,1.92621484392542,0.9502240960881142,-0.3199821820533455,-1.2420207879245937,0.34371194182456294,0.9071383516120337
0.272216486530077,-0.5830169444163925,0.9217378340416087,0.6263953840687272,0.8548574129215041,0.5793940485303577,0.1571760860166532,0.1261775266795412,1.2975996102199157,1.3072041369271212,1.792239724723301
-0.5001199629808596,-0.7531550734874995,0.16710627143672357,-0.16833870393766423,0.1762710799230323,-0.40182932837086854,-1.3864996787961348,0.2965190166221228,0.6424925429072814,0.9411937187087509,0.41099774183876553
1.868096115570557,-2.406078850599471,-1.0260070676171305,-1.5436924902768918,-0.08033539724832846,0.9344554286254186,-0.9148810514290395,1.406140676668612,-0.021087583610137645,-0.22426674271320643,1.0415498282561466
-0.06858966838977243,-0.7800229493919003,-1.063869518911586,-0.021052285709197344,0.7073610919702182,0.035346936890219095,0.5025486232753826,0.058480129585331685,-2.193163376768185,0.1963744176419292,0.9499843591214019
-0.790141195196901,0.9829238543127236,-1.1484603409194665,-1.7116420889145991,0.0412946502104459,0.7049315638013687,0.6242008372387886,0.012437335965567618,0.4746251140553638,-0.263638327525317,0.375385045229814
1.2116084299360041,-1.3089486044715601,0.6636369489457952,0.029228154173258483,-0.009620348004824742,0.17241440260869645,0.4331646787910205,0.19613326998407501,0.6922123100243901,-0.013962867590095632,-0.21335151451850565
-0.9467104702590515,-0.28030953904038663,1.2873435024167244,1.1677288091552442,-0.43901811823039,-1.6975283624735664,-0.15764689255434847,0.054779949274983065,-0.7681132570448916,-0.7009840042585611,-0.46857153470370894
-1.887701493296431,-0.820317754044337,0.26295031443047556,-0.5440382662866835,1.3374282768696732,-1.2049221988654641,-0.7547312295316371,0.42535093578321803,-0.31435231806479685,-0.2706812995544078,-0.6147259976626458
-0.2290280780069036,-1.3525528580815398,0.6835042705502952,0.7031406061809272,0.3467358158808074,-0.16186420791571227,-1.0693854335958177,1.2063781719651974,-2.1854368986037542,0.28762348013391026,1.861587199893667
-0.3400682848908045,0.34151485148437943,1.0538130114301278,-0.11329007406639392,0.8373332635329002,-0.7973226902607736,-1.6887890609752485,1.2187623758433497,-0.48536675091260767,0.36591245208391054,0.5953315257676015
-0.36568614046808895,0.3045113459424545,-1.1091641082647932,-1.1827191367895042,1.7993483398115067,-0.9287447958787298,0.41188426569914177,-1.3428417145208826,2.144098653528827,1.519428638661212,0.0716415514277323
-0.4794144285600188,0.45610817912869933,-0.003104111282288147,0.8608063048666695,0.4089198332050525,1.0567914714492086,1.1578552369720174,-0.7623109809101225,-1.9117662183953703,0.5193965794153413,-0.6015644777505005
-1.1468045042418518,-0.08098869519592682,-0.03613465199292177,-0.8896516227155636,0.41017480320002697,2.3531319931326853,-0.03545840009913406,0.10745968106608392,0.7663482823887255,0.1923455637849527,0.3284896588908186
1.6643749676315454,0.12282009542768897,0.11886278913203312,0.8956112801464294,-0.06985605725369902,-0.020641328436841504,-1.7281339698257279,0.2968740673109527,-1.2888132583510612,1.5707126619957936,1.050706552252279
0.1652066080434249,0.5298701455113936,-0.3545782040008219,-0.2549180771378337,1.5411893060814537,0.635099822508998,1.023451859965442,-0.11299860051029487,0.3280267911289295,0.7646689841535458,0.4809825645933222
-0.6564352045591876,-0.1492597295912634,-0.055441576273135396,1.2056485121706024,-0.9013501284821299,0.6592809432556347,0.983755600077299,-0.8183679302537878,-1.9752113618279707,-1.5127769818361856,2.321083086764982
0.513556413204353,-0.242159385417036,-1.134362641267488,1.1696834451791003,1.0616827744952484,-1.2362042170580727,1.2250205857129215,-2.3408895211159604,2.210244575485527,-1.0461070133972348,-0.06803722326932002
-0.436516604017648,-0.19260260107020125,-0.5316651680376295,-0.8882196917485159,-0.9267954450877889,-0.0802002156177649,2.091902247964927,0.6169621634905315,0.9405718323787392,-1.3585401075808679,0.46725962847301006
-0.2750761757982621,-0.5198935831246883,0.7240310983849472,-1.4702322141142017,-0.08410060417340477,-1.515343852445266,1.2163565561778944,-0.21403620790435718,1.3492471198601572,0.20729579595406747,-0.13933144775385434
-0.6237375152967938,-0.03697352403256444,-1.5114728426057908,-1.065515073420957,-0.5786998643121184,0.10622630539319484,0.7643093065807827,-0.22416229790380815,1.2485696429899198,-0.4003829088723903,0.4423747842054094
-1.4222425706242536,-0.5527184316280513,1.622798557967423,0.4652086031505526,0.3381336011800847,1.4492509804071447,-0.06212004246474863,-0.3962096149243195,0.8322614196193171,-0.43164223384210937,0.8984034810342637
0.6372730801442454,-1.1165242195192355,0.005911843604393606,1.603492351157377,0.2726045314221941,-0.35749777772645497,-0.5115150006177588,-0.1879988327005674,-0.15488218601737763,1.9057797098881566,-1.5841697766318723
-1.233242863658905,0.08966244925667191,-0.17031030590388493,-0.3307581180268707,-0.6962843448611767,-0.4320836560202796,0.8386355321179486,2.3882143722708578,-0.11650641348547727,-0.24650424737183407,-0.08050622227950734
-1.1844813380512358,-0.9888955805357668,1.0493769177742656,-0.42603001735288437,-1.3571605381090224,-1.3354421313468545,-0.6420325837813032,-0.9840878706444504,0.284431628776162,1.6421529448832057,-1.0563939845216868
-0.5899426131363117,0.21191408022416627,-0.6426915979644662,-0.2594291972710375,0.32225293744859423,0.5015436663679053,-0.21078360917480451,1.0709320126830328,1.5864535802174655,-0.43273363904838014,0.7250961533768536
-2.0425657129349806,1.1432598607884814,0.7766946141336193,-0.7339964511336204,0.6273134073112326,1.2418016913972856,-1.7359597819489643,-0.5552523260058556,0.01623022617869622,-0.27272782471364637,-0.9503628081302287
-1.2295616226959936,-0.5260773990853826,-0.19716688881819525,-0.11111130780875558,1.1710715627563901,0.5497455690948805,-0.5221888077100912,1.0262350627993384,-0.2930302026051887,-0.8362236345253673,-0.484040846861231
0.04755150049136327,2.2082654210863084,-0.2075571090694032,-1.1698496711287354,0.16294600420937097,-1.8843492224865024,-1.2848156079025876,-1.4295083656377139,1.8031983226697945,-0.5799759564320657,-1.426293421466584
-0.1994029617983364,0.8377724194157705,0.27093303672849045,-0.28385132725884427,0.3827392744739983,-0.9639960109507043,0.3467048088538781,-0.20094423519758112,-0.3169520764440596,0.29889062495575436,-1.0867761439964088
0.6376788765809357,1.1042323058196857,0.6575602466922966,0.8612541397850294,-0.15537299894324225,0.5396913253665856,-0.04614623950506846,0.039952578053586374,-0.2628995769835413,0.5522315253094193,-0.8461671721284594
0.1411473294344007,0.5667188667509148,0.12163959117172315,-0.37321123123494193,-0.5539572640961983,-0.1733739252715234,-0.7118156010808218,-1.2853326593838124,-0.07486942130720198,-1.4720656392715061,-0.324713943849958
-0.1219560454130644,-1.22382382278667,0.18162803129447233,0.9479484663401347,1.1744186283527578,0.25505870676499715,-0.2995999466311381,0.756485963194347,-0.2881719159722643,-1.1773065727131573,0.9520660217516096
-0.011121996528932646,0.4721739482843555,1.7173607229329029,0.6112414534407058,1.5182533163108602,1.0623683442617435,-2.084635433509685,1.1152923363219298,-0.930100100215148,0.38935336007143195,1.5676791870378164
-0.23234991067261437,0.08258220757068328,0.012720173014831603,-0.8466363650639823,-2.070436115164828,-0.45329070996845877,1.4008432718186683,-1.0045845412907828,0.12766162845536916,0.43726516939743537,-0.15572941307542398
0.9073223515048471,-0.020266329045153544,0.6095700509281741,-2.1077258562025314,-0.804181678710625,-0.10110773887505609,-0.014704082718121663,0.7333464068555171,-0.7782181342656946,0.808343871648838,0.2765919833454169
-0.4018158020074924,-0.2672700467427887,-2.0547852817661427,-1.1743297589451214,0.3770928613551923,-0.1197855813319242,-0.8892602449483388,-0.642515403524168,0.595534265347384,0.16957123843075855,0.7980839191508197
-1.9603802896349114,-0.7290232104188122,0.8432263490477104,-0.043026346246296275,0.4152356773620728,-0.6714125941551424,0.3677912850816476,-1.2138971366769158,0.9505001774918626,-0.6464342996559268,1.1036916500070426
0.2775590331710018,-0.5832970260629469,-0.22753667263421773,-1.2515755971132687,-0.6384495672909047,-0.194318748597032,0.6744979742105661,1.3064277217181661,-0.48133554780012466,-0.7644714225745705,-0.7411502550933119
1.0000326182649675,0.4291899981707588,2.752045004797005,-0.29313357352342473,-2.2221216518672477,0.5335738983339591,-0.36223948488380303,1.4645090076707672,0.5476308165709239,0.17037848011414558,-1.1318308032333582
-0.6295872016708388,0.24820301609966905,-0.8237625956381373,-1.2415824546532002,-0.44372532266406844,-0.48516501727629413,0.241624487017072,0.4096565715836561,-1.6340408964045803,-0.3534189849269695,-1.236461436544673
-0.21741112704927884,-1.4163611680416612,0.6545229394573167,0.8649514084824526,0.8894302047208935,0.6226619036159491,-2.3851168779598093,-0.7810001229795104,-0.7880386201521545,-0.20705637235400712,0.0804661515684671
0.9329990675378238,1.9814812792833878,-1.3948361350516476,2.1677016635375987,0.47662420145086415,0.6980760778600021,0.7186869450076104,-0.16607974261441383,-0.12042620431193114,-0.623900248025952,-0.5092695913894912
0.5426257329033981,0.5485183235203938,0.8558550152879619,-0.3348605920152089,-1.247478787822103,-1.9841540263677673,0.0746093454746214,-0.8913156433056485,0.2006136613645374,0.13588356583490405,-0.7447273096537791
0.18300732880627407,-0.42441775584784774,1.3312228614623767,-1.7494028660144527,-1.8124152097900654,0.04641699297681285,-1.0684657960628603,0.6888807387975009,-0.12447755886293504,1.436683221418082,0.623260917102684
0.5589027260181227,-0.6788729359980952,-1.271516840754427,-2.2669039541800973,-1.031700242858286,0.7079531080097275,1.1948319366992255,0.8969264397116535,-1.2538592014331749,-1.4477253274339743,-0.010360007759744185
0.15645658722770495,0.31640472919919327,-1.969914424951553,0.4830818693271594,1.4851473931298793,-0.3428740508181831,0.7472813768733326,1.6956735545455743,0.15660850524565895,2.559915612174993,-0.651824945881411
0.9587166020575963,-1.6765153635432388,0.6755859131558941,-1.0759860931302632,1.1236374000802585,-2.660819119965482,1.8743231847280102,1.9188157782138748,1.4338177817261835,0.4557865763034621,-1.6344360874768395
-0.023178892607942276,-0.6839173940882638,0.5230011794030921,1.4893411536406327,0.0026982461977894437,0.9284620319189459,-1.751969047788092,0.7065079361568338,0.9987433741060834,-0.9407430662653581,1.1771258714687793
-0.1752786431243191,-0.39320597520214756,-2.418208486866959,-0.7318915356340513,-0.03678377220351486,-1.4890040443659989,1.2333434363257225,1.3347133309774077,-0.2838866038161414,-1.3071065851361958,-1.4137184640888418
-1.1223188999201115,1.8174001122083405,-1.0474581995670604,0.3535974229310918,-0.4954933680075689,1.062518860666119,-0.8243909820778471,-0.7450553076301989,0.9252441880365055,-0.2589569461210034,-0.3008916465364966
-1.0906137285740265,0.9133588058698848,-0.5121922950953469,1.0449497093358089,0.5060814438527046,0.2720372420400996,0.15315934450631113,0.35106851041478127,-1.1085727812490536,0.4820791115110673,-0.5889739496066294
0.8084765015975165,-0.003318249078185963,0.5419847492308683,0.038974387242117825,-0.8195501079139007,-0.9371309881868594,1.029172746513664,-0.011442433358949605,-0.1428935471153822,-0.7633963346511005,-0.07210648459579212
1.8912147381301703,0.6793532954327766,-0.6543833792713317,-0.4217757175448653,0.5891174512582025,-1.854730435172858,-0.6526461343161499,2.2327057559440853,0.4047319568579268,-2.586604365768495,0.14970728935968783
-0.055419805856774716,-0.32053579149360956,-0.14659779328157346,-0.4553085657261662,-0.5543130303976366,0.3557206056731991,0.691936388781862,0.8183921698525279,0.48031317301647786,0.30017612201985994,-0.4539626536396166
-0.775828621285336,0.11977068108718757,0.48354483978412394,-0.8702366082791488,-0.5282393889374918,0.39427547908942623,-0.4551546696714073,0.1782485755534847,-1.172473308070112,-1.136897829136144,1.4813954660591824
0.7722671343469851,-0.5799644140954401,-0.2252859705092203,1.4647087391313554,-1.0326992199665481,-0.06229590094422871,1.4712577988698468,0.4403375925160072,0.7778163744442187,0.4876418128870614,-0.28449317443430416
0.009208352436360132,-0.6285944885305084,0.8415223018915474,0.299551510502299,-0.34029454764634487,-1.8941721107278062,1.02131467314591,-0.42833081478803126,0.4863903977916506,1.2244666785022107,-0.2911981016562527
0.8017668977477268,1.46982932707184,1.945223180739874,-0.47182047022525836,1.5185405617225605,-1.1256655010874017,-0.5202375008152866,0.2855161049914317,0.047129523500190416,-0.5786745814081814,0.1060014926094955
-0.16367680118509026,0.4266490652574618,0.38211087368144353,1.2564384420063752,1.039686646125718,0.24947435860849837,0.46123226476902407,0.4610097255747262,-0.33791774284737464,-1.0331462561594384,-1.5451434451960686
1.1681194402602597,-1.2927649133069852,-1.668014377835638,-0.09465773569839651,0.8887607845955993,-0.47247978313948735,-0.08115252084084248,-1.815655581051415,0.21006902077835937,0.010918065161074476,0.8902957535219678
0.4066401731844176,1.1891489821169745,-0.004530322809853514,0.2696391581668831,1.109486798207462,-0.5733085241194361,-1.0899225712045533,0.8558249753867296,1.1144029670933426,1.3780229227542569,0.6677282285121486
1.0723808026585313,-0.6747394713905381,-3.1413027058501806,1.1130492393198768,-1.3128853882631983,-0.8851064573125063,0.20003472618201013,0.8182550413990082,-0.8924708510012787,-2.5763372770702175,0.8456786511870628
-1.7936827190913316,-0.05729797185718776,-1.2288573160318397,-0.13906667600990386,-0.04254564130920499,-0.27834868238165467,0.37561581121598586,-1.728130635281498,1.5669893461697533,2.201069836467908,-1.3568196734961877
-1.3223432804250563,0.6837766624635513,-1.0049234066439203,-0.17652093459188742,-0.32329047742423267,0.502858656090514,1.3953709562848002,1.392254751924406,-1.0401810934432039,-0.4486447005391695,1.418129789718596
-0.5580676560754974,0.09428115128667434,-0.027764677073849598,-0.030219482539835557,-0.35485706875055695,-1.3071261222509485,-0.5467823318882562,0.2100953680939494,0.9914507279701419,0.7784793614588446,0.012033115464502156
-1.5470622194971533,-1.2719170868306773,0.5341474122200273,0.8552113959183779,-1.6953822310407838,1.2954556625404718,0.7844717900303517,0.07466832672749316,0.7488702546552894,1.026439947215766,0.07209415048026274
-1.8874980480920667,0.08178227292967359,-1.4268862514574474,0.3891355155413814,1.1209294254495241,0.14476430093738796,-0.7184753663419526,-0.8216690729027247,-0.2438529869532986,1.0539032811502604,-1.2820085470860112
0.16793111358538163,0.5410822172301485,-0.16479497568609852,1.1731281116053787,0.3591599096366888,-0.8440124430789957,0.9649463657519376,-0.7667130046799705,0.7353917017688627,0.30504116927928054,-1.5502350785007915
1.2065415025213087,1.1850819106155457,-0.34221560733614154,-0.12285144165098187,0.8824725755749214,-0.4605451715014643,0.025305936371777343,-1.748450383650945,0.8936783644980154,-0.11304033279646453,1.1533491615713796
-0.8287445927814696,0.12274554064497148,0.9550752968841482,0.22051613722942617,-1.4286691455619709,0.5703105964666365,0.6145357445141081,0.04639452184931676,0.48326543958082135,0.19839604779222014,0.2784088689308675
0.2742600758167049,-1.5940127592774294,0.0004089972842073979,0.09561092296845283,-0.5319194497217226,-1.5307260983810205,0.21349992180990698,-0.0653558778309701,-1.2713359274560445,-2.8403363913737185,-1.3947394300204838
-1.116242679475941,0.49414920682650104,0.00036191804975211803,0.23141987409162784,1.3485250491001473,-0.5143619259763609,-0.2288140871217994,0.6615096391674774,0.27087832866452116,0.32285936117277414,1.1499879047411716
-1.3450151526363896,1.1935550241044746,-0.3190010650296044,-1.2506865600395025,0.6955006100581888,0.4476245050812354,-1.4539324770218023,-0.6016737362492274,0.23183230475753114,-0.11607603745388724,-0.931152335037256
-0.5778812849390357,0.10383518084577742,0.4117178412164551,1.6746956616694662,-0.7017829566394348,1.2881720181003178,-0.567490230950832,-0.7520502735827078,-1.0565724267731536,0.48915509719612776,-0.3108913689295495
-1.122377067901615,-0.5992206056599396,-0.102754620095909,0.8237141823354632,0.4843768893138568,-0.025041407113451764,-0.5523608596645767,1.7091313630808338,-1.0509238354065715,-1.2513392612133396,0.1839310362696389
-0.18974163418242873,-0.40994624137188235,1.7953669402648942,0.008859364499467115,1.9459442062583292,-1.012554455344069,0.970142300618614,-1.5531533604146763,1.0019458661319631,-1.1263140763301587,2.0384198235028976
0.4454660098587276,0.7248756736502074,0.5987969509065623,-0.10029948503009911,0.7011770154190877,1.099191099275074,-0.523138688567656,-1.0119540491296375,0.09375401644015496,0.1563626851920658,1.0335377539355532
0.500379314026445,-0.5324413097201516,-1.5683088383705992,1.2188804729212497,0.20268588628228468,0.1346732328027683,0.8998007530262649,-0.18183311958731174,-0.4799477321499607,-0.30201062729294026,1.432525935078824
-0.759114608836175,-0.3803890522512751,1.6744254835267913,-0.18061194469946446,1.8985907566810087,-1.7481411287600124,-1.344312508100951,-0.8504094235466969,0.7473105972346817,2.0651609781675533,0.33007379094644174
1.0742867118157433,1.2723958334949363,0.633828776989477,0.01039833164628276,-0.49445099893080924,1.6299713235568354,-1.1590422326314216,-0.010294743756699927,0.5451821258762447,1.3061362771230622,-0.04240988162503566
1.1737210215043459,0.11178722161156655,-0.35753228876314314,-0.6196432247196708,0.3532734941637657,0.8977000486818647,-0.9153387016066161,0.6804388390164491,-1.069525020183313,0.8369996075879935,-0.04327975023228657
-0.12805528795646717,0.4887987857658628,-0.7937556017989684,0.5915331644767571,-1.671888458418425,0.3314702782376069,-0.7311732560527958,-0.5748214859305194,-1.1067215440485145,-1.6592776900259167,0.2457338751183789
-0.3100054999913433,-0.6850042505886775,2.3636866573799997,1.1037976938295517,1.3654829779710742,0.25450552945490973,1.255296158222669,0.4213007956352082,-0.4847084048035106,0.23859406547713422,0.8509027415188217
-0.45633188122639845,0.1851849354721472,0.8460058444763355,-1.2600248098357612,-1.4882579762455388,0.8596272721288747,-1.21588305720698,0.21952185091882442,-0.07449862277652049,-0.32307727127353714,-0.25888727336134837
-0.4401277120654332,0.7716415177596556,0.93533459752236,-0.06685482830183652,-1.6962824565642376,0.0783991349124969,1.5580881900747796,0.15684801744423785,-0.5967646860397939,-0.9503260277097143,-0.3172793898076133
1.5467852527360337,0.19830063056735298,-1.980617809938345,-0.15707688770636696,0.006350580810047144,-0.558279957976675,-0.7300899081546168,-0.5426765144197223,-0.3268865284912552,0.25899363029774547,0.18223948342840016
-0.5502003791711696,-0.6236363927855114,1.018953469305293,-0.5798371072897808,-0.2597060128451414,-0.4132468608119995,0.7249618554133481,0.013869441064148204,-0.5637633236915006,0.5359676177250637,1.4826366362798102
1.1726505735920898,-0.7565798296822908,0.4076767032416876,1.0565795229664707,-0.27971647651767634,0.03487180547396902,-0.5281053413962452,0.004892752964744384,1.7568904789707287,-0.6683549651739207,0.2177814415983471
0.8949182975183658,0.3226920586083977,0.7363520129355564,-1.3103586306214374,-0.21621671720053137,-2.4525415747374346,-0.19762947293938446,1.6020423591977673,-0.6084501947800619,-0.2723060072447755,0.6861260997057498
1.564008697457355,-2.524506215744207,-0.6916328164217938,-2.0392624781116204,-0.25890573791189986,-0.9418043303253079,-0.47611703126986765,0.5137514329128235,0.9765170095743819,0.9821681324469476,-0.8096766371719255
-0.88137083824701,-0.5736798315183007,-0.6809273719543567,-0.7875262010203474,1.8311342980875964,0.07314702009945946,-1.018774477561932,-0.36428639543796776,-0.9567778839811821,1.4050939890190133,-1.263183840583728
-0.8324866065408589,-0.44433920605780663,-0.25618218141918525,1.0972243772317665,1.4533819166572253,-1.5496405363424737,-3.0024193643207524,-0.859639483747716,-2.2337517850177373,-0.6993577834260998,2.159948808615408
-0.26420881470775714,-0.23121016130397729,1.6134148436829991,0.2676556636354981,1.3595036834151935,-0.21073653152541053,1.9823768741428065,-0.287908493827394,1.3678684063586046,1.5889274488719856,0.01524376560914102
-0.14005964948299307,-0.0679897055360894,-0.961539743153812,0.6187116061100103,-0.23508410792260012,0.6504201784423863,-0.7982542750210988,-1.524979216007588,-1.0246259551151302,0.14050865256205572,0.017956922794720907
0.18774476706868456,0.32545113331511527,2.5411871399196846,1.0637021374345836,1.2745474859244526,-0.0031843259227439715,-0.021896703595483718,-0.6074871102121473,-0.21250236490066254,0.34337496993219285,0.2661967895278799
0.25027474834985997,0.3311974850025482,0.08936600280406251,0.6025619055627034,-0.4992354993432508,0.46869498468359977,1.9033221987563578,0.5173743790139544,-0.6926262829025883,1.806839332289358,1.34548223271135
-1.6834041626473542,-0.057077235084352335,0.5372926243267415,1.2834541953538323,1.7634189393855266,0.015943170750988195,-0.9101628440972198,0.24620015197537753,0.938318918952116,-0.932932239432475,0.23767568216545235
-1.5659087418582476,-1.392710290722873,-0.5220845981803026,0.2833709216558481,0.7469844157449979,0.21632229156698254,-1.2651256605107284,-1.0448284967791572,-2.480914500610257,-0.5457344498600749,-1.007841223464713
1.1565659159249693,-1.2011763910801194,-1.9772799127222198,-0.06696801763345536,1.0623736963892292,0.970738547401964,-0.7164235468470425,0.11820285676406282,0.5860472808409357,1.0053544853274863,-0.2853296646681796
-0.7137873380220008,0.9628335332390214,0.5810651422623231,0.23403524831563127,0.03266377938738856,-0.1284982364543476,-0.060957741194902965,-1.6149827583311944,0.17010829777147288,0.5971066349255387,-1.0452408551521226
0.5167198551545733,1.2036097986996561,-0.21379519406700953,-3.120925231142132,0.17693795217705263,-0.24367845080860928,-2.1275088925575245,0.29531616319863596,-0.08838383970239151,-0.5471768619518758,-1.547179349206938
0.2426990264721353,-1.2675865093969574,-0.32047177411489425,-0.8901173750328826,-1.8404346848731505,0.9226901062393962,-0.24916239306998358,-0.344103847521531,-1.0061898708562473,1.0976498676731548,0.646002304700855
-0.3738609578497504,-1.3981623693345147,-0.8876717490235817,0.042587589055168205,1.842502726047971,-0.2704023683913226,-0.543379616390643,1.4133414828006432,0.24784951644999997,-0.6964768818650919,0.8684206468999546
1.3856062322146276,-1.0009109187809184,0.36164555408537963,0.19138572324580763,-0.7839402415599863,-0.9721805679252452,0.5405850782716299,2.411340186066126,-1.7736150329243914,-0.7147606982000543,0.2944927378542177
0.6414322061520344,-0.1349572556336313,-1.5849343616674558,-1.2535589635939386,1.1021129062262713,-1.2045075561433505,0.4500352627525378,-1.2629755272269194,1.4866204117744608,-1.3050960754696572,0.864707220768332
