-2.061891371239473,-0.012726900586687677,1.1346664059577658,0.8784732191374018,-0.05493595650152931
-1.5118195469346523,0.49715020136974547,0.08630292279791611,0.20716945022304262,0.7301498567875204
-0.6906425331328137,0.8596941030399912,0.831640493638273,0.9750361626159197,-0.5481760012375108
-0.5162855405808033,-1.740570760041718,-0.24826706236821758,0.5831835531598912,-0.6479375377311386
-0.18725551966276927,0.049192961239708996,-0.6928859079874504,-1.626140134363267,-0.16570620723369964
-2.3775272498994795,-0.194992145351488,-1.6475367527528322,-0.11350015565224057,0.5998448099733512
0.5164481793284508,-1.9982885840292919,0.047726371486691094,-0.6887978580439541,1.7053187702107617
0.3947225443333085,0.1369508115901135,-1.2536306736203588,0.27079573611422875,0.13032518807651347
-0.41223582261763686,0.2106525033461912,0.8290521262002835,1.418698476825744,-0.6843666406905796
-0.8236173470845995,-0.6228157086396368,-0.8007890496815284,-0.6064545217995052,-0.3060081328071589
0.41979589023175673,0.040889664412614525,0.9473669050427928,-0.8063437213665984,0.512883142165113
-2.3362895513306454,-0.05311698084534446,-0.17088357770770074,1.0964514590543668,0.24598456071858782
0.2093544682013367,-0.07903235835916901,1.044224703867534,-0.5366422745596428,0.4022321706537854
-1.1974609279361776,0.23852632218493244,-1.911089978233001,-0.4548062059112869,1.2575074726219573
-0.1789911194980677,2.2903624003409204,-0.03331485605678167,-0.2606361143934231,-0.18065616095531606
-0.735412418698968,0.09782444809082845,0.7857082595607342,-2.1954206287903952,-0.07446369222006011
0.11906821125302884,-0.07117671431001744,-0.2434120002159369,1.6370974116348394,0.07409079021399882
-0.8861941792095648,-0.8155317893692582,-1.1284828660014725,1.2871717870579742,-0.4445959405451502
1.609792133293575,1.2766204549309732,0.9763595536228206,0.1648677287622281,-0.2064173981263279
-1.1005042009197998,0.5154592006183534,0.19562147911140887,-0.22700964029247395,0.24774319664553296
0.9064579038097748,1.0213946716225124,-0.7858811671287933,-0.6954516976923294,-1.169096188946977
1.8451731854696254,-1.842905319262847,-0.8573030875778511,-0.8368109179015092,0.6977690415666026
-1.54907113051817,-1.6106983594925117,-0.8052643023299332,1.5024634289678889,-0.3706363517254397
-1.8353694052946488,-0.3777258441341705,0.5206974317468738,-1.1867162799841484,-1.3664240995920987
-0.04007642968110356,1.9109886389410344,-0.08274760156903774,0.12981295818625657,0.9890328943483567
0.9574914602888464,-0.9470540832648952,-1.1673721689897638,-0.28275267523284114,-0.4595195727916497
-0.14811229066888726,-0.48124135411303914,-0.26863851444466963,0.8160929776717138,-0.943090374346502
0.30214954843410446,-1.3969675522441634,-0.9872450582085606,-0.8597666344032489,1.0100779735497298
2.1943185348350913,0.8188886257353145,0.17687650635976512,0.7533239208338701,-0.015777691947699474
1.1029684287260197,-0.4338248775020077,0.33949977460445335,0.4331041778993394,0.8637408279223318
-0.4616376986454719,-0.6465804704247596,0.18601578183262438,-0.40441227151298637,-1.8440254854122644
-1.4474078997237616,1.3857878585361423,0.4502451340323546,0.594331073658828,-2.0280834456516015
0.4309868364280269,0.3169082330266534,-0.2828025202221914,-0.19361544926962485,-0.4533226456771516
-0.10019221471764252,-0.07017787964844421,-2.5953039625741754,1.2278663184159837,-1.0564880866586728
1.4923962928793164,0.764585127366097,-1.1532224278806253,0.27888092265999065,-1.5590749351786461
-0.02435733790273728,0.37718608696969425,1.8107986325284642,-1.733049961609963,-1.1372261609223397
-0.8828855275446398,0.483175872670268,0.2686664400652062,0.8839837978588906,-0.2962781634781083
-0.6477754338901385,-0.07771013000143004,-1.2954135325963265,1.1618034276707194,2.2436490853243893
-2.1457260375214844,0.5106222754229004,-1.0576850419096975,0.24187491610487016,-0.03698125470291955
-0.7394391910400556,0.8998534011252504,-0.2944607640556815,0.32442262154977247,-1.5074148297727796
-0.6040039828046923,-1.6423115716343497,1.3468772379029732,-0.6943214271152388,-1.2675179887715975
0.906239203341712,0.6096391085448126,0.8929894695026976,0.4562402984410119,0.32628215014309636
-0.7799650273804659,0.9598110247697015,-0.12198278427496873,0.5955226595987104,0.38088497388997533
-1.001230120972666,0.4385106679006516,-0.004146628064442384,-0.15815877711497905,-0.37449508759380823
-0.06712501016281743,-0.41450719840309463,1.610624417067411,0.11990408993517246,1.454662675858375
-1.962354225840788,1.4479762915655257,0.4783105172410678,0.7314596843368881,0.4154252272482624
-1.6017077030492204,0.9236012268601208,-0.7165810061173742,-0.7773131587948778,-0.2554414694520291
0.6399274227998635,0.0751625776456659,-0.4799080889607713,-1.0871411471562908,-1.5548286591660938
-0.23669304548657652,-0.946458357710937,-1.1227112389785887,-0.2630047187912479,0.7226960848893581
-0.15290148611359036,-0.9965962426657348,-1.010088592622611,2.2097099726398626,1.7309676908904723
0.5234239375086712,0.9296764240158613,1.9185760010772275,0.7689699344618676,0.6563297914354587
-1.4602820755237031,0.3511386883521551,0.8006812938624231,1.56528706075969,-0.7820388422218366
-0.5074986472913293,0.6200575326060919,0.4135979446361745,-0.6534009550171223,0.047685587491762015
0.5543932481641302,-0.6947956427831542,1.0370900033314088,0.1548443366078854,-1.041505872258542
0.932130298248269,-0.15279394309912175,0.10882087247088326,-0.9962135538844196,-0.4098516536340035
1.5401428478730346,-0.7514395133327265,-1.139198043631541,1.4417114859001297,-2.6121329496055496
-0.13747303781469294,-0.3542861955306546,-1.459301965492473,1.1655307396112276,0.11122208162374661
-1.0174033634519768,-1.6169919373236952,0.7305464204700757,-0.4422550550496313,-0.9457833830423953
1.8855023459951177,-0.26773316218122234,-1.3672323907561577,0.136632899222717,0.3295145421879289
-1.0558040620300846,-0.42825959546655273,-0.8944700504537776,-0.8576922302747584,-0.4230200533760792
2.021597462819264,-1.6114208798518328,0.9125009245387703,1.3238177974247545,-2.3080260576459817
1.2011547929100914,-0.05491667760960664,-1.0592509950123907,-2.0201785373132535,0.3105451819309039
-0.9817703535839074,0.3741380837610091,-1.0752356624548212,0.38362750480187646,-0.2157082720349832
-1.290450066588345,-0.6500032488820182,2.5336763349607483,0.5297584974752074,0.8438695971233783
1.054418208307048,-0.6613841469748959,2.1385412640767827,0.7922788065645396,0.33303755336634816
-2.0739534956639774,-1.4746835636033417,-0.725955743377179,1.320875175072435,-2.1965598500621475
1.1932422357852177,0.8737415207557931,0.11949944706036097,2.015981283031293,0.7291800624386288
0.8088246549971974,0.273986969442004,1.0617702962176019,0.2087736421019416,0.4462887826332721
-0.023987174392713296,-0.18334588493065404,1.2527641388747714,-0.125563976436002,1.268371191272223
0.003712394545936824,0.3537473336490976,-0.25805591016401297,-0.024893746296222555,-0.12132932834638685
0.2880736999398563,0.3497453863807671,0.304425194679942,-0.9747545016751689,0.7962279045664253
-0.25900573077917316,-1.1319868110020659,1.6873313638758667,0.032506057976391334,1.2179404052317933
0.8643137145340553,1.2830477452934461,0.6818477766953408,0.5853566354748307,0.24072804711621074
-0.9489019255609603,-1.3130870296841275,1.2951546063421306,0.19889391817951352,0.13690137115830966
-1.0128106804392776,-0.9477410375906943,1.1312978242473213,-0.5905672221791436,0.1200240855772916
0.6917718520002892,-1.1817041550909873,0.999204841556887,1.771989817661701,-0.11758770077446669
-1.509221202590554,0.6528005787831488,0.9572454499581726,0.06875012933434307,-0.2983734759159483
1.482050583225408,0.3226136902366477,-0.45044263310068383,-0.6961455179636646,0.830456588390868
2.3552608310147263,0.23841959423160783,1.1293145531832498,-1.3253904434414567,-1.848952275800574
1.0024835533913,0.4871702764850317,-0.841512076813499,1.7051835010526153,0.16801315910025708
1.003606501428531,-0.3034011430532629,-0.02478992379065446,0.4664245731587779,2.2690473777577003
-0.1480967824717867,0.04956631335122623,-1.211851205495942,0.5980197196237804,0.339704788092693
0.7065234554520314,0.08712812521275039,-0.4867975025324702,1.4493276826441472,-0.5690944744382952
0.5196535916201755,-1.836397098240649,-2.345426435518596,-1.1905643097615197,2.088468909892582
1.2566027736176737,-0.2383835821959979,0.6260551137138406,-0.3799247605894742,-0.15365323653359472
-1.011556519155031,-0.8068148946388699,0.7914822981747066,0.2538149101665178,0.18246544514302074
-1.859409215362398,0.4870566693615465,-0.04595010204911955,0.8447582233652503,1.9478989220872345
-0.04665579619171131,1.195371624385601,0.020999290697549914,-0.054397663391408196,1.218422916631163
-0.9114047516119297,-0.8533256129506989,-0.4569857073713039,-0.8900400957009912,-0.9757969511455146
-1.0620734904246272,0.9176114111614551,-0.4303536597077888,-0.31301081748748105,0.6931803367406971
1.262358346488381,0.021452771144171573,1.3629349786360963,2.1765189250506314,0.7925870904403655
-0.19134975502194088,1.166416473775938,-0.018832081745171498,0.5117142814897224,-1.3099051228818261
0.29667294742937445,0.3557879282249586,-2.1220037129780605,0.45491285838450396,0.8328275086687092
1.4831240726496129,1.0032328739051055,0.8643653411001437,-0.38484976095875323,0.7994761534124455
2.087998660515613,0.3006821577448469,1.1692164101565705,1.4293318541893345,-2.2802067075319026
0.9282956550400489,1.5266291073170921,0.9751446429437124,0.431125096364216,0.7414804458687049
-0.4713883548603205,-0.8110648287786736,-0.06445735483567201,-0.795378998361006,-0.5209150269293272
-0.7874627227357035,1.6295862309787756,-1.1932740559747315,-0.12291136998672528,1.6393292520712435
0.35622498102680134,-1.0625826160414118,0.45922142547446904,-0.4803302703739231,-0.06441301357661819
-1.058241393428148,0.3953294299936319,0.276997088762284,0.814684330969405,-0.15861194873414466
0.7174908445187284,0.3509309142359514,-0.7368966999366713,0.5639380028613475,2.0056447803072244
1.2782990955918907,1.24974123596195,1.4481955513679816,-2.3015326380247556,0.6435320632965384
0.5413999729207746,-0.0866445066968352,-0.18448905925226738,2.5870614045155214,-0.05435194727609284
-0.48445721401899194,-0.7363704985343527,-0.049635793574797096,0.7955614807854917,0.5118239709101525
0.238090776885816,1.3234829013826646,-0.9237577029690794,-2.0690685067990993,0.6671744791778625
1.700750816044035,0.8668031361107481,-1.1550019272649625,0.7576990716164489,0.0807796570435759
-1.432192787177076,0.94202120382616,-1.7248613153591885,1.4685746327942149,0.13532581761642803
0.5517558207102413,0.6252330987939677,-1.3958084391767451,1.449792460690955,0.16334087351197055
1.4577417907077803,-0.44112877012405244,0.7776322265514926,0.5709901749840631,0.4199659387826028
0.16590760444212269,-0.6814508462851143,0.4472241219970975,0.909861645497048,-0.6198179240804464
2.5235505244974936,0.07708579210136224,-0.5559272132617007,-0.05560027084306363,-0.699377296198013
1.547601013974415,-0.03136817997261972,0.41835256648045593,1.8826018599433731,0.33206927340028136
-0.6195151807034492,-0.3109366450831995,-0.17856594215557675,-0.9096951324576972,-1.416902206754311
-0.13716629567584065,0.2737071799124522,1.3519422957491904,2.1865341948566313,-0.02636310316758768
-0.5409529517650427,-1.0387807866465355,0.6328828060867641,0.5186141595665947,1.755085171092431
-0.5137725039026084,0.8745098656934974,-0.033828478891982754,1.714571502760437,1.503555641637739
0.059770334097622405,0.08783899239106148,0.9572024060541275,0.28339210250455726,1.130897610734638
-0.02606056763729427,-1.960161894751754,-1.0398736539559952,0.07822786078160607,0.18824587822116784
-1.3104985598170482,-1.570830365171339,0.10605252043612408,-0.6145949826274216,0.1055990080726695
1.2809132457279222,-0.8509622436734434,0.7257568647816199,-1.209111953804218,1.0516725994788985
-1.1167617281278268,-0.20029384503921344,0.2342123467218992,0.5725255567293045,-1.334563506092332
0.02214822063344044,0.6566302791495314,0.2680797745033725,0.11270381314170957,-0.7422900541847961
0.6239077199648241,0.3428338595919596,0.7753558992225569,0.6799775918255277,0.3778181501128532
0.8257696291417358,-0.11065173777524302,-1.653358068008379,0.37595215929625303,-0.5647902257979167
1.203712786682512,-1.0551166076819747,0.1805436780365469,1.450994084564647,-0.11498757710378195
-1.8101732597999827,-0.5360849827553114,-0.3673515546960847,-1.1225380472884745,-0.23467069017532016
-0.009152855456525895,1.7349023470136808,0.5818479425978142,1.0609955150169672,-1.1880197580536316
-0.6393616066478943,0.47044799309422713,-1.2119442733071848,-0.6174791752341655,0.21508572615759342
-1.4961689402096545,-1.4661373404006695,-1.0517733040463006,1.295307092843588,-0.7652748286604215
-1.8033811963798645,-0.7343370410999306,-0.43276108200606606,-1.838911554978979,-0.8480855952863816
2.6758181332039697,0.050217084269229384,1.7965283611737948,-1.1819838360941268,0.27955940051632916
0.6648751926121629,1.0364987533107202,-0.08238398843066913,3.2856298348480966,0.7428515936864202
-0.5766002295139527,-1.087662928233297,-0.6373144507905942,1.0080285473091302,-0.3804266855358673
-0.2975151479227363,-0.7359731280597526,-0.9255616788211685,-0.1751721254903936,0.48845164310615885
0.5163146961132785,1.3960687363328195,0.2895036969642909,-0.548040159650928,0.1137670075977724
-0.3918128756775555,0.6399622698414942,-0.25125154997469284,-0.5607119802508155,-2.3020608287182047
1.8536708067078291,0.9177130186874948,-2.1897023502068187,-0.252162761594973,-0.23680928640181234
1.7593411929363092,0.4766041489871535,0.3734145354780209,0.599899120587189,1.9532966058704238
0.11235393059324056,-0.6649435555929513,-2.2027084711484117,-0.7863778818769706,-0.7668562067212651
0.1413473504627105,-1.0713732131938105,-0.8476500360001289,0.41918717659793225,2.257925963758292
1.804155259000596,-1.0791705762739054,-0.26343050186910805,-0.4313026598691261,-1.669542528031309
-0.08613277414910218,1.306881158757124,1.5081687337050647,-0.5468585711993109,-0.6005645796537912
-1.2591187977853497,1.1141644621671314,-0.00028561512316438475,-0.9261866239460407,-0.7535127766671419
-1.118817426550944,-0.2111163786566675,0.8508357590544846,-0.2208869461872916,0.6544629449474718
0.34209347753506136,-1.6284192779286009,-1.5329074025234806,-1.0125464246834892,0.6864733372722831
0.49560152139596375,-0.3480870389411386,-2.2125827203749098,1.1023002515298697,0.5222646392020841
0.713796269387328,-0.2262869074094203,-1.0627141336176202,-0.7404544911883596,0.5186922228797729
0.025395379596481395,-0.10195313933771906,-0.5790328840044278,1.304110778323068,0.24778209503219673
-0.5976847872960942,0.7815408390017621,0.05061059067126031,-0.1740917447112704,0.25097302580732733
0.19747227042902732,-0.3560426726340717,-0.9951751562546876,0.6921511059246339,0.7024825268733474
-0.35939476143168436,0.9930337552664652,-0.8992291497001891,-0.13602893279419453,-0.5096667662115565
-1.0901742995420731,0.3839296216075612,0.0497195915260874,0.26750590163408944,-0.24663523687327005
-0.7296142785336989,0.653453521827444,0.9726567697301797,1.1754514075421663,-1.308376082312816
-0.5326588991810858,-2.5859744001592255,0.26270523103636556,-0.035657865681835904,-1.1667000760868451
0.4809949549689557,0.7018391428544227,0.3933915641918341,-1.0146680802408337,1.6280218769705999
-0.05539186147307323,-0.332957863578623,0.07710692505805705,0.06592658928740502,0.9884088107106229
-0.726971348314949,0.03564978040340575,-1.8240120240524624,-2.2556048344087114,-0.8626389466654931
-0.7185115275192229,-0.37232682063351147,0.5080752220666821,1.8742675916188272,-0.23721844887737273
0.15644654322792279,0.4778590375154484,-0.2366532887325735,0.711916849549818,-0.12281109133405399
0.12959879522536563,-1.1779907062145876,1.4403215982954984,-2.0358285559529405,0.5154233352935539
-0.6472038150353138,-1.918775677600905,1.0703567506453833,0.17190978918047753,1.4684485150629722
-0.006771706565568259,-0.9264884726247709,0.4532879286345302,-0.19021421092887567,1.535925382227827
-0.7296450341155979,-0.1555398396526399,0.7505971515958006,1.9321295732911923,-2.7595766191570967
0.22099502054044395,-0.6995799008501424,0.754727777243118,-0.7813025887313625,1.433483426654507
0.23267213698571992,-0.4086358033934734,1.0605075459712687,-0.278377778735441,0.34335273318864556
-0.047123406964101625,0.05467660757636549,1.0188378782519651,-0.9911498883484284,-1.3160672491768082
-1.452348350347538,2.4941028406208026,0.07279645332006567,-0.9235699527213661,0.11599937404363192
-0.6755184768510583,0.31246308305238013,1.0296401322533566,-1.5792121255636757,-1.0577604603320965
-0.43592052443340507,-0.9160913979626539,0.40670908643886267,-2.337276792566475,-0.488474043605583
0.7304870270395225,-0.2888069302350528,0.9632083652273308,-0.4330106031712997,0.5711783835886485
1.2918528998086738,0.673947815646277,0.5147296728375574,0.7851055029633973,-0.2090894486169084
-0.3194874569318287,-0.47202925596471096,0.4381738293228835,1.4655169130297285,1.4423093425764053
0.09607513388171712,-0.2364967322758417,-0.609618820716993,0.4033477275769099,-0.19683331650431762
-0.5248866796043165,1.6845074997082272,-0.46864581413198203,0.04005153083032777,-0.4374703595877856
-1.4016966801253699,-0.6650089056571772,0.46195591134313513,0.9419273711354118,-0.6602343629154599
-0.6086004580899923,-2.425436328652358,1.0474826681266565,0.018879364003857146,1.0965143681933782
0.07880979132506306,1.402465807001622,-0.24157450443224893,1.3485834534993137,2.241675197933653
-0.533865753706782,-0.13424540654834485,-0.2866619873502535,1.6459827284354622,-0.37551877651266863
0.047607521533012793,0.714305578206938,1.7596219643381432,-1.7851841767155627,0.9071422916756373
-1.4066855238585971,1.3589982784659078,0.7867666472207152,-0.371535625725658,0.07318044083160294
-0.09232061217108033,1.0168391373557244,0.1431104199024433,-0.1297759922800132,0.21896141199713462
-0.5271592696780546,0.9443362058018533,0.1375383788128383,0.5927981158382107,-0.7284849362869376
0.2454512338693466,1.1089334643425397,-1.29127179920017,1.0161206081263154,-0.8118060557008708
-0.3359042854677394,1.7597124617954178,-1.1999634161576005,-0.7388705580608668,-0.7554943007616844
-0.21961039037744579,-1.1004890598794916,0.9707692634453571,-0.27785094563481855,-0.06714093555612605
0.35408036111404817,1.1002334100828965,-2.3495995892393724,-0.5041344804376087,0.04343176131586637
1.2778535409430305,0.3770703738755115,-0.9955999152203503,0.6257100901590127,-0.6997760565598536
0.7745990004533045,0.4563336183103997,-0.3689264453918179,1.6684103336761946,2.0438761503776317
-0.3247408129755279,-0.23607549101846534,1.5392430606213154,1.2701139123251188,-0.20917195962908453
-0.7008353914965887,0.8763405726134076,-2.6438227017013465,-1.5260783814912857,-1.4302549588865168
0.7277401092120575,-1.238440772715434,-1.2958119745434042,0.8342445054403375,1.3847783101393678
-0.7486567432738729,-0.48324120580654223,-1.499595835021082,-0.1136537040142323,0.6732712584566375
-0.6895095829210542,1.2928237793976536,-0.3024364568421858,0.7105320501515429,-0.631370752788615
-1.530000658966605,-0.2950961212069999,1.1530059137566775,-0.4001375917159903,0.254423970233722
1.460521842027857,0.004988472052818956,-1.8131575135595375,-1.7212970021763367,-1.864308170253404
1.6305884596934273,-1.1898682005350723,-0.6838026994650857,-1.2117560181006917,1.2193542482197945
-0.24938683689923305,-0.11549754759286392,0.08632796870319091,-1.3314345034994144,-0.3851045653869308
0.8365616416081015,-0.5228362982462239,-1.0977451869635464,0.4025585805298073,0.7970869164067833
-0.5265034791310331,0.4241264527702864,-1.4389598232687268,-1.383603385833907,0.3107054293549586
1.200188818235381,-0.04429079722382759,0.5634396851603741,-2.049586310467356,0.967044417622142
-0.8877561225339099,-1.2424862579438198,0.6810317390094234,0.8163073459617278,-1.0475746087927804
1.3451626368465888,1.0806244161022693,0.23069267446409625,0.942850403913321,0.06983320377546895
-0.586477839098499,-0.026611873502412592,0.6137302227824869,0.8706605459359712,2.222720316651486
-1.0237469364354788,-0.5385241475762842,-2.2680908052970876,1.141980045109983,-1.8720229435710165
2.181211318432869,0.8538043613926934,-0.5739521148180879,0.15059752343837515,1.141033833706538
-0.953591433785939,0.8762855136164384,-0.21854359298470194,-0.12085844645256857,-2.0370346791138227
-0.5534650185484274,0.10818645345287405,1.0266381474266946,0.37120722150668545,-1.5649071203225398
-0.0453155531657971,0.45968785085179986,-0.9978164058495456,-0.930376532406549,-3.340742133700805
0.56132585131349,0.4321377738018912,-1.3945203803509354,-1.4510815047232093,0.12139993437799187
-1.0306185110731318,-0.15196393321243234,0.3599364540601136,0.14669410737352512,-1.1704948394135197
1.8561048102721802,-0.43633025922096574,-1.527873497521123,0.1846791247943215,0.5832035621406513
-1.5656711219921997,-2.412123251598002,-0.664914328275618,0.17459689869094303,0.43440985261265885
1.5708725705563922,-1.359348832646369,-0.8382554317568903,-2.0103381925573274,-0.2957189569228414
-1.005467403422853,0.12191161367858014,1.2697482970230933,0.3649405164596556,-1.3977988909610146
0.1749775278155412,-0.8616484442650755,-0.34801729562872546,-0.24095721113325627,-0.02988465805960812
0.6073479558372344,0.3052935191837339,0.16610374514720092,-0.6501410105017014,-0.5113068208063558
-1.76684878678558,0.1460102154284627,0.4147056728219334,-0.40646195433960075,-0.015986325851862434
1.228155925721264,-0.31573168079338165,-1.6206671755071216,1.3195248555737291,-2.002604666565656
-0.6749173640028672,-0.28909618649902136,1.1793207259405922,1.8311932358529435,-0.17449779781950442
0.5459123304675445,-0.15565597802568312,-1.2151403306335848,-0.4791657538625904,1.674187645461112
-1.2441725350908082,-0.2162125928586709,1.0304898377360696,0.6450021106447523,-1.2145511116336416
-0.4644532451381648,0.04102128126477839,-0.37421132305883315,1.5242457243254761,0.2939582736061496
0.3100846646036751,-1.0977891905018382,-0.3333300808298643,-0.8908313611136404,0.0698297808781703
-1.674764893377511,-1.8887350959488487,-1.1576559902137844,0.7507304163651608,0.3121723866923482
-0.053511108206406754,-1.958245838324903,-1.100170520615612,-1.2578376791511414,-0.6079935191776259
-0.04723900177306988,-0.09035150934540444,0.6657491208171106,-0.12910730478442162,0.12003677146307061
0.4297667615598105,1.2148339731938567,0.9232077091703863,1.7964751199997204,0.14915210738113882
1.3925109577734214,0.2943812081079783,-1.1021266983540372,-1.2904363535772778,-1.0400570529288655
-0.2782886574010865,0.9159336585945651,0.40950105011049215,0.2271809718516061,-0.3047974374071695
-0.23044017985031529,-2.160952394328441,1.2853611219312902,-0.009311821579292065,0.701379910292437
-0.11759003398473387,-1.056957353208735,-0.9693727458135553,-2.2326399686139142,2.760876264516627
-2.0317427319779866,-1.6217023920428237,-1.6188303172661538,-0.5408946770348722,1.497104636893701
-1.192892719220385,0.4187472078753622,0.5796265714164608,-0.693392190536565,1.160019133667283
1.7576506119096327,0.6320482684311161,0.7363650141238468,-0.2719528797689911,0.6968483644290165
-2.147064251777561,-0.1968460164117052,1.253744722346227,-0.5434873582424246,-0.9256451794765147
-0.9486517879151619,-0.0646057932853936,-0.02067425439738508,0.18673992621471783,0.8887580323722889
0.989452953795611,-0.7499056671738041,0.45895705302169465,-0.8217434321662701,0.12247172511437805
-1.0885668831168016,-0.31049691789275247,0.3270382562647816,1.0269340650593641,1.1420885879296316
-0.5909367744657537,0.1273371032692491,1.0269273218139592,0.7560522751749975,-0.5725359643911426
0.5496843664559844,0.45155427977533535,0.21042513378744782,-0.38167621164708115,-1.0083915533807546
-0.1671791682375575,-0.29822480548798624,0.8149012718269071,-0.3977699266520573,2.024762120166782
0.037125663837712236,-0.34215438149578825,0.945941924834626,-0.5539539420704087,-0.21493899538992695
0.9516513239897669,0.7000283967632486,1.2202503333401131,0.26889435069164774,0.5756909603773387
0.10636256815146214,0.9420213029460052,0.4918100973089436,-0.015726568386156336,-0.07434831354658533
-0.8235850859371522,0.9622159532707891,-0.4433738970070437,0.3770479350153092,0.14472775861932713
-0.4817296384412963,0.4303201692677512,-0.6016501913508534,-0.7168644345458965,-0.08537530443153922
-0.7513528043930532,-0.09247159449046362,0.2553221107713774,0.44975272495737756,-0.24523501662715458
-1.0019843040605803,-0.5248799106869311,0.8443068902836605,-0.8116664003806995,0.3055152495288486
-0.03348180325976735,0.9885383832573796,-1.3134385915559943,0.9190789401132988,1.4273361389816313
-1.6505882804311134,0.4196804190455925,-1.5394262949181747,-1.5177056838740153,1.5478108834868034
