-2.0269605258138474,-1.3124157028006107,-0.7432676957081976,-0.5453079645359893,0.1628030210580139,-0.48563649138392484,2.1410173058498927,-1.0539226318164887,-0.39743902936001585,-0.9557353479426227
-1.375922003448776,0.644148377428495,-1.0736995208375253,-0.7947400346187358,-0.8906599345190818,0.9889461096706305,0.3047707665392613,0.504177521227524,0.3855664296250423,0.22749505747430793
2.0465094666090056,0.7175667860189332,0.8478467015624311,-1.4914062615891193,-2.4586584976368155,0.6220673761605099,1.6291745057805338,0.7273235286934674,-0.5943110635353668,1.5887886802547242
-0.7708908342525173,0.6215007859351561,-1.287762791589962,-1.8323810269368888,-0.1792788304231788,-0.8743282685674366,0.7732808919826025,-1.0612512517082113,0.7298440294834068,-0.3076733035579867
0.041838672382490436,-2.2168357486317083,-0.8031428225609003,0.8729430124865357,1.3838560327526428,0.010852553322665187,0.24307279017145125,0.300519331457385,-0.11866245073078684,0.27278054466604323
0.642545830692687,1.4270986551626519,-0.09821203696257211,-0.5570061242904766,0.2987675323483553,1.6203991296677753,1.210247372368843,-0.283339214049945,0.14314937238903785,-0.367120586954915
-0.18358406180925843,0.06066878700291742,1.5368378495881696,-0.0013915041208341873,-0.1425862975460029,-1.252555756129422,1.0676665346929104,-0.2047715841992666,-0.2435167170909625,1.3265376293056972
0.825647491223769,-1.6451218813290824,0.7179231165185349,0.3764519996217683,-1.1148283089733932,0.34543647478194245,-0.07552801588696739,-1.2513166969711225,0.2583893206909984,-1.1391017506056078
-1.2207924749296135,-0.5888224691729013,-0.38702794549886566,0.5213853439211272,-1.7438991939966397,0.49736525353531713,-0.6555654787752957,-0.03951452400128217,1.3766649332549623,0.6069601459883036
0.26732829358726723,-0.8422478946340478,-0.2553093928226781,0.19377596209077189,-0.9149169595021801,-2.7185035580261885,0.006145474860287585,-2.1107342044727617,1.1787766522058936,0.06255554133368013
-0.45314891257185175,2.4953471802327014,1.5448738438661727,0.033718818281369724,0.1542708942324519,0.5994972320381774,-0.98153693626754,-0.8961389308304721,1.162762766209763,-0.4173291609908505
-1.2649696249629043,1.9115847977603078,0.5655304052350834,-0.38536238862812144,-1.292551231625153,-0.2447814947959759,-1.6798147014593896,-2.147414750534428,-0.14298481572078509,0.5057460236634506
1.062592328208733,-0.5978108736696547,-0.25394294177334287,-0.09400767396008576,-0.6954136667812334,0.6456820175319433,0.25881350709197704,-0.04643769318038477,0.9669640833803077,0.06809469472531007
-0.7982233784625827,0.3954882114509414,0.537120875300025,1.1803799419789829,0.4988761707752556,-1.1377744171270832,-0.21774659657588075,-0.6061940837244977,0.5009023864156231,0.4060107419905254
-0.9698963105293799,0.8273398787389801,-0.9346744874177452,-1.8349365772298478,0.7785124028922824,0.6842786980550629,0.5811730293265437,-0.6578029235973918,1.8502198146199107,-1.175855879757543
-0.06292529577648459,0.5109037923155267,0.23414265522148972,1.8728690313826097,0.1575512899834553,-0.7693575985074919,0.8267636024103039,-0.7063613954608059,-0.7357996185770012,0.5296247602551695
0.7017439775034415,1.2061620958887846,1.2296345621838793,0.3105235370500895,0.7179513604922585,0.45957415834143334,-0.6475118451347868,0.21664770792884855,-0.15452665002697583,0.954062436912001
-0.1736274113648545,1.8812069067921882,-0.3923997510112564,-0.4493593814224417,-0.16190758569965324,-1.207807123747778,0.03089063275563735,1.381769294601309,-1.0081447791047868,-1.494610981811627
-1.265193226864604,1.143315710740601,0.03946822787970133,-0.9306836924411844,0.4037899028582071,0.590958483885854,0.49598168107252233,-0.12368464657148062,-0.4940930727495929,0.6807130202040957
0.06705297976400089,-0.09635767639753391,0.7650052338055098,-1.445654318721157,-1.8006571150864394,0.5975343960701068,0.4741627993634801,-0.6307074385385903,0.7002050033919539,-0.011856688893234105
0.7203459886182512,1.3063346145405013,0.15502419744267593,0.7281687965841783,-0.20595805444423446,0.010009281097401254,-0.11127253674279271,0.2636129883727343,-1.1416497241395276,-1.2964681571141876
-0.88848148805743,-1.4446669866473132,-0.9012682880301833,1.0752043327472078,2.240272838287533,-0.4548552568456623,0.7730943832370633,0.013036494279705919,0.9418437183592304,-0.5592985680093789
0.853811620441392,0.7255445291131993,1.060972086148203,-0.046311899642199957,-1.889205674711653,-1.8873457960606081,-0.7411327425462764,-0.11400969155869237,0.4361591412631216,1.0468667177021242
0.9368564686133377,1.7103405676441288,-1.8034442742580377,0.37990218231967,-0.18995359175781681,0.27876048182684676,-1.0983732264435528,0.15207715448457657,1.7046603213679565,-0.2755292687075754
-0.954535283124875,-1.026961132744313,-0.1849173264280351,0.2201761667420481,-0.1681749211985989,-0.2363543071683264,0.4732314260325273,-0.5784390970826173,0.23621398113905318,0.20036032889862296
0.28894901695073055,-1.350825064468048,-1.7259036368540372,-1.250088377284191,0.5291807408846501,0.39873843685166477,-0.11348815208393338,0.035610057766266974,0.84816733336833,-0.7122923179949007
0.6009116889257358,-1.3208655406302758,1.0032405382932055,0.347601062883985,-0.9392644584135752,0.7614194403698783,1.296031423083469,-0.02424252537109754,-0.32240814155486375,0.14327358026128617
-1.5136362531483611,-0.23612975005064132,0.126957538725414,-2.7494875047963903,-0.3121290615702215,0.4055171155991003,-0.6786044360924183,-1.683138100907797,1.0366242141596846,-0.7658450673437015
-1.3750812051099353,-1.7436443742335073,-1.9568645397719198,-1.48687322082206,-1.0260588594292401,-2.0114405549745245,-0.6600029537640576,-0.05173622852474301,1.7997047994172133,-0.09214153331015443
0.24617271366961957,1.2685074495425086,-0.3187554394834469,0.35996809606453906,0.6817791890055597,1.627056615827148,-0.6247315451373067,-0.20218624985329461,1.4211410499562318,-0.2314127801696155
-0.4681239671520007,1.0461011224078434,2.0815213152871728,0.8344807881145166,0.9539711361369952,1.7114006767683632,-0.70433639934259,0.38315955279754976,0.41152897806216954,1.5162446970258379
-0.7788711344804117,-0.14570235759518568,-1.1236742691584367,0.9571397649847667,0.7235701424646721,-2.1602432015667845,-1.973350808618768,-0.08511448876605618,0.4373097249245401,-0.47543622981698097
1.2254706008207783,0.5560833535108762,2.0143097083420622,-0.9480336159256816,-0.9635797267142895,-1.2464672460653161,-1.0634316986297425,1.918770781401292,-1.924212416878099,0.6571835664063624
1.1671151359119687,1.1132014982372325,0.017426750150086993,-0.23998042342850606,0.023300057646334388,-0.5467942693252101,-0.41051828811656793,1.0018476535160443,1.775222762293207,0.5261772532641441
0.1584985641363571,0.3510827425906064,-0.26867225176770093,0.5315325554119026,0.5477615721747177,-0.24094931096129538,0.4064186207771883,1.9275400184839548,-1.3890570884288491,-0.016694088483691336
-1.838906886697515,0.12638354941804913,-2.10243884787894,-1.970938047814247,-1.42913078478903,-0.7496931983040226,1.7614618341193895,-0.3708271358729967,0.5134131464246909,-0.37662320336249494
0.417052639479858,0.3760626953833114,0.35150286943930054,-0.2359778766166795,0.18626646925505552,0.30546968107085437,0.2451676823343614,-0.8221290594643108,-0.7982731616048466,-1.5299870229809096
-0.21803978542380759,1.421292530292836,0.5436858805333844,0.5704478632878229,0.11799682019302857,1.6270307128145154,0.3121213392816639,-1.0878284070372144,1.096653945200333,1.1482935353295975
-0.3530924745178998,0.12666548848565234,-0.17921697658414287,2.09293374313653,0.7660510500339097,-0.9638217558990809,-0.7784590621440045,-1.514792737106887,0.13250694944317729,-1.158879575746533
-1.29644273391752,-0.1855187794370538,-1.366566566953233,-0.05220034682045171,0.39610016722263053,-1.1603233230746643,0.6017395096496236,0.9205536867315873,-0.012973559042815387,1.7170842150166628
-2.087575098226995,1.0481489132134192,0.23278776142436478,-1.5701000751052643,-0.8126348892680285,-0.09798308400431135,-1.3715150355707155,-0.6567284243483388,-0.1752678411139926,0.24363463927460607
-2.1516674114985785,-2.120199157943258,0.1094071964075237,0.8480817391541149,-0.42124018873597796,-1.3383459640468829,-1.874689054755956,0.8780317337578164,-0.4791161078921011,0.31278574641999723
-1.9872576161219038,0.11438817618220709,0.4991999347954028,0.39078175306921015,-0.9206145122819945,0.2893033974698556,1.326248464915941,-1.1602611728178862,0.5105258955665958,1.0013285580239137
0.7999117971945119,0.3301713367284475,-0.23283300561451287,-0.1924777678222987,-1.1981113552118337,-0.6494380046023503,-0.21606605137037596,0.3390853343730795,0.5078494932393769,2.685057268884102
-1.1007326921396603,1.7199297950304746,0.3993411852710363,1.4437726378281188,0.9159239177585742,1.0627674764978086,1.0897790924233564,1.108516848892215,2.0548106204317027,0.509098033245723
-1.0273176768015284,-0.7201153051092559,1.1550517274492238,-0.8292113519619749,2.035727147850654,1.0061866743807673,-1.3053081777769755,-1.568875363538122,0.17854978387671647,-1.2684884645327814
-1.3934790486089923,0.28051541465069535,1.7852297633998349,-0.6794220613608669,0.6251583873155894,-0.7200439917188111,-0.22485642755871255,0.6872419143541585,-0.20793822308317675,1.6053927697149266
-1.6214207930500448,0.1405600279869539,-0.6163535400511131,-1.903336419736996,-1.452300616558747,-1.80260460086003,0.6555098452577163,0.6371632488014197,1.4808839809875762,1.4605746340446475
-0.8208478727203039,-0.40307754719093514,1.0416579431814446,0.3651151438911724,-1.3826928689580202,0.07324234598138815,0.9208824698662867,1.03235639582756,-0.580726153138971,1.065703598172605
-0.20207410044970292,0.8385231470280805,0.7199566970881683,0.01966113487727373,1.512958694683758,-1.2313447838469043,1.0645647330184989,-0.33577719558856733,-0.16081091071743184,-0.916210439211042
-0.39141993181553736,0.20733945641446883,-1.1417479368897727,0.3485617417021955,0.5284806835674133,-1.7581077999375307,1.2957977177210882,0.8233120231591392,0.0319522902226524,1.5200021172414901
0.4357200997194116,0.5025615728346801,-0.10859421499863878,-0.3676833310135973,0.017326356704058736,0.4783652366876444,0.08117038854998045,-0.4662001786357503,-0.029089088035272378,-0.6517434683432399
0.6792129451734714,-0.3077798695241196,-0.6802109517260727,-0.26131953233466937,0.16410626933811884,-0.3218762263859662,-0.25354322698328435,0.8819498275266616,1.77807065461979,-0.38266855284770723
-1.0911634875012126,-0.19836269400369977,0.5664508533266446,0.6843680031262053,0.06824227364251906,1.0899853626236349,0.8055805243901966,0.5594904708837138,0.23493542877814413,0.7828301808992129
0.06877403867756189,-1.4968334168059703,-1.5532195983377197,0.03878247342690277,-1.1500251525195384,-0.024559734120055292,0.2625091980709901,-0.3778298933474326,0.5320477545934195,-1.7338558788056715
0.09068138869937108,0.7014411197466061,-0.5890312751827003,1.5919521765708875,1.4508632031537578,0.5865073606322909,-1.0952308765125027,-0.8450664685617431,-1.5190554839091148,-0.19824569113779295
0.05654378854023517,0.028017476726444005,0.6391976226502893,-1.6603964010611332,0.20252970409480123,-1.063943372751115,-1.1209090133911854,-1.9877678876171858,-0.7543887792815163,1.290857180673457
-0.7692575955464163,-0.3396429599112824,0.8227329636359075,-1.9875823918007338,0.9901836820909958,0.1051446367799735,-0.1363582450746752,0.07686037071507115,0.0775931951726069,-1.1621943021800936
-0.3531995032267762,-0.09630771904875106,-0.48891538745081115,-0.3747756811679134,-1.3301877941827513,-0.2545379260704684,-0.04201571842143158,-0.8005656791384759,0.23873403390526832,-1.486133978699823
-1.5886393828847756,-1.6245088597546236,0.2895646631563915,-1.1340955351139936,0.20964848124159813,0.020534842363707593,-0.3928919786041629,-0.23561296019712438,0.638405701843025,-0.9756617690713797
0.7015865959390082,0.40692274681768487,-1.2604898873373773,-0.09115075822666314,-0.16985955876064768,1.8980453746235424,-0.49042268433627856,-0.5595475909547724,-1.0959195817561613,1.0815089449075201
0.29323473606532274,0.0955481101198197,-0.6827737104415929,-1.032884849998749,-1.3284776822565176,0.2694955552310295,1.2166754572200957,-1.050434607011005,0.1622641557846168,0.3555235631480283
1.4704134861947271,0.9275413349700109,-1.5492495198086897,-0.0036796425963801383,-3.0376241996157862,0.502180018101067,0.39001144752039746,1.5209397831489855,0.12340104338780895,-0.3266641470663477
0.5217458000172203,-0.25890675232006133,0.7543472534228509,0.37003896796394564,0.7970492337850057,-0.5658036633473952,0.32197147320005026,0.10546797520613609,-0.21231743187245694,1.2381762519040704
-1.2269729339941091,-0.4242738816593535,-0.23428487663159756,-0.26596429971371544,0.30698971956508386,0.8288189272875738,-0.6979545626430226,-1.5540947645280068,0.24913958376363685,1.342291953732377
0.329642122013685,-0.5900435813986691,0.6772561406725243,-0.8124188228708106,1.5386616911261182,-0.4170719181152524,0.2006413014165091,0.6127836479665673,1.2147226454438733,-0.2035880572146167
-0.06532025309260515,-0.010471230595193701,-0.21219655823195888,0.2591466728914035,0.9581722436179819,-1.501338265750773,-0.12688574092104493,0.7399848740300721,-0.016916413023522158,0.12448115238440051
-0.5579644206952,-1.871696513344537,1.449698019974293,-0.8743161010189238,-0.015305658360171646,0.4558415028645221,-2.6053388712268504,0.5994351928266451,-2.3076661660004416,0.09791320378312822
-0.9834116705426023,1.510172975608837,0.614947628884931,-0.7690412835551983,-0.6201169744813239,1.128065222598837,-0.13374915507218463,0.8804939034618553,-0.9318901048380572,-1.1318737739006792
0.4709264083555002,-2.4249353224081474,0.20437716999103647,0.46277030007065345,-0.06353070876783719,2.050147639617157,-1.247608399972374,0.07000222794321138,-1.0297064373701283,1.877544219680314
-0.07469881431820687,-0.9332609791145934,-0.25342329710023975,1.6002366587871286,-1.0876287438619539,-0.20718860941693645,-0.7908566703947701,0.3936154085094845,-0.29712818138306457,0.8013888670999652
-1.9062688704487276,-0.3011282819087997,1.7784171267664672,-0.32233732951459554,-0.5138124424288509,0.06385060466658717,-1.3639276446352595,0.5076763872822878,1.193312333368248,-0.3985910203441972
-1.118190778681652,-1.0549856337236656,0.8111481351351181,1.3790924078616869,0.3944968135084491,1.1331186033137985,0.738261131665594,-2.863526039002929,-0.2396590826087307,0.05411040631091166
-1.5596961066653423,1.2661718794114065,1.6839545069392277,0.9995863527839264,-0.9075887728556947,1.710263149024196,-1.2041539994292836,-0.5998101778785369,0.012355756269373007,-0.4141584405527415
-0.12785022979105104,0.16559239742893425,-0.5836709759245037,0.5552044937007395,-0.968702281317866,-0.42473205566413347,-0.7232875126978534,-0.9110872276498022,-0.07065954109214721,-0.831026680137754
-0.47018576138665696,1.2816942994323182,0.49569178835204186,0.28125034698192425,0.5296921961871902,-1.4680408444879323,1.5582826767255153,-0.2947525121802471,-1.1569725313726607,-0.504703077298064
-1.0763870742352835,-2.0700126258745124,0.5719226497892022,0.4244101406032697,-1.3646270792011208,-0.8124237293543651,-0.3006825028123134,-1.3754005496624677,0.7638161258782209,-1.9465297264041121
-0.3045089195364046,-0.6507111643975273,-1.435554440419924,0.9810279694979195,0.9243519065974574,0.6545836279351761,-1.0310622447164042,-0.7032137702991924,-0.47866892205421346,2.042378881309805
0.035071862528196385,-1.1922934091890298,-0.8360614926261121,0.20890734667331234,-1.3430236789314287,-0.3929984135585643,-0.0814173612656168,-0.8139809851224696,0.290582644488047,1.4910751750127889
-0.06137913242106775,0.8612548582181918,0.7736897149934112,1.0159880319155494,-0.604505255595336,-0.5061666632198227,0.2648168043894496,-0.7093107601353767,-0.8923002112401067,1.18498279205784
0.4297121712493531,0.4365702125337038,0.3226185140800188,-2.9791084986451333,-0.2731636204805084,0.6687673201230079,-0.7325612240190638,1.4177329140684796,0.11931839408204035,1.290067066538529
-0.5712408939824017,-0.7256437606480707,-0.20584294641995307,-0.48462968748860963,2.240447003032555,0.8470207465755595,1.3057516678008976,-3.2979774284470396,1.002157682686828,0.8635363828728994
-0.45128403946721996,0.9180640402800755,0.45105574097714396,1.1093747497220854,-0.40475204971258016,-0.899340909558637,-0.2967348619471461,-0.23079263459107208,-0.7555238175988458,0.36857475483557983
1.7210081499012564,-0.5965608253951289,0.3013853535626366,-1.0294881302303729,2.014034873280886,-0.7595551702695089,0.5516887017356273,0.2669341591851334,0.6262087088153137,0.2937095591574424
0.5087840075833476,-0.9697221614979604,1.4706545846358372,0.43613856381953303,0.021582825260820237,0.6813583006656712,0.3879594884736051,0.7459760528578911,0.5367534277857205,-1.333303787255718
-0.735519062155493,-0.19112324824517105,0.08870935588866773,0.6413140971559511,-0.2296832155838633,-2.7043666028888005,0.7913045729450124,1.0843842192478244,0.19718152915765894,0.3740443150525708
-1.1196130395032808,-0.5275941959796814,0.42727747942394134,-1.2923535054810082,-0.8310303218110968,-1.1020909704823953,0.2815821455997575,0.4138641494909041,0.9826774010857088,0.7477962435291063
-0.7289620797379037,0.21612461474621278,-0.11068217242983981,-0.49649176357565894,0.0022130569067302167,1.3212269026445804,-1.2503356516914161,-0.9688090514647012,-0.8244363248418446,-0.4001147036955959
-0.4083355154909301,-0.4948234615577704,0.11759953459973398,-0.28126492109616713,-0.25203150169012795,1.1624778108000535,-2.6616090812411777,0.5440181753069674,-1.0393516334008182,-1.2239965617751023
-1.3871888432115496,0.813371988639589,0.9153158504804628,-0.13120974666927923,-0.3045736952734034,-0.8604292298958637,-0.46472092093950496,0.31736627279276824,0.2025762178981163,-0.8049159601268587
0.6730396798936946,0.5160416242503866,1.5700713740363792,-0.2473341365558767,-0.0019355525599893163,0.4767994970473823,-0.2149252498529656,-0.0436474214188874,1.2557396425427585,-0.4034272529308476
0.09050715159814339,-1.0988697128962095,0.5524097504156829,-2.8564218746456933,0.16076761586292423,0.8744026661702433,0.7614367414195029,-0.855577548015508,0.7346012847735915,3.1819806704447426
-0.7874553605461814,0.4723712220268661,0.22042423382417534,-0.5803112002959885,-0.7106656793624356,0.801524215000584,-1.1529987389482426,1.5895011594947241,-0.6227223560761816,0.01094457494303902
0.7270009478249577,0.8606796013972696,0.04107469256567311,-0.6138190723052752,0.39940046571165827,-0.45184193021786356,1.1605910800703145,-1.0762438256783546,1.0355544927107625,-0.14537269721390425
-0.6039687018210428,-0.06547141808337753,0.05803164699685891,-0.5070462586471313,-0.18579418222746638,-1.8238807097570149,-1.0136638606430985,-0.5312428949465455,-0.10767116410547369,-1.4300482621394626
0.021838928684968565,0.6532341159303333,-1.4102630213828369,-0.4093175986695549,0.7090125020401765,-1.4778470022907735,-0.20410185712489198,1.4137257152059677,-0.9300172240898328,-0.7844367163881513
-0.5761366856206813,0.3645496005589604,-1.3199807616563002,0.3821464851015903,1.1446090420822843,-0.5860516734129811,-0.02572132174528443,-1.1780477842736825,2.3149346098800736,0.9359204253101355
-1.0678042343706742,-0.4017915938410877,0.8019286084105635,-0.10439692920047244,-1.0959601232546297,-2.0675922925133516,0.5208079000749926,-0.026690205662433932,-0.6719423935300586,1.4349864930772307
0.5373978555448746,-0.17032659230192376,-0.6292880767554907,0.14367663404377015,0.43802013281815627,-1.9090149691377443,2.2407418200852414,-0.863190085156394,0.8006429041917337,0.37553816347855656
0.17730897065046008,-0.8752280374467659,0.7439585606532487,1.758817465167806,-1.9722160052502804,0.1519759753803004,-0.7277817079940117,-0.46669972811810706,-0.4708422157620343,-1.0800368708159716
