-0.710900767327509,-1.5756876539730125
1.0297688149755944,0.9176465754630339
-0.18612245080077214,1.5112320595229556
-1.081396327838164,-0.3880876560009979
0.4477471505174848,0.1546212812910961
0.5847912131667669,-0.15623602200270528
1.6042205745577782,-0.7337399870004525
-0.7041516085175751,-1.6752396916115448
-2.695579722075085,0.6524199868760374
0.6568741837516305,-0.8752092041726702
-1.6902404514087757,0.19978037439067178
-0.9412158551091085,-0.5044454682652544
1.7628315762959172,1.8943397405408189
-0.0456986175045314,0.8505356547816834
0.43295445895558216,0.5019250486151368
0.1488138065719947,0.14712160747804173
2.884889709320683,-0.667213349424878
0.8542246161642779,0.469276507839914
0.2519740603048252,1.6180795666384684
-0.314073715595934,-0.5505022412559206
1.6500099118446714,0.3345285592790854
-1.2894206704102762,-1.509077315285806
0.48294933660420153,-0.3916715303265175
-1.1383623951020452,-0.12184798679720442
0.904364101639064,-0.39904062253177597
-0.5865291800764987,-0.9101179650101183
-0.13593948039210843,-0.6849104507113474
0.10248587039808768,-0.7429603675258203
0.04153128955211367,-1.069405301943203
-0.4367494937589049,0.017800319372254486
0.24175389883967244,-0.9385101336730525
0.256505411659836,0.7525585109438647
-0.7252993963930505,0.4449341116120039
-1.894673778515554,-0.6277861190525036
1.5580032125960623,-0.302141565716722
-1.0493425251811614,-1.1696433522069747
-0.19556883405058229,-0.3097816198063713
-0.43039801524687704,1.3721917904827678
0.26354631932093037,-0.500839901765332
-1.0263804834288468,1.7907780055357922
1.1225200743004873,-1.3134237322679645
0.09092848272248187,-0.7994754990194939
-1.5170115683904715,-0.4619561739300224
-1.152333642403663,-1.2587956740626876
0.1847463231877534,0.863449703802901
-0.07160263726303692,-1.3334267521937984
0.20154422515373394,-0.0382934717289326
-0.1432363436179253,-0.9262820308702551
-0.5319758116312708,-0.604978722148969
1.8955153037606807,0.2113591872523532
-1.1340081587883235,-0.09414574361350019
1.0001340721464163,-1.70007920694985
-1.2834089572830403,0.9814311820375458
0.7636705561566527,1.121977656681438
0.44227716463144334,-4.6874333607867275e-05
-1.2818076271339232,-0.627232571903237
1.1436295792364377,1.6236552710481065
2.698005019954663,2.1240861494730487
1.3339741581841842,0.04641015191256221
0.9146740101118885,2.3287128652660587
-1.6468513831606437,1.6478151321129528
0.10647838875640907,0.8174578325552068
-0.5620197430373801,0.6078731598460735
-0.8299215308903191,1.7937685362979439
-0.8901102347502227,0.5678033271213756
-0.15535019104709924,-0.6767955722650185
0.8013973853085555,-1.521866456209609
-0.39440979987952696,0.31453840530292143
1.630740199550668,0.26262335284199156
-0.7808622416517005,-0.735432034869837
-0.029230470320630406,-0.38281429629194197
-0.335261332193439,-0.0842190707028851
0.19325938763340836,-2.191061583898545
-1.1069014686529093,0.145653601411621
0.30689310388967134,-0.8815939828554646
1.0375145614719616,-0.9447739745573875
1.1903727513253464,0.05820651798222378
-0.7771285493391052,0.45311878193941163
-0.21660221085651796,-1.1697419339784254
-1.2022990158978943,1.5459767447414092
0.6406844197170006,0.4970124856412133
0.9014552911593259,-2.4386637703299106
1.349091186232948,0.3659454156382298
-1.3892282368254776,2.178111693565432
1.5754665886328099,0.5910038372967075
1.465784914107679,-0.5451278057243352
1.0464771628157292,0.2437203454774035
-0.8517494161715891,-1.1930413293513515
0.14227415003572869,1.5617507049990342
-0.2662549325450439,1.3479270045563994
-1.9900874955031846,1.3752240290447997
0.03385006360357116,-1.0628761275202687
0.34286862561181003,-1.069162125476535
0.25883739142672346,-2.3481692641618106
0.23710159557699315,2.152616512829205
0.054629953375478005,1.934413739215334
0.20895053317739157,1.008475924633929
-1.0492804267184277,-0.049324947235135225
-2.101940236875419,-0.10854773040676619
0.18249187955679805,-1.1495145078125795
-1.132143571778152,1.5056906790404936
1.8801263604023954,1.189092955005029
0.5606156636335605,-1.1431035854382203
-0.05238698647204219,-1.0231677674721382
-0.794294136806935,1.689855513980077
-0.08484377886226431,1.384135398748225
-1.3124146011586972,-0.4027833222280039
-1.767667165108073,0.7950851835859676
-0.47469833951502577,0.5613166089751054
-0.6896989207843395,-0.6811694270220348
-0.0519011412782326,-0.43544194983992945
0.5534092749152268,0.3823951518602854
2.2066310267977514,-0.043694572733642786
-0.2761738512224395,0.9839637715273382
-1.653759451222325,0.02431015238706271
-0.3278561928699476,1.4453599610745822
-0.2318846300632068,0.17478617815377828
0.11251499514907799,-1.8637485422239424
0.6864674103021388,1.47063452086491
0.7939159662277977,0.6671335956619122
-0.787324354612995,0.4208789623505889
0.7851674633203125,-0.6467888857689514
-0.5391897601732252,1.4076493001094228
0.31362275236042086,-0.9597920478666254
-0.23710341763633802,1.6927526196302054
1.4642079516091389,1.9779796550394573
1.1103758163736976,1.1958445853255943
-1.565288208447832,0.23759932983132084
1.0867952006714157,-1.0422744322019035
-0.31901830996049424,0.25972689395651816
-1.5236281217448204,-0.9126949990876366
1.1633073636660107,-0.3349048264831424
-0.229589212817721,-0.4762104940260472
-0.35398022189113565,-0.5281061268758664
-0.8824737511024914,-0.5887161556772855
-0.5378891841607759,0.4490215995598882
-0.47515755287269995,-0.9627595861551088
-0.8131206268852359,0.9536418042009114
0.47168366192896977,0.6080568584214177
-1.6426693219024697,-0.7451801635592262
-0.2809420082713575,-0.22447965530522265
-1.1253007629512597,-0.2383098911977919
0.8777017200220844,0.0032937363891374235
1.5625084483297376,0.42846693184940676
1.3966595839708131,0.706523635205388
-1.75485642494971,-1.15649283113207
-0.5338272034375424,-0.5459750168106682
1.1639848328425457,0.24421563026326587
-0.35081921510425634,-0.4260771898259787
-0.9696855741512708,-1.9518418944674625
0.45074678036438925,0.6304177293746211
-1.122214412322885,-1.8218869411471732
1.265411732741586,-2.045427005426183
0.6171064075820146,-0.8080737616122301
-0.44342696052059927,-0.33459454681534606
1.944584377344336,-1.2592314897802968
-0.16632568135555414,-0.2692828542612386
0.7853401632931984,0.1852571563791611
1.053348683545691,1.414874761455018
0.1275744084226397,-1.2289282729570807
-0.6835580989008389,-1.9091353292929885
-0.4925676060584729,-0.1355461165402701
-2.208701442169013,1.3376946504205358
0.6803109693904109,1.1832254274437897
0.6788393573904902,-0.11297030265530361
-0.6906355616273921,1.4688806592344428
-2.0570471758453084,0.8630722065894243
1.2918975103987422,0.950914816033586
-0.628337239371583,0.7014093345377297
-0.008553456887263562,-0.4047501482732174
-0.3314806756734287,-0.9615621912472418
-0.06749307102251013,0.554703469795252
1.8807405496164882,0.8625856245325721
0.4197961343613509,-0.8952429957430268
0.7605715634540275,-1.1133447182233502
0.7630421229890276,-0.5353007567712054
-0.7298350902690077,1.2841671303414264
1.7418038746249387,0.6329834269044425
-0.1862412521381981,1.4846562047463676
0.047678060245310155,1.8498220819313502
-0.5014021455551811,0.38110075902086904
-1.2110390491837055,-0.3952004825753187
0.7630033247960045,-2.2626415737521017
-0.39654205396145337,0.6762108594973488
-0.5471945250342478,-0.4057765644552511
2.3052770110445056,-0.46500347377671847
0.7450594015426608,0.5317519706703102
0.38424258747163403,0.49581694855871133
0.6900792924566643,-0.09949841734761135
-0.7124803246766233,0.4956818436774024
1.1347318776565265,0.2697726142669343
-0.9630126295595616,-0.2601309464792979
0.26576061763094694,-0.9595900242957918
0.31494003330430465,0.24133113638472284
-1.3832150565758723,-0.6707077123722255
-0.9646494174889022,0.9354775251924693
1.0252342189663994,-0.7407295019889526
0.19305769973158252,0.6090239009382729
-0.7147139297212038,1.632213541122593
-0.8814711050918815,-1.001973827743126
-0.6804732736722909,-0.17078244293060016
-0.4098246039307234,0.6425901331646378
-0.0959626774335942,-0.9322091593837085
-0.5183374226382428,-1.2451497500519988
-0.506937734726105,2.1313753551591508
-1.1471229874783102,0.9403848005149205
0.80719485852516,0.5128377657275139
0.6857195492917647,0.3514321911473262
0.060834877055515206,0.16425302373376927
2.082949206330851,0.056315860966763
1.1864239706901785,-0.08149648380624534
-1.6577753844910565,-0.40675499272454296
2.290908551707233,-0.21986755406150896
-1.508584509720427,1.2039593758155624
2.5542641449690535,-0.8117303476818244
1.475517471198578,-2.389582411524579
-0.8703926616714348,-1.6576803738204602
-0.5211709912250665,-0.5120755932714032
1.2643445495935817,-1.1007146316362133
-0.3089845923538508,-0.22207887949671404
0.4994928370262052,-0.5523591606716368
0.42321745818084705,-0.2305394925036082
-2.0256384818564093,0.7584149890893207
-1.887939939094539,-0.4660875576724971
-0.5595885129432305,1.5022027185475924
-0.6672031264723561,0.9002527822452728
0.0187413583445907,-0.34862409133604777
-2.535792158605456,1.6163320490445978
-0.18614730187543865,-0.2756605674698381
0.21237698557033288,0.5230659827008046
-0.14195844255232937,-1.1807055726759739
0.9972732941465839,-1.757619287162425
-1.3698301365772625,-0.05978127886718359
-1.8245782371177974,0.44838360891276463
-0.0973330809961152,0.6153796315562605
0.38953661307923265,0.4947227579735215
1.9004471258675715,0.1389893383060511
-0.10380460954316331,0.5328268427273596
-1.1579761454183413,0.08542694339974459
-0.638537699157741,-0.31113596073114935
-0.8147817191493917,0.9926827078189286
0.6254854573592955,-2.923700626366686
0.20226542392804386,0.09026518074810896
1.0450433609163439,0.0601428640454843
0.5706740580928391,-0.31470337024637507
-0.6005467493248507,1.0344644191921057
-2.300405048547943,1.224306126503292
-1.3870731014114746,-0.5524964537951664
-1.489806705874962,1.404006911232405
-0.017702924860844342,-0.39127261317349626
-1.2864624403506568,1.3301587395069678
0.7207878476941396,-0.4227573327352258
-0.28905643747790055,-0.0251189741320215
-0.46873586245570353,-0.10089764942070108
2.3388899647943,0.7211558718018509
0.39300695245948963,0.32202712718111387
-1.194529283145294,0.731212226459658
1.207567581147961,0.6570733389948887
0.6102840830388522,0.561113269609412
-1.5322140600760572,-0.3337327139460769
-0.29445291460933637,1.2247127924951269
-0.3346677160349318,1.1803628834968245
-1.3703173039063152,0.10356964234586483
-0.05412961834424529,1.1808456438715125
-0.1474967373611706,-1.1275484932487725
0.014208971659862813,-0.8177598967221481
1.0288152692187666,0.5100336486406766
1.485124999633093,-0.16851881313453376
0.18864116320969757,1.2190067269695188
-1.061028701014548,1.471983435381502
-0.3469478141800851,-0.4711402762643383
0.9839578410996167,1.8558752578177327
0.07085549401232179,-1.700930061882487
1.8149534563616334,-0.14953304058900663
0.036815731071817064,-0.5836820741330598
-0.47520407655246377,-0.5728105636846232
-0.14169776365248102,-1.59204519900301
0.27236039314705635,-2.1228344389289955
0.33407833071801285,0.3738896237777495
-1.5002749242004887,0.5411860159349007
-0.07898142229199323,0.9528600232128803
0.6167599210671832,-0.9312881461614196
-1.1904096576083856,1.5756814479254577
-1.2936754438365141,0.2808036401225752
0.39786514154515285,-2.2515414449835736
0.5757176807969642,0.5171782786897273
-0.6726835226258324,0.18802797568022545
-0.934334255679081,0.24408666142768795
1.6472556362103532,-0.4130781223113998
0.07399933792317603,1.9159311171069762
0.27398149592086557,-1.1124747916362507
-1.2588389530148258,1.4382450436271805
-0.3976127114514375,-2.179415292939206
0.6343044535749008,0.20365984884847163
-1.9022087018283889,-0.23516456738928987
0.04692169530296321,-0.15723953132558266
-2.158086090093489,-1.4826470141027932
-0.08377357497287521,-1.7157815174483821
-0.026656797726529853,-0.9885509286876074
-0.3025373167231532,-1.0492934283125879
0.4816908621621726,1.205490517138331
1.1423717298259437,1.5472476834921018
0.48568372473207116,0.32007211605044145
0.978054703256069,-1.5600952735049975
-0.10076300382516548,-1.061040798602324
-0.8708836180629114,-0.8695175578372903
-0.5405510249885843,3.088430677103699
-0.9652009494091351,0.21944653943151723
-1.7332476979984475,1.39251968127418
0.3117753229515372,0.3272316531478996
-0.24529182243753558,0.9661942967159612
0.8748898972742506,0.0657333843376021
-0.21144820182636276,-2.4052543543324716
-1.2008179546961664,-1.7813725601830952
-0.3518661886228232,0.35783960318396163
1.3117335088084872,0.6033944671938548
-0.9486164419773423,0.8656893920722918
0.013037336513402146,-0.6057816811890858
0.3073530754413879,-0.31958822144599913
-0.5837250976911965,-1.4739316783294967
1.7059636231186397,-1.0964847371106
-1.0226342330371019,0.27079224068199054
-1.6487884235697445,0.9725574922216375
0.873196934045915,-0.13008726576369548
-1.3802151861449874,0.4273213664619948
0.19968079041569026,-1.5177326460380054
-1.4874459189274807,0.45006501840890517
0.6462529060175947,1.7805637472056222
-1.065304665690972,-1.0421365408529353
-0.4511295917698978,1.2041554228382543
-2.055501880499509,0.3166756030927257
-0.3349273875954571,-1.7571127880538784
-0.5576746475278652,1.7314477750001027
0.9607921044845581,-0.5304506788787313
2.117923568464548,-1.6572959633406614
0.9909525583320801,0.3933987516691299
0.20751353706207723,0.22374798114288583
-0.657947798311288,-0.32417007720638996
-0.1870577286309233,0.4395662861803284
-1.3601283906893702,-0.02077356485482153
2.248980984556526,1.3561307981755817
0.9548384310031834,-0.00011423456557134754
-0.3937031717116107,0.8900417357307557
0.3005949855897227,-0.02019532979843684
2.5856541427342377,-0.07849059937050493
1.8085901902706387,-1.6723385769875845
-0.8054778043624161,-1.4304452364934142
1.3330890733410274,-0.36665191647610507
0.3214928331003025,-0.7752252653509379
-0.9102286731705994,-0.6673244881680512
0.6748210359683062,0.1791551019621586
0.6530965730320353,0.39201843104131034
-0.8084987392378179,0.7106258252425468
1.0145472803788698,-0.1813047648010795
0.08588767694859098,-0.9244090047773473
1.6763419590353634,1.0782883261566227
-0.3213773933146996,1.276012626698242
0.392394549129952,-1.336208031362376
0.4140748905173315,-0.22954832556261007
-1.5497770209032147,0.2620892056585228
-0.19276699697716596,0.5634665944301253
-1.0198546854793233,0.36698700324865796
-0.11702621563296416,1.1276373655545735
1.652912265086179,0.3923099490398645
1.8405925792876145,-0.10574895311499932
-0.8229667564231702,1.101781161836118
0.10205330847176076,-0.6295989763686718
-1.084736053851286,1.4117570692235333
1.3169381277249361,0.9843087355680141
0.8394560241406044,2.2295309614386336
0.30521873500769375,-1.1166741333417614
0.7327243748330365,-0.41870414149584545
-1.150970759670965,-0.8614816192558624
1.461249508040249,0.9824031922883139
0.2447755808581053,0.4886685036452941
2.2945473817423077,-1.7124234563274814
-0.6353671725160968,1.0294942168000087
0.658792241372169,-0.24140312744335654
-0.8824728734897002,-1.2673090496736805
-1.1566068384540762,0.05445546108809047
0.1196478528576887,-0.25829612235905514
-0.3374452314136401,-0.18119006966721066
-0.12826609592489593,-1.184659775279489
0.9922966807625211,2.2610311647477386
-0.40479980072310423,-0.13790176117237332
-0.5665155253477994,1.290390997459951
-0.6948361760909633,0.186614621975082
-0.07913132900710224,2.3024655670255942
1.5418167840830364,-3.2153381368758653
-1.2714216527223796,-2.9981745672375966
-1.274352290688194,-0.4584998539642219
1.013889551200005,-0.2582653784556525
1.9727834812555738,0.6609888684977742
0.36553408690682826,-0.0696052498487984
1.7931104950824122,0.6848025356876516
0.9335749184174628,1.10729758082748
-0.8971017056649421,0.6188262193857911
-0.8169448356821809,1.5292839369785824
0.17544696325763132,0.6988846289456128
0.4141742509447013,0.11799416431623368
