-0.24961614352413264,-1.0494567767595437,-0.9853941548626586,-0.9979661528864476
-0.16844941972372304,0.3960714112083459,0.11559653378091496,0.9849138282512291
0.7150707580498571,0.4701900695286202,0.378056672213508,-1.789295033828893
-0.05388673747476804,-0.897409358807358,0.2020020242565876,0.9203656877924952
-0.1481467662656412,-2.762313600418422,0.9827272210600703,1.6071262599272655
-0.8496079084408448,0.901919031064758,-0.32531859515857225,-1.4164744687963986
-0.7924290284512333,-0.7474582438907289,0.9854568233515756,0.25856163561833073
0.6122626001185457,0.858539114388803,-0.19658953676640314,2.389871652071873
0.6804988689396367,-1.1532980716743304,1.5321432195768314,0.5892816380563975
-0.16712909028052558,-0.046147610802739145,1.1887187806699362,-1.119398527738533
-1.74805263497236,2.2471091099943186,-0.9554632545102274,-0.23266927112180313
0.1851862705056459,-0.9875841725848216,1.593200003491593,0.2689571677667194
0.21891964501178587,-1.127378683548813,0.7417456318543533,-0.8350270310972943
0.7310617800160246,-0.11380553994691373,-0.4223739784310776,-0.8040436967996926
0.21792141316452618,0.49239087619683547,0.29493524312675207,1.0358399204539384
0.10979823905269766,-0.8607440824224213,1.8339355341070005,-0.6075569212369267
-0.44364987812217194,-0.2435680502198924,0.11624672780834285,-0.5158488173455094
0.3226368491672871,-0.1725848554234055,-0.06465163476617672,-0.9239546329331927
0.14319364673599877,-0.1861160525741779,-0.8191825673748792,-0.0889953927646001
0.9344380494470416,-0.7716495582279309,0.8183082207239856,-0.1388934892545861
-0.5863351941429867,2.2605080261250823,-1.7331607758119663,-1.298044550660594
0.18605578415980498,0.6699731467477206,1.4299614470403414,-1.4159923935656418
-0.9887338817264841,-2.1183961722348217,0.8561570070987058,-1.070889488563309
-1.6069911265473626,-0.9501957339979514,-2.0007925921338257,-2.134075604192243
-2.468256509474908,-0.5577902453689008,-1.2708247433949493,-1.1582508410118608
0.25465113445487375,-1.1249875154850313,-1.7346307891869497,-1.6080329427247657
-0.20104380389276738,0.5224458296107758,0.49576354978307047,0.7228222563740254
-2.0851138078730025,-0.12476500058453784,0.36027411817932053,-0.12294705974752687
-1.1508732989456036,0.3980863046092799,-0.2422240981891286,0.7607307194917833
0.028300948270861805,-0.17104361067983756,1.068527382109223,0.44676494159073377
0.07796220584499651,0.7406123149623297,1.4172023466198471,-0.2853424207541956
-0.8484901024781578,-1.2902503778437635,-2.0938079189755343,-1.0077873051130255
1.14468383827541,-0.11025686905025589,0.9987129305868833,0.14704386764170935
-1.6229310297407982,-1.099036781267655,0.5701851275257671,-0.15002575299836401
0.09682027436123482,-1.2396053724465323,1.5522120316477066,3.168981781666317
0.27674342509143596,0.4893715839210602,1.4593503139348307,-0.1406250907276874
0.3937587887656299,-2.0807795408967764,-0.6700777190031696,-1.744245612037176
1.7012743408712545,0.002500825487958136,1.114636459173045,1.5019037941061792
0.3480286295920454,-1.4217901448627503,1.4706668654568633,-0.19747980507022653
-0.12784769224596607,1.0909394718323338,-0.6219025367996481,-0.9337764262523871
-0.8641370828765027,0.21216568472824054,-2.351916767314683,0.8796428590367379
0.5159337652393262,-1.6808230942363198,0.647850912939542,0.1046270516601
-1.5368087477394312,-1.3735646853212968,-0.6693170529308203,0.08982318320516437
0.7783077543218457,-0.853433260419137,0.7551676284363561,0.12604561860689084
1.075084977624482,1.2792182823199485,0.7135525952708687,0.9668703111645353
-0.7208643615662053,0.5252709042811562,1.602610693386134,0.4653357140762873
-0.24138805722771908,0.31599721513528023,-1.0163451341652145,0.8643175883415805
-0.5521880327040302,-1.0276972237687192,1.041076036079637,1.135717205446341
-0.1031738864316549,-1.5280567670293812,0.14281785882617135,-0.4000444665904531
1.0241077419875515,1.2360918609021698,-1.0871219372959076,-1.573587643243879
-0.5763164875919101,-1.1876627874034438,2.2350325513053746,1.572357280860273
-2.7112804128140744,-0.7659057616302596,-0.4386433877171412,-0.10214543990044322
-1.303034501556262,-0.9837575663520574,-0.04471960113247025,0.10028844678187764
0.2522508307379694,1.6276717615468443,-1.5821038705937502,-0.8181782834870697
-0.3273308106216093,-1.5726928966487383,-0.6148011193556832,0.7811050339992653
0.57609002629293,2.498487278814505,2.3298535387269186,-0.589538224508046
1.7887826740834103,-0.9218383135762301,0.5663359958605758,0.8760159059185294
-0.6674210666463112,1.49308619743978,0.8123859260784416,0.26569216972177373
0.6849014759125941,0.2353595363851459,-0.5268031363799357,0.1305190360209735
2.035051612379601,-0.850798439274142,-0.5320053269628632,-0.06436306831475583
-1.2972624309135858,0.6131983679743912,-0.1492303530271848,0.7682066963426007
0.1612601115668035,-1.062539233485322,-1.0874581245572983,-0.377416930952504
0.5880517187144936,0.08087029451471653,-1.3949898525180873,-0.722357166923637
-0.724561616651152,-0.7421448916521655,-0.3771065120962867,2.6193308491726603
-0.04586863574620477,0.8938393159734238,1.3772689509799807,-0.6724915804536029
1.7649612912381931,0.7414072736053413,1.2292129715882845,0.631809077587317
0.8321196683013964,-1.076733702280332,0.09589396037724748,1.1494591920081458
-0.31485729916957284,-0.27061347369834876,-0.6380404588433879,-0.08970068132558612
-1.8689144228914727,-0.5288591587756147,2.3535796855600073,0.19987235529152708
-0.9493088385091636,-0.44500698801656113,1.7591118462816504,-0.9755920032849856
0.416180287693348,0.3926442969068209,-0.7064029087408961,0.3828735816363113
0.334237944915431,1.251186978122439,0.5556035218615479,0.31766466739591853
1.02001721163939,0.6132437597551831,0.4317455077242719,-0.2476024388110557
0.24741640500201287,-0.1837623184979677,-0.7276118194508526,0.4829091312630569
0.16277383044928723,-0.5613056963410797,2.6404572417315464,-0.8751415852190084
0.21882331241866945,-0.8075220011221523,-0.634895515866207,-0.9046479970185629
1.6312138698322436,0.5315058761185929,0.11739068989719062,0.9935788923804014
1.2258854486560684,-0.12277648433261046,1.2489843806639258,0.5362791823922783
-0.5925534685686964,-1.4203795485080948,-0.8822552002670231,0.26152322576989495
2.096354276347454,-1.5135293622171004,0.2529056211554402,0.7138058422665635
0.7662556727059914,-0.19696973132878323,0.059276807210642435,-0.9548089676989638
-0.09678561509278293,1.0833114588211077,1.5621904125676132,-1.0730090668515309
1.242381501879112,-0.4375766652482682,-0.0600255306339927,0.6173804553877509
-0.70416106117392,0.38940769755591614,-0.390385515763667,1.458482419959261
0.06825766745210862,1.2427267591224855,-0.4373535497029107,0.7576609904979484
1.2885068394783545,1.0499943732956334,0.6604902489091482,-1.6199125417833
-2.1080602608864316,0.9403604001002906,1.0269920353148512,-1.7617582971206267
-0.1167125552272427,1.4079834512683367,0.3744492293253764,-0.21321593095301475
1.3094169800170834,-1.4642152699438715,-0.4294639626795851,-0.2317674719605061
-1.1666826750073414,-0.9210131299420994,-1.9630974627964395,-0.14774994551473547
0.01921841364468086,2.6461007804467536,-0.39199143020689536,0.04004314399961924
-0.06869699583349113,1.1708787133601801,1.8214571843876906,0.8099325253004163
1.0739053675761279,0.13551051214871931,-0.8885179010738483,-0.0812804993191294
-1.3581891498597836,0.05466205990570529,-0.40670408041534806,1.4830482611235147
-1.4576278194750663,-0.8899570981757866,-0.8299308646019801,0.3891587194418245
0.47693688708461757,-0.1076617184404784,0.23248270563245396,1.1338372072831195
0.3233986365367585,0.8134752324508887,0.006296651006273105,-2.2258947487985665
0.6290469222485373,0.2329983645162761,-1.6860743904051985,0.9562502686302231
-1.0558659705209066,0.00848108081058269,0.5016208985638553,0.30439871595446794
-0.7740063902574617,-1.155639317562102,-0.4147257466080877,-0.16266153150736615
-0.06586606776869128,-0.17447825340998557,-0.912073563766449,0.3648098531559974
-0.1648010887208191,0.4302132580683833,0.5344746618493972,-1.4848762623948815
1.5436747252911631,0.8055825960941874,-0.8918712159738064,0.03791850119531066
0.20817975475533607,1.514970275966636,0.1781899503336627,-0.31042928422137234
-1.4455160453885099,-0.16123864777935368,-1.5983594064908149,2.04845867191878
0.05023295493742089,0.48295689609659775,1.4991667087321978,-0.43092298312879634
-0.3719148666407613,0.39491780926656045,-0.9460324454772739,0.3655846576524659
-0.16873223320417297,-0.9805553678238249,1.7258350238785707,-0.4590767633123816
-0.11980479930719183,-0.5164287653168206,-0.9301772012033671,-2.1637653837060853
1.2827846657689097,1.1103264914352124,0.12394931154213765,-0.5485088497632981
-0.7704311098154941,0.33776881894739275,-0.7708758301030427,-0.7982786438128163
0.5799781642962256,2.2880875349634366,-0.16559194661156296,-2.0937984494283963
-0.7685997403868874,-0.3886689527868742,-2.9018217622835074,0.2470022291206901
-0.7347740150477046,-0.02570405260900299,0.3147777892124481,2.302178665350264
0.3999421525973374,1.6458551421238774,1.4692809521812344,-0.7711883095749531
-0.3835817620766869,-0.13224783823741673,1.0432177142382666,1.3467438552897693
1.0335580032480747,1.7352792106067791,1.3280506073749199,-0.4521747508521914
-0.540303980441434,-0.6276988633986125,2.198590431534443,-0.5902580764457938
-0.23132831178643473,-1.1419046120092768,-0.9424646390826209,-0.7452308268749375
0.8138995570754155,-0.959580920019494,1.2854711572757016,0.9010855499846411
-0.9220771622777338,-0.9737129519864423,1.5577206896360416,-0.9613778602330675
0.48791652720847056,-1.0990795273966387,1.0409409696836573,-0.014723956933906457
-2.377925557794619,1.1690433091570809,-0.5739315371882809,-1.409811858943938
-0.20178426825778034,0.19256696711504334,0.42160772146784187,1.071680793248447
-1.4185560031408162,-2.1957094763331617,-1.1898218630516466,2.0450971782837923
-0.5493176347765261,-0.20976636012947494,-1.189423850830963,1.7300168577431683
-0.3323369971184172,-0.9713766878859331,2.200471974146747,0.5620773634248838
-1.5629357863039248,0.06196256604943038,-2.4456736463019335,1.417517409945439
-0.40477650278469557,0.5546620114657163,-1.2880507508697856,0.12351384518616859
-1.4367045086871515,1.057561764332026,-0.860623617690064,0.7625136679778963
-0.44853093715014253,-0.8885878781068224,0.44158970175873863,-0.7930061392210213
0.5459343254180247,-0.5330196916278518,1.1185056259763475,-0.9345556975297675
0.26298304565110764,-0.6799489839847656,-1.3994012944134955,0.40563690807567765
-0.30963956014971017,0.3157155447174175,-1.4466485255046357,1.3768341799172925
0.5837288875234892,-0.31897712781823256,0.10405021047348925,0.2982624291827436
1.4281842594961327,0.2294922637652678,1.4267895840556428,0.047361239847225005
-1.7084400104474264,-2.5670860813169156,0.17515594558124856,-1.182783446577412
-0.8035215646770077,0.5848542308795203,-0.5768169623740653,0.2791099922523459
1.1700089424936113,-0.3609459187872508,-0.9662139388448573,1.7715707732630241
1.7618428913676536,0.9637887455660819,0.3750536313560413,-0.7606155059291253
0.8625462869879833,0.5162989951710196,-1.3000689179496359,1.5748285110397289
-0.9827713768085161,0.12613445841923057,0.3036253204370763,1.5493713717402107
-1.3881128440650994,-1.0899515528760335,-0.9839972729749175,-1.1472964089946285
-0.500240234158745,-0.22211796760059319,-1.1308442708167186,0.346824668156262
1.8821169234063415,-0.9320828239831743,-0.22853808489497623,0.13966201086160637
0.8757585569342254,0.22694305020485026,-0.07710560790430432,-0.07669907391826088
0.4085673424360449,1.0838309780898119,-1.472534513225673,0.8615059325463585
1.6000456597510402,-0.18654811052712497,1.3300555406826016,-1.4694079586354052
-1.2053615417059962,2.671024004269572,0.568839002517396,0.09729961971519974
0.521247467637409,1.12570318556144,-0.6649535504955112,0.17803134242789875
