0.3377388739373328,-1.0651500751691083,-1.2190663662832166,0.8863783080247043
0.7138854214732071,-2.563667277111906,1.288165600062666,0.050161487827795996
-0.9667737378548601,-1.1060935409090775,-1.0191161687448627,1.3737627355498343
0.4367808664001313,1.5866209375134128,-0.018777706356349094,1.2938615443444665
0.9751717971031864,-0.4578459816295228,-0.266079963173101,-2.625652144047747
-0.3389822313347342,-1.0556897031856423,-0.3494956583488492,0.5405329848607421
-0.504770332619484,0.9121298547672951,-0.29047848508362123,-0.5667345880383126
0.1656164508244718,0.3819003458025643,-1.5835797668622518,1.1302804267889341
1.163694683234407,0.28115283935611546,0.5100351053304046,3.2509199943864626
0.6914302428690761,0.2007428180024929,0.16127078514884757,-0.5949054771781715
0.32753523947435825,0.6031024960321728,-0.2650229399608024,-0.0808202702591358
0.266077008311199,-1.0856158064350272,0.30941157823044374,-0.23941212788046978
1.1235805326426886,0.2086759361898906,0.06535446758577129,-0.4535694421090578
-1.9140133223757838,1.632539351105294,0.3507684530357909,0.47123956523143734
-0.38594906985644434,-0.18199105148653383,0.1826303322984682,0.1537872240995712
-0.5729727802829381,0.20377287739222122,0.46880814664817066,-0.21584056364258403
-0.8879928278887641,0.24799093524679128,-1.3029860518866392,1.46835551197862
-0.0742526062971894,0.3502337166809181,0.5939693229204959,-0.14718263802354078
1.2563654852164068,-0.057401187485203335,-1.0429042567912448,-0.14485814065393046
1.4408974377228274,-0.7591550329321086,-0.859738648516961,1.191499270590761
-0.3618696490052227,-0.7786690400885362,-1.0541740096115906,0.45733247868950805
-2.3477270357634956,1.0958308236093925,0.04884895593746641,0.5404564781316643
0.5976750259122917,-0.6050895470477916,-0.35166787675302463,-0.7959383115553281
-0.5364563923252144,-0.2600676560591164,-0.4593667679990267,-1.524269510637107
0.7179695156893547,1.2426014337698326,-0.7487248429184604,-0.894391937522979
-0.06443004111052002,0.7995145144172934,0.01662238252916538,1.6885762535093267
0.6106004488063063,-0.04612742168252538,0.6922572444911915,-0.8157287686183293
1.5085367935346325,0.21709949863136793,-0.8621019911711714,-0.9730545912427353
0.40318121397880297,-0.4962714877860227,-0.37165613177667156,1.285108686233153
-1.4644973427118235,-0.07028515384516577,-0.6819629361353634,-0.8850878871115377
-1.5674457715529342,-0.08409974683513455,1.5790577810248974,-1.4275526728693149
0.7441294021882645,-0.03718263762943186,-0.560737072735199,0.8438187268804529
-0.016001941284080484,0.4870467754260337,0.07750384708241621,-1.1357950215794501
2.290357229233506,0.3598531142103019,-1.3430692809956106,-0.0043139447546227325
0.7259716966674276,0.3395088750610575,0.6693558335144839,-0.7170353537577293
1.1340618105806755,-0.42045211336729377,-0.0925262634408502,-1.1204630283411505
1.1608246941030742,0.3148921833534652,0.5271817089920013,2.4303481012604853
-0.7993757354655574,0.48069067684527106,-1.203580947290639,-0.9474738890212075
-0.7931422650237788,1.386792264784691,-0.43433947703821774,0.8888149468659686
-0.36970967183383346,1.172285081296643,-0.7525640720502188,0.9788499658671522
0.13505868824884193,-0.9371215502017887,-0.28906836040952194,-0.6557208367313019
1.0986343260471858,0.21378024323978423,1.3368590279023576,1.4288552688329372
0.22965106736158536,0.8945399165631651,1.8316434863731952,0.7422434392257993
0.8075853025157491,-0.14454703330611604,0.48958989652377527,-0.8942638591738474
-1.0454353087681114,-0.24246463276138716,-0.057220976083022686,-0.055009517570525426
1.053275477533732,-0.2980183689186472,-0.5997164210014649,0.6328435939390149
0.5480849419671804,0.4429988877062957,-0.11456023056774077,-0.4677628090972966
0.5841617202168577,0.8892186867869195,-2.2274767989119737,-0.969767893071687
1.3495206565567996,0.8971205792207567,0.5192853216255772,0.509377492496998
2.208067715570259,-0.7041294534375531,0.7492387598958528,-1.937850528271432
-0.18437485647397878,0.32500006570536794,0.020893198482182962,0.6948732599346397
-1.184593426844777,-1.5531193835828527,-1.809604895870082,-0.49236009932151775
1.8274986721473474,0.05182413163123625,-0.5920843051979594,0.841760158008444
1.2073024459615023,-1.3127957330159954,1.4218096398488742,1.124746398823728
-0.6320480126127724,-0.45113641955554024,-1.657692688454287,0.8613083349383663
-0.011884930460905087,-0.08526341421899455,1.4491875726208816,-0.13539662853154738
-0.6924020149455782,-0.47066474891349874,-0.5530726553048497,0.6396657707221817
-1.2824035843600126,-0.5093155268052619,0.25369234096073956,0.7324561040909371
-0.03675532611868872,-0.5146813673108631,1.1818184995630003,0.1649265147805395
1.1240029442109876,-0.07307937962546776,0.28154253601106927,0.34226013373022457
0.3105752071444154,-0.4999316417605521,0.42594709535005454,1.1241695199387256
-1.119460999798002,-0.5471368295973578,-0.619403437375913,0.43177233777345086
-0.07749223316100089,-0.2155234022953869,-0.8478702588036493,-0.3482730438821835
-1.6797780531058022,0.7139114404224826,1.2747752757482484,-1.1169145068140232
-0.3167911831771288,1.0687726819380168,-1.0378059622281768,-0.09280190912938759
1.0853896450089586,0.784020720026714,-1.1634917926817605,0.604104056357353
0.2411344771680103,-0.07757453194861205,0.13852169155268856,1.6465511295487338
1.0882639016307911,0.4114807749572942,-1.1497652332295416,1.173199331263521
-0.5777485925239433,-0.5463352876652642,-0.6234787113179008,1.986411956664845
-0.35762809373447046,-0.06136676154727347,2.4048143006752363,2.5281391399140527
-0.5018317967503226,-1.4853461944366502,0.24734146670958387,0.3984261796880289
-1.4211346559898257,-0.8513607539033826,-0.9259715891752366,-0.07372410640065653
-0.2129574737766889,-0.9966836491558819,0.299295702320241,0.3469174256426107
-0.16947730735368582,1.2736153705782252,0.3530525619610002,0.32337257850078466
-0.8681166556933292,-0.03181753741954643,1.3897148915239408,1.2827361193281512
-0.04045510485603503,1.235643802137009,0.312715711385607,-0.4663063959182265
-0.3577716750606603,0.4830613387086075,0.5031287288935229,1.3967510876167666
0.3508576179451933,0.1199638342450982,-0.41486396712799223,-0.1017429471707062
1.1683344461918612,-0.20181543200232385,-0.49141247746885774,1.28409329332178
-1.2095410022749553,0.7951972867917098,0.22089784198694537,2.4008561501552212
-1.1771746550583526,-1.9036694334135307,0.5484615153589137,-0.2750192089684951
-0.762629620106775,-0.1558894482145833,-0.990883275737245,-0.3459865773335
-1.6816420945841546,0.33614962081043936,-0.1716289837418618,-0.47829067265963926
-0.9293694684110192,-0.3939055616506101,0.4394147061400649,0.6863060233959173
0.47422492506909225,0.49582399312524317,-0.30151481350072157,0.9445479572968473
0.38450950357033986,-1.063905212781043,-0.6713644243864685,1.592127911856128
1.403222276481297,-0.09019894479199075,-1.0718913902321094,0.10729588233361526
-1.0391520293778829,-0.8433885478150348,-0.817706941170534,1.7289181874869168
1.3548428104892702,0.646246338388056,-0.6702362618347977,-0.4213184126143314
0.8370947640075758,-0.04677123180623268,0.2314347521742298,-0.2168190885141071
0.3204597194625466,-0.6287816934282736,0.8703533543840557,0.37913015594301974
-0.4522988043231107,-1.7264564944888638,2.2865303532497583,0.10340173520235414
0.9035926392050331,0.5366704417447226,0.15579701472559296,-0.17149280055042143
-1.1423561530809394,0.29218450933162443,0.8267574730507112,1.603033989779561
-0.2187595009192191,-1.5177507537105586,1.237016143751915,-0.32460210274601176
-0.027588632362223125,-1.2330095158846925,1.0249288913609196,-0.4254749229687142
0.11626886038647896,0.15525337453424792,-1.6542457189816542,-1.2008146368715753
-2.7619991874978607,0.41563738201279765,-0.18637897526743727,0.11787428584435554
-0.663015747288835,0.22370559135435836,0.5677752840491627,-0.39969442525155363
0.9469495834649082,0.171082760205781,0.04603972292764681,-1.382196339189989
1.4649652002595357,0.5531658962528099,0.3845573626333778,-0.6826765090219991
-0.9589450943438982,-0.43035763331554144,-2.130602778837333,0.6295881468357083
0.4532208321073334,-1.3420409726249933,0.3305284688227303,0.06552648644914062
-1.1772616796935185,0.2536633039943258,-0.6510448116098663,-0.45940395582332805
-0.8167433593517898,-0.12101794673148113,0.2776219145699977,1.3572918370290379
1.9902913529858905,0.06436284896530355,0.5478076689688115,1.8850750471878899
-0.25660329714490454,-1.2298373808371392,-1.0872013165505283,0.43280104629302685
-0.05018761049467498,-1.1487837236971308,0.7116617797046573,-0.5913121136778434
1.0911315821305059,-0.4641427929260361,0.30863286803591944,-1.4447926568472156
0.7701055204573236,-0.34020728272419193,0.9864068671189633,0.32588749217938806
0.07985204757720579,-0.32490782157364684,0.2026924108244015,-1.5055953526240538
1.6843251387306941,-0.027419673731745677,-0.9611341827152521,-0.28339933647466786
0.3691954498089384,-0.9674409200970985,-0.9577196766188559,0.7728368834577799
0.373215074150403,-1.3251546988017213,0.42442512434452573,0.8186659230917016
0.28550700128365597,0.46879778110452625,-0.45775196145802816,1.476024673770194
-1.297714006399991,0.6914589299601566,-0.946324637421904,0.6522158520027416
0.503502789668147,1.198985393193665,0.5474786891680121,0.25187917922400105
-0.32564180257962044,0.22590094936142094,1.2486969044158982,-0.1819454205315349
-0.9704753322176132,1.2590949960503186,-0.8057379342864167,-1.7902644925907922
0.023146217393164577,1.6367387860564395,-0.9290501827831855,-0.5532566677486779
0.7273474618146428,-0.46014364295949045,0.9991549842540668,1.6971899351964426
-0.7577127559219067,-0.20666062690582448,-0.22841686011515966,1.2344570138201894
-0.5532839798616885,1.4316224498459291,-2.268452067279017,2.2089371260155093
-0.4700785939223808,-1.0789032452130631,0.6564162044703472,0.14945340905747972
-0.13404744569463908,-0.3918560290427988,-1.7150063980110506,-0.5805683913771621
2.039221110169643,0.7688898934202297,-0.539754565288327,-0.895397176298819
-0.8916822472116258,1.7302612980729437,1.8065383973588627,-1.597937790307336
0.9285044066397593,-0.43437582847835515,-1.6018818346683832,0.4575745522224891
-0.16265190099557822,1.014850441959791,-0.0711098300811394,-0.2837443478693939
-1.1117251354742357,0.20199343119586216,0.9159116746752826,-1.45150229642173
0.33403403109548485,-0.5754488584654811,0.9437381955638,-1.3037301052544994
-0.6154395069330538,0.40304173333689636,-0.9981689780501705,-0.04297758701280654
0.8312810933989521,0.5066741729377284,2.1141929862006026,-0.2968418515631215
-0.7746154747912251,0.13878193808161846,0.31082615084118365,1.4748407538824193
-0.5327560712681667,-1.8750235131628594,-1.290509736712472,0.6343466780426888
0.4975570409609573,0.8566023302457315,0.6994083446701004,-1.3240292919689236
0.8070883643652318,-0.6929758320592008,-1.472699440958292,-0.13364966518974108
2.3296519947300074,1.2130075504671554,1.4905950547405682,-0.46382873002244257
-1.163977987785298,-1.144135048338794,0.05453454561181897,-0.5808743017008863
0.4978647521193934,-0.5421649070236811,-1.3779917103367527,-0.6241836375765815
0.7537052814139343,1.808947124099415,-0.19394948249933774,1.485478765696028
-1.125549479394051,-0.26424078133688245,-1.379433488620819,-0.3424897625326243
1.0644728087569957,-1.5351119708531054,1.6285267170617546,-0.14100471904191655
-0.9592106637467164,-0.6855894734816212,0.6847579272281011,0.333324687119117
0.9985722569640031,-0.24280931994996716,-0.3472226669771008,-1.4419883511336753
0.4943306631660712,0.35209320269681804,0.2759354139982862,-0.12676931638379335
1.1614165605276183,0.0019973029919157282,0.431333071905522,-0.9558494487416089
-1.715935410551819,0.7855520064474534,-0.9706455459899948,1.4068738522679345
-0.08369240205328388,0.17407200372589662,-0.347282756958977,0.17469521961993809
-0.2842405069694946,1.0098246791263734,0.6751090518794465,-0.3393921011045008
0.9063950246525795,-0.17484612342957964,-0.4455179194485051,0.40339721464497824
-0.9522633124172103,0.16777438306647327,0.5239802356812026,0.2867850680089634
-0.7571750195331257,-0.7794822458651159,-0.5314825829091882,0.805261338858344
0.34425408318065087,-1.4734090852732256,-0.44283506446265597,-2.336015616333724
-0.6433471248948319,-0.3118679528267979,-0.45283559683387853,0.8351344415826836
-0.1452997717937777,0.27549792315048416,-0.2627501438443641,-0.2612606059406892
-1.7688618538534606,0.7640601912246795,0.7074381589703769,-0.3599820435091954
0.25176424910098427,-1.4516926715798781,0.01209554099886429,-1.1889710390319408
0.36881114582855756,-1.3378693413611933,-0.26559061541750517,0.835467723778151
0.16903488530297273,-0.5846788769963208,0.2928010945628281,0.05684770552106586
-0.8570493159361207,-1.3947023327564705,0.7607951980762574,0.9448091272023411
1.329330149131063,0.3997316063793455,1.6365024577610483,1.6853358188237224
0.16461586086922547,-1.413105312321382,0.17318135505064583,-0.9254228828787106
-1.0343885727873252,-0.378788540965351,0.3831614505204888,-0.4644234422703931
-0.8312764888858729,0.36072203443254264,0.41291413788250253,-0.7908358950793474
0.32571719108669334,-0.054366336316449944,-1.3429100378257954,0.7218856792576845
-0.14115012390605503,1.7493802968243304,0.324126126989354,0.042325488711106606
-0.34847590444369686,1.1565297503791645,-0.5683564269114935,-0.11223291058784651
-0.35502232177959103,0.10475018675343548,0.9978425892135686,-0.06480544995316842
0.6526143729012237,-0.6154695227957994,0.0037144034299096663,0.08132975786906144
0.11757289598397268,-1.7936092125072973,0.03385185231038757,0.06816331162215673
0.982070425271889,0.39877247771740815,1.2857446211982841,-0.09461334391651177
-1.811665552897177,-1.6383914680708718,-0.35898433185803647,-1.5803282504932532
-1.2228749169410842,-0.5731855928912853,-2.46435347152387,0.024594378450695592
-2.2969400903136563,-1.5307749346106403,-0.7681163639419832,0.6041519694511435
-0.47595940904319256,0.5404959819785966,1.0354786554630777,-2.2084169955128248
0.07048110879151988,-0.7145675940805281,0.8097562571648208,-0.9714538079451516
0.5388192422501792,-1.4313982911593455,1.74822952098171,-0.9087794401510179
1.7705406647889326,0.2508150396281537,-0.15115039155849952,0.6822112602959415
-1.9894447063914849,1.1920616357391258,-0.026958951956106824,0.6925590962232622
1.841395267374506,0.080059344551476,-0.9196934352199723,-0.7208814473666161
1.0535514262568788,-2.848256553598189,-0.8837383140891135,-1.2303539005242745
0.7949482658666446,-0.4900824609652475,-0.7098599982165953,-0.5495231998892465
-1.376873780945378,-0.7418230853400629,1.5601503832229346,0.518960141123804
-0.5730411460404222,-0.5920897633066241,1.3549150273454456,-0.9631764343300366
-0.24160471789979224,-0.6732797515050091,-0.369780068567032,-0.9274659550846771
-0.1720753081014303,1.432668404042698,0.09499957727801529,-0.31353547685070515
-1.0785505381403917,0.7780892680285302,0.8409853530373422,-1.4957282867156323
0.042096962647056896,-0.8498374529286968,0.3722047014320394,1.620383144403325
1.3591269739787848,-1.6708574522384894,3.3503087170207286,1.104396684644029
1.3954756346496007,0.01774999109820631,-0.5191290477181651,1.257778970512084
0.8348523825344313,-0.07285147851338122,-2.301014680932071,1.3239662837661612
-0.13158193886020303,-0.6294337413782364,0.9569876439476649,1.201217265580075
0.5382112596297834,-0.5421622370935514,-0.9575541113574408,0.19688725425546255
-1.504708910765065,0.5663234279282369,-0.7589908608190207,1.1353174532512904
-0.3494119244958178,-0.7174039107709034,-1.0842438533873506,0.6013419596272429
1.9625267803831605,1.6158190604541371,1.6218462891608783,-1.2736229523650546
-2.99154236236977,0.605661872278005,0.16983871807126993,-0.9937657109468924
0.4592352408757554,-0.03548673414269957,1.2787381501333144,0.351475179237037
-0.9160284569668433,0.2527716659372606,2.0461645574048917,-0.31900108617665135
