0.8014252758631925,-1.4285301616866617,-0.40763860498811677,0.6178113300092629,-0.6488011537150792,-1.1072590902729638,0.2469306190685251,-0.2088283387119914,2.048625741243326,1.78887471756148,-0.5619503830957234
0.1383724068832973,-0.775229668131815,-2.8981641063461483,1.8634273798142127,-0.04178186565093624,0.4416649696612924,-1.1078263295361388,1.2103978890180536,0.00858677102447076,0.3361735340529675,1.2360258827500092
-2.533952614895809,-0.5359224862671487,1.9485399665022265,0.2240455384573659,0.4842161483178865,-0.8606472558436085,0.06537897377055654,0.416369508134758,0.13432182620717706,1.112517297101202,1.7051520255003674
0.20967173918499163,0.502680613649582,-1.154396432043675,-0.9597575594126387,1.1709013498340697,0.4449482859696364,-0.8023318964434453,0.8408956340062205,-1.8231476204597084,0.3189273114819537,0.6408023719528393
0.4515916345244851,1.8160760013921722,0.02477652907254429,0.8681420684217903,-0.5695715315329779,-0.07615101324800358,1.3626955364004447,-0.9472927425307063,-0.6131215217087638,0.32352552863499834,0.32066334122753687
-1.2501192710359263,-0.9323499708762784,1.4664685547934289,0.4279672594358529,1.4004098153914653,-0.07722244729339232,0.5538599899567278,-1.232538967394459,-2.059337167676497,0.07417453293050942,-1.1608937841472453
1.4378284028807036,-1.4923860583716977,0.46014800878359324,-0.03784353342143736,1.2449521898161737,0.11050131367966799,-1.8043598199895767,0.14306345880288718,0.7531377043783392,-0.4917522184513554,-0.4753603240013842
-0.3911941597040548,-0.48677004734372037,0.8930581539900843,2.1137105876640687,0.7364597453078859,-0.3008573562870015,0.07931814405383764,1.4406361525035352,0.8042221691317518,0.40750895131229653,-1.0493815826316764
-0.26910022622148333,-0.11836160178312558,0.4305069738080042,0.6994668388330396,1.7098886192388567,-0.7874375541122449,-0.8334126631065636,1.4068441722198968,0.3304450029021396,1.9026350828785008,0.49099751758106747
-0.05187698164687989,-0.4451249631720724,-0.37641705892538235,1.036759406304363,0.6359277458804125,-0.46890670667243695,0.1370099268451606,0.804600170641376,1.914605689084913,0.939143762226763,0.3142515121838739
-0.24335676980528423,0.23830707038651586,0.04589189515453654,-0.7110561042440856,0.12763200652764745,1.473678087594523,1.9965569824572216,0.06081722368038846,-0.5678258885338404,-1.9950570802426526,-0.24623778561380133
0.05278841292894248,0.15278985811596066,0.45231736562202446,0.19947966964510552,-1.6152047656891344,0.979545685986268,0.44733199335005974,1.305325310522729,-0.08853315352782702,-0.8854955816564222,0.05198120067763976
-0.8838848941342717,-1.0676138348397675,-0.09401021290513398,1.5926253579775722,-0.39645003738039364,0.31050332739284675,0.40121623354079766,0.6060773138133898,-0.837193446028382,-0.29130332175027607,0.539841826087799
-0.956279321757503,-0.9328320938296879,-0.11771045256993087,-0.23768566395234147,1.408139785522586,-0.05582997955170832,0.7794884475598307,-1.0844719591908165,0.31273755243213414,0.9938745288539115,-0.3548709363460656
-0.5048102865457974,-0.3418174064791963,0.6089322119387816,-0.9659537467037861,-0.7265714635014238,1.6427460658273483,0.4111131417325645,-0.06034651560711545,2.146213982542018,0.41044774574981324,-0.23063052306258042
-0.3702644567950472,0.4512137457604113,-0.5388875340346213,-0.9668130728974338,-2.3399627780397547,-1.3985095882957264,0.6318239976049739,0.4865760829624933,0.4255694924219946,-0.5149259493896229,-0.809940290489774
0.4149840449009598,-0.010021487527367796,0.6200003592215951,-0.14202926481695913,0.9181525672547235,-0.23203130001861405,-0.3064190620180969,0.15173380511807918,1.3815731291478293,0.5611996426814074,0.3656385190611333
0.058898748048507206,0.5836421028885204,0.20387641230529788,-0.3560000280145448,1.894919175776941,0.05629104273959888,-1.0666824853451868,0.009991780418515719,-0.028182855773623464,-1.042706766826849,1.3063957923508267
1.468795279478861,0.8324141300973155,3.3848310080301163,1.2489945249299195,-1.2957494467629833,1.0359404501944627,-0.2872327232225126,-0.2822748073095772,-0.6394046371346326,-0.7627050243285076,-0.46781450993365636
0.2930306227691536,-0.410222144974329,0.4090695201642076,0.2063073203932846,-2.250639917122464,1.6968178389932798,0.3699735484315191,-0.2988716226160734,0.19030085028750415,-2.41569372881138,-0.16648131934081792
-1.2733811474345555,0.6452185091829976,1.6386300848901736,-1.6312486699621134,0.014464761578651546,-0.1924696526035173,0.4715647943203926,-1.2116022281741465,-0.8908100905289552,-0.8536844389297923,-0.05216913105329326
-0.3591191113114156,-0.39230454871113773,0.23934222294657392,1.5762075743833115,-1.990606400005196,0.502995351676813,-0.9512571784779597,-0.7530983391545646,-0.44286698040764927,-0.10714154261667252,1.2981604074722455
0.83758546640982,0.03317019448636258,0.8884647790900609,0.10260097365930886,-0.6579805003277315,-0.8755993185890387,0.5086485047709128,0.5076694967724124,0.7794795074150213,-0.9784528346874934,0.6473133294000877
-0.7044202194776318,0.29735942412154936,-0.6995832129938819,1.077650831750672,0.04054010163164462,-0.7323782621953118,-0.2571570605036967,0.5955054953552924,0.3169196113961417,0.4669712503116892,0.9743856066005487
-0.06630309442708508,-1.5253756458164751,-0.036118782079197664,0.45637612443219,-1.89677221649456,-0.4467217832853932,1.1771266279219894,1.2304511719907574,0.4833438333863391,-0.9369772129570564,-0.8726087245308292
0.15153864048762616,0.49045606753942667,0.5773292094155988,-0.9954983974298344,-1.3074534221427427,-1.6495245007773611,0.11323461979767369,1.4912345551341228,0.6274092238844894,-1.1778423641697873,-2.1999444049182144
0.42933297503756773,-0.9496896453319111,-1.7987327233198243,0.8913139667393014,1.7288511022817716,-1.6363318872938608,-1.6311642912026536,-0.3525648968430409,-1.2238837368007855,1.483146428303789,-0.13678849208409863
-0.047961795751165485,-1.5337050246586093,-0.5494412324901591,0.9358483055892455,-1.2860662486604513,-1.2714255101457697,0.591717168538936,0.13068120159205485,-0.07076931020649346,1.816618467759798,-0.4508824319223744
2.4520974860072644,-0.17689834192432746,0.7638788863729468,-1.7488811683588192,-1.3217126522734788,1.5926824346646973,0.20037335702005765,-1.4929877273428829,0.8305751064013449,0.05238837058627062,-0.3178032544834495
0.8133094348275447,0.039990446302783575,0.1128708635764367,0.8444472194569167,0.42287458920456766,0.00803776082465083,0.33767903003454686,1.404300504036259,0.27337463565676523,-0.027033692665190203,-1.2528264827691176
-0.8439180084033832,0.44830170376172274,0.6828577485504568,-0.345587635472792,-0.5756227158296233,-1.2031402786003667,0.5598876192238172,0.8606200629459846,-0.14760868196914173,-1.1213409477662613,0.2917858358917206
-0.6666599546368175,-1.6191117099406285,-0.16277920529674325,0.5498574207176729,-0.04110432422965309,0.699465456033864,2.6406135640830346,-0.028305439299497883,2.25170120419215,0.3099194008901411,0.4934367879915137
0.9831476828190863,-0.6362642274616429,-2.2481858757587876,-1.4717724768643161,-0.130992217580087,0.2016391476551377,-1.1281787926749656,-0.20853035652390994,0.41716355717533465,-0.6709806056037245,0.4606154267315217
-0.3646243200905299,-0.4030786060401646,-0.3969026570115033,-0.3415465834829868,-0.10696314246293254,-1.326133989014069,1.2147219361310233,-0.923643083562352,-0.4285581527109514,0.6726591771211433,-0.7771438009199192
-0.7350493112472385,0.5582893883054345,-0.1907585935035426,-0.170512504770599,-0.6398291597172608,0.046241504165950714,-0.6113460265438824,0.02555058989707501,-0.14237581592523146,-0.2780212060875878,-1.4971319921133
0.39172642547235254,1.2801297309630397,0.7808605140994451,1.672745555273043,-0.3110747489885882,0.8248405812211117,-2.2596492835087356,-0.7552733165696213,-0.9942493999120694,-0.6898681628511022,-0.3241812790582575
0.0939908505674311,0.4950821363693841,0.09368960395060942,1.0012305879045926,0.733521365127431,0.09449856636240493,-0.8899353980730255,0.9432339188485327,-0.5605762233148979,-0.36002120219960726,-0.06774881078226985
0.5395841585089177,1.1143951266597991,0.4060039243480329,-0.009030353942434512,-1.1089068613753839,-0.7506259123400345,-1.081590659211221,-0.7438036015526278,0.728539269163218,-1.8416050478382753,-0.7066177257016998
0.16060112835212284,0.5594297049621733,0.3880524059371122,1.4845973544105309,-1.859281661940869,0.4258126197035938,-0.825082949686306,-2.3925223947719956,0.3388864820326064,-0.9168090457424715,0.29238934599479405
1.161416205543611,2.1782093205884587,-1.4105671914034603,1.3136341360078778,0.40797070230455734,0.36498487578929995,0.612891289047891,0.3266566310746358,-0.6369858188669468,0.6753617336125771,0.058384074371192654
-1.5499349960630038,-1.1086527092938638,-0.8883651878322455,-0.6873772076050901,1.2327099744137795,1.4940093317345713,-0.27238097739563394,0.8260373687495369,-1.0975158823220912,-1.2522429313648797,0.21854330395992175
1.1710048040452736,1.31581903339504,-1.0964868471917362,-1.8734476861575426,0.0493247834492976,0.34105675611742603,0.07624573810770836,0.9338870614765348,-3.552387149225539,-0.9594497896151025,-1.0874249437807892
1.0116679541981706,-0.6794215130853501,-0.2047507646288778,0.2897796339505558,-0.9447746409676062,1.854331819526013,0.9611785281379303,-1.0074301114613529,-0.9649394994442233,-0.04396488086912001,-0.23836426355334633
0.9449997885722049,-0.4638824696505823,0.1601740965362103,0.7861198461985092,-1.4373221511120202,-0.04785130753076666,-2.1592920626534653,-0.5211335748301034,0.24400563149239352,1.7121136204545075,2.209962404984569
-0.5294928171816439,-0.7757532379340139,-0.9774549751093969,-0.29225337299409154,0.8052145092409502,0.29949291613315937,1.4653523228173169,0.3217273308707552,1.656090847965012,-0.09610622988102947,1.5335869011125618
1.474093181523261,-1.6104306453125397,-1.1861692389525718,0.44451513252950786,-0.7273703105917607,0.7501088061423222,-0.5047181900778649,0.2876481877670173,-0.5221401405177121,-1.2217954808665037,1.2469587939981381
-0.24295665465586985,-1.441675874358599,0.5624765633875897,-0.03477203460759083,-0.33420986364487437,0.32279092823277666,-0.4011618968668619,-0.7992439338036836,-0.02675255575267122,1.0415712924308431,1.3465422333877075
-0.6028386894015709,0.5882289921292132,-0.13137003699068853,2.191146328733744,-1.378041027338722,-1.853749269044105,-0.25561352105056834,0.4332928978757072,-0.5417865299765969,0.2971283996246546,-0.5316890028716201
-0.8441294171041513,-1.7551637879893984,1.6229124390663254,0.2174100337228546,0.5574243681354768,-1.1355805325184487,1.6928358755828872,-0.4278475466883479,0.21529412519344035,0.08438819982151007,-0.4800414241966201
-0.666508144756447,-0.5078153430721153,-0.7327901606140726,0.20842734461050536,0.2563630660448486,1.2523351980134545,1.0089434870621252,-2.2483768026608755,1.1828251755579364,0.04863412250980509,-0.06897119499282708
-0.6915549498356106,-0.6250360671315385,0.23325495652784367,-0.8664222635575951,0.6048739248724294,-0.0871095854136717,-0.05445564594587228,1.7830554304541948,2.139649673230183,0.032883207720975555,0.41044530149685915
-0.7326822810918693,-0.13558520995170745,-1.1793660634291976,-0.019422529078287426,1.018238595396229,0.5661730712704772,-0.8124227118522727,0.014621061511625313,-1.0473862835082022,2.270511098985866,-1.1040222027993378
0.8060526278273704,1.0207153472908892,1.0648446651274082,-2.3153511647824834,-0.9661099035359875,-0.21308896093663854,0.23446049611783656,0.39156362611915413,0.23295678842920833,0.4991894482819088,-1.3361284020894206
-1.1591503580248994,-0.04309856304049657,-2.122991850362553,-0.24235566749351484,0.8701695265813497,-1.3388109991893282,0.04341081227753325,-0.18900428874843753,0.41088360399167356,0.46960207932805637,0.9576315767432099
-0.31917717584865696,-1.1525672750592795,-0.7710387441415053,-0.5386901553024007,-1.490187321806296,1.0610968166034294,-1.408668661912034,0.40113734500677334,0.4117032171039894,0.5277761346779063,-1.589762811969267
1.722254252327316,-0.6791478996318584,0.3573512390267052,-1.356846157671698,-0.08538957079665896,0.804837961835523,-1.8583327157428635,-1.8681754571058893,-0.2164066269017652,0.7976192868909386,-0.2499245110101607
1.2673118347520822,-0.4940870691655143,0.12508868149055502,0.3101718473883721,0.2699157430183472,-0.22381510170361385,0.05853133157199595,-0.15085818581244245,-1.0130158772622364,0.6112626132810961,-1.9533690266663082
0.1917669854273213,-0.7877084307965699,-0.2439647865043893,1.3308561584161622,0.9684752381495232,-1.2168568841900784,-0.1512634566863059,0.8285365061974719,-1.2805685774228885,1.8650331826224913,0.43833338172325126
-1.3052006137107846,0.5163250836194279,-0.17585488864718782,0.42382760363456856,1.0897829508775463,-1.8424169153362262,0.984126876382699,-0.4485841509179414,-0.7419031718106633,-0.7605123486730414,-0.09184848852600895
-0.2600146826768148,1.0560772755952414,-0.5027228357481719,-0.7506438875519442,2.363562443938988,1.493709361376615,1.4381105891615544,0.1745067146042949,1.3847169387568032,0.025400934195211736,-0.23961435070044199
-0.54555200635281,0.4920835823336386,-0.8453935815387571,-0.33474792207785004,0.8645540099366745,-0.3352839722464939,1.1622668213061929,-1.4853818847577578,0.13475563144060743,-1.602943070469976,-0.7984120900590453
-0.49418309175373765,-0.8408942303470939,1.224029593017681,-0.45609900852717966,-0.6685509584753201,0.885478971770381,-0.22433536005088375,-0.08156134456192879,0.19006626757427836,-0.39837743024821914,-1.2030926479606303
-0.3534862289324254,-0.07371931114322557,0.4768224961002742,-0.27605906299814265,0.30744995207076214,0.5237400352485578,-1.2514686478618393,-0.7706579247637286,0.01435283159013074,0.21028135267591713,2.1412231978148797
-0.7123356146167888,0.8821141874500832,0.6010599011366126,0.3575599421425152,1.4847038091846811,-0.6381899966871816,0.1151788704293286,-0.5709623003643041,-2.1024332681981557,0.9183305146943042,0.7034064514915527
-0.4391759228208272,0.5841893008104819,0.631067791489286,0.0516800302483543,-0.35286567307954636,-1.0620711932246736,1.2057615944081952,-0.6215097524744192,-0.7986676930869674,-0.5703554112860022,0.4836640530534953
-1.7496584692129376,0.7875781563727848,-0.3828121141275572,0.8856553840600098,0.4017317907295382,1.9033787662129398,0.5516747181683218,0.3266400077772878,1.0385231480550132,0.19011434077600106,0.6665031295794119
0.3886049784693991,-0.3730970882092885,0.057974247110026446,0.11586388883761448,0.8138856625533235,-1.4320284818064921,0.110710547190712,-0.6971771712957879,0.4410353983960845,0.767231260971874,0.026490847189031722
1.3200259802222056,0.5351349120042171,-2.0402579836658807,-0.7025983289111021,-1.9182956985407904,0.42036835286073815,-1.0894160419730607,-0.17206885850098783,0.4356163607659128,-0.6282466121489046,0.38523035362749497
-0.4395668169743495,0.7880861843601119,-0.5980684669681272,0.9013712796795385,-0.180414277887277,0.650977730768597,0.5012908186789444,3.41793066306902,-0.2912815838327387,2.020555502273174,2.4642692239897093
1.532827911353443,-0.9681591672196773,-0.6680992074264054,-0.3972606241457142,1.7373959167620028,0.17105885125123813,-1.1328507651065174,-0.977033627618689,0.6104448076045449,1.1341391828531415,1.0524857068498847
-0.06897769539692894,-0.3644849972243963,0.22452999688090972,0.7599842707084404,-0.5127338695732993,0.5093158589997879,0.9103737488266249,0.7685069272497842,-0.37481979328848586,1.1820207082034229,0.4907049186982849
-0.35729629706928473,1.3898008983933388,0.5369023335072518,0.24871115711082561,0.8296475121770891,1.0377525673824353,0.6864157418422278,-0.9612927362042903,0.6435894061003264,0.7599797003432424,-1.027066227751976
-0.5690767030418046,0.7307793362042344,-1.3316468785839604,1.1630938725000453,-0.1126100519786938,-1.3156431015829464,0.2440458631231509,0.2102999573989628,0.9726151752045946,0.2912525663837456,-0.2332309708626368
-0.08943687474104874,0.3847462611913972,-1.1873991188352488,0.8158820220176117,-0.39995296813642367,-0.896498512222107,-2.075621748517499,0.041107822829832955,-0.41133958218899996,1.226548901370225,2.8957798010808675
1.5161201298533,-0.025655091130768453,-2.3717630596015753,0.4333303972897972,1.4532717027482138,-1.0795559513450543,1.1731096392832578,-0.14176161152476247,-0.7162490061538384,-0.638263647521398,-1.55217041117828
-0.4096110717834871,3.721326856201471,-1.4326982793374097,-1.3537952638317752,-0.22652322452329787,0.5882441102639135,0.5108678147444352,-0.9459904825569209,-0.38381771392127073,0.1901021905652107,0.8017344360561133
-1.3409549229476954,0.6310899892722468,0.3899941786655193,-1.9210729355553093,-0.9306363493368388,1.1348877037582095,-0.5915168739681369,0.24073963456139003,-0.005493428574982998,0.4644197274578454,-1.333128448406742
0.6122644228694807,-0.2811179083539868,0.6164336821636967,-0.42103069493323103,-0.16173585738035443,-1.0835100473279535,0.518364717271046,-0.6706665342027204,-0.37642720662186707,0.8329831767914336,-1.7845130162271792
-0.15191061889258553,1.8602037521521813,1.746552581722904,-0.3327029531847328,0.38934798258962633,1.843043228701289,-0.5565779055116326,-0.3471798375022064,0.4719037348580143,-0.37871284648808873,0.2241148691057742
-0.2918051327242998,-0.28699018489832284,-0.08351826106117836,0.48691974251842773,0.3062606962104252,1.1564447347631488,0.0562392991244647,-0.33844617204195565,-0.38392329032443984,0.02319379460121949,0.39819593618999044
-0.36816431223070856,1.470405238508765,0.41383269662439254,-0.4572031698851836,1.076471903352686,0.08866500548767958,-0.38956280068643967,-0.13265583220414212,0.4631047648137757,1.1900173054703747,-2.7008614257455656
-1.4440253590650023,-0.5086607437052431,0.15646852936579123,1.5384914871858197,-1.4529753059741692,1.0646892738271863,-0.2807349738011687,-0.3008810960471129,0.25267178228421056,3.1267841813114643,0.5817230826986317
-0.44732815296945394,-0.25624893123089737,-0.14400498304384668,0.398164090581718,0.7748045091210528,-0.6915681839325974,-0.0412056165340641,-1.0125526501534736,-0.4748404241836718,-0.09794185068715282,0.09317962624425384
-0.2675398463188274,-0.551370970184433,-0.16175453722604943,-0.717917281427808,-0.9941325418114114,-1.1691498927022796,-0.7111902192683096,-0.8577216593803005,0.9480808560047443,0.8118328923453308,2.1536002151824687
1.05724513571156,0.033530021612647426,0.4842943655162141,-1.108178685721746,-1.8571508376429495,-0.2794574258094571,-0.8073937531991259,-1.9409328451998666,-2.362983580924779,0.062296536004808424,0.17718926087898004
0.18765093446692674,-0.3976189120241388,-0.47753785571086677,1.8731181131735537,-0.5813943810612816,0.9131805658721753,1.2708256908424505,-0.805654044514366,1.2709573004197294,1.1236244763663428,-0.4044209212358931
-1.4062040000097034,-0.4334963688339905,0.24303415201803102,0.930374362394032,1.177472770531531,0.49914034913334565,-0.5324815839833256,-0.5262036419096617,0.7054672549742111,0.7867434601789596,0.5663372863625766
-0.19659260112922503,0.5583996224084687,0.3912547060191095,0.233337288711603,0.07144603281750189,-0.8027783296915021,0.07098789958080741,0.7958867762849264,-0.7417990317420087,1.3317588474082782,0.1112223312191767
1.7991770755861998,2.57334938284614,0.018864310767763227,0.6595642841794233,1.1338174664292884,-0.9879771725390326,0.7073941235653295,0.13403967559237429,-0.6992601696480775,1.1336059491136412,1.613823209826309
-0.789052320880908,1.443476006315945,-0.3052991783476865,1.350345458975242,-0.1574739766331664,-1.2397078066120402,-0.7698236986264577,0.23518189520935368,-1.4239781394483673,-0.35937111538102623,0.3219456455848583
0.7615852950067767,-1.184927340628737,0.19784327557342005,0.6559149148282182,-0.9547914843492926,0.9763483157827512,-1.169938783140995,1.60254962309335,-0.43199232848061636,1.2839991818678498,0.9912336143824347
0.44149748615327605,-1.012390372288556,0.12143510786691442,-0.4372641716956637,-0.12750761124696622,1.678623000402313,0.6269346148303242,0.33760660672012033,1.3225442640169403,-0.4335969547684419,0.9175786477964025
0.3097533749649545,0.35275415928498105,-1.2562436929703882,1.7168875563738222,0.26985425991597883,-0.25913085147770404,-0.9446863055132161,0.5709335520079336,-0.6656858074836657,1.8814595933356988,0.6909717252385141
-0.3175814758808333,0.8194649842750501,-1.273573015676832,-0.4570101558458181,0.8386154326735735,1.0336409335386338,0.19012692967943415,0.5614851940507981,-0.3009191746596398,0.06040624374114679,0.8600389297559113
1.1205136876410824,-0.7098787259283337,-0.5426110030400848,-0.4269980272836728,1.7556656562227588,-0.13299313086657238,-2.374043373274707,-0.8492440484242446,-1.058920303200157,1.1286673450938236,-1.3736384063066331
0.01999592900040427,1.3726856194581385,-0.7481328613792185,-1.2947550324840464,-0.3289905767772684,-2.1051817961365153,0.4030983308981175,1.3118113889398832,-1.2057332834205496,0.21076245997135318,-0.8501006723590997
1.2507255320440094,1.120712213611483,-0.4320028225999414,0.6391010423907931,0.43127453709626495,0.7549554345850615,-1.0966676357071088,1.66790780847156,-0.9336623859534653,-0.5380365857868055,0.5440082654288517
-2.661455181870189,0.3407102310320853,0.14574539082868063,-0.3577255048283484,0.08427012855615962,-0.8539809343645355,1.6701718965801957,-1.492628607310448,-0.10928759301773147,-0.23979369288012944,-1.762063724724274
0.3156378374756304,0.43935187461625613,-0.7406408110816952,1.245223615003254,1.3084142926465714,0.9662065616297577,-0.6433431081016256,-1.6353580033171415,-2.093818509965121,-0.3428486586127462,0.47046881837690535
-0.04852694283259291,-1.569126627851434,-0.323243468065729,-0.3527776630745483,0.5056239140365933,-0.6509752374625665,-1.3121689325657961,-0.2557448901825351,-0.21312712202092216,0.3879735340110127,-0.3480036136637361
-0.2027743886884625,0.09070733976337625,0.20320536088586477,1.307349500313604,-0.6140420492248116,1.8108750814468697,-0.2120352313765934,0.017485258778131434,1.7281305757554395,1.1662117378880175,0.31107786630011003
2.5560345618673077,-0.9255341766994408,1.1329401069909675,-1.078333269281931,-1.8407571670481184,0.47303989258368856,-0.7946405227905766,0.3564039560097478,-0.46552106434295226,0.556420951280066,1.5720444295481006
0.6325540383607339,0.1699965051250202,0.8805068174627715,-1.4558467913925905,0.5323524912009331,-1.4457128947489553,0.2160621932265039,-0.9606813716401652,-0.05560484029793986,0.5470769460350575,0.16436831537737892
1.206335057973425,-0.5938499091586532,0.4590688817735731,-0.4864410738906104,2.2183806625028892,0.7244398476772402,0.14261557744346823,0.15129930951733883,-1.726737472074855,0.4964787616188893,-0.3728227209236578
0.0008493318602790636,-1.3542645954400883,-0.3018832518901174,-1.0537762079704323,1.1783204830460468,1.1686783825852607,-0.67988867464077,-1.5820125070753834,0.22557988277409605,-0.2549788418702347,0.2328917435241476
-1.116814776745979,-0.21711699628316486,-1.697607789088062,1.3481233771106869,0.5784255221442381,0.742569028132364,1.1046015186293545,-0.44691032366269473,-1.2143925154125585,0.8868854630225538,0.6995056383681255
-0.9309206353282187,-0.39293301480881626,0.5034892787090213,-0.8249693228714005,0.018146050465063134,-0.6926668650515216,-0.7613446444968608,-1.074258319218263,-0.3388360356165389,0.011408146466311508,-2.8146062189855536
-0.8877069765306849,1.228277220007187,-0.6076869610561726,-1.303015511538061,-0.07456337383328113,-0.9129218534555156,0.5387298654933398,0.5375115262562079,0.9376500121922808,-1.039867560361939,1.065632668088074
0.06325321084441721,-0.9906528900837935,-1.0169863103812946,2.689734874479013,0.7715560429849005,0.5511227377605583,0.7800885832123168,-0.7892402128607365,0.8406411760552612,-0.3179029080601256,-1.237733341853282
-2.3294110425607824,-0.5310542938327235,-0.991819962117912,-1.5069703306663191,-0.24023987929703797,-0.28980623141900025,0.14863763125549428,-0.06754288143852498,0.2818199844314912,-0.7628354011786578,-0.047760091766206804
1.501818803832782,-0.5201996377223601,0.11429969210666209,1.8177906650966142,-0.18027697991654018,-2.147320977941809,-0.5036319584191657,0.9945543715896218,-2.12880610869211,-0.30938970168328395,-0.10123388134564171
-1.0093046712918539,-1.260162428102153,-0.5475730353602996,-0.02631328367794543,-1.3361063435515792,-0.3219878373385177,1.1080576477134871,-1.8817468171487746,1.1643568420196286,0.7673249102612885,0.8513746700984168
-0.16080374064308028,-0.30474995178445513,1.0408028015032447,0.21515965658916322,1.214728664983532,0.13007629440719218,-0.7840564025995677,-0.4786086174277643,0.5662694318082271,0.27086101309933525,0.7228400859584981
0.08820505885855377,-0.7031723395858053,-1.1885775639094078,-0.3949569690413993,-0.06829587788544508,0.48740182901336615,0.22696929693142032,1.1450114358545034,0.8777700010785051,0.5062054141969422,-0.4859240890762714
0.638224630117822,-0.47655641650808706,1.3472742666759645,1.1931146571795865,0.1728182912173745,0.36167206156334103,-1.2893485416004318,0.4122662041700458,-0.7952259219806236,-1.3293547119501383,0.19286607692245147
-1.7351825774688705,-0.05133613675961866,0.18347630539284945,1.602839660543712,-1.641436798554509,-0.6078123018364829,0.4021286457317763,-0.12500805195940565,0.2009199489225352,-1.4829978075923285,-0.49185306037564674
1.1459019306824476,-0.1112031115848167,-0.049592273130754906,-0.18421789631326538,0.41123222105345275,-0.2392366684139361,0.13155168889308744,0.5850927604393115,-0.5977019559270638,-1.3221247167571455,-0.15111034867767287
-0.09835252849370162,-0.6240774947510221,-0.2851189277700479,0.7780971182042274,0.39918829595130867,-1.4380622996295351,-1.1596721089471693,0.1297869312820147,1.0903313386699567,0.27842069463506386,2.0550030379790143
-0.3255303980360033,0.028270733179311402,-0.7766007891899331,-0.7693252125570973,1.5218346185761062,0.8699573642679187,-0.3591120566774179,0.7844428094416754,0.12682573744444686,1.2851810848005645,1.3477442593212654
-0.9771904990933463,1.0224084795663446,-1.6147185448230041,0.8238778578919805,0.20771576070370357,-1.0306162999939774,1.7632806564290164,0.30693145331624777,-0.889391415954001,0.2067476507000517,-0.9609163438436615
-0.3442558370199536,0.9807794657878425,-0.9030561131011248,-0.6445468747536582,0.9430614149755137,0.4142088401856361,-0.36825294318441043,0.30453104247915036,-0.45773219842393176,1.104947407055309,0.9909851360975083
-0.09748573186997976,-0.46328016415886125,-1.3246093689364924,0.142834203309261,0.9798866244787539,1.2321382507883436,2.901166164504393,0.8319206182404658,-1.632908375246803,1.1355645485685832,-0.42821064134429637
1.1595360832509087,0.2843348371193714,0.31672419769961213,1.9751502593372459,-0.2642325929154147,0.20410386015490486,1.8205057039221297,-0.10626020381566317,-0.4337300687108619,-1.3918099083647677,2.1113308696073765
-0.8034228737797492,-1.152205707316184,-0.28020125455818107,0.21828555740659364,0.31830464436840183,-1.5659233318179926,-1.013588625795884,0.11617112150822247,1.51597677502077,-1.6250938450229135,1.9754299487037337
0.7947023092757312,0.5062794400305738,1.96923193706314,-0.20558392533265016,-1.038840719237044,1.1891874955963733,-0.5650398396028895,-0.08107011771528252,-0.5600517772469354,0.9723065466229875,1.0509346426467434
-0.9493783702359155,1.872389497640674,2.135961082497819,-0.42719467864511285,0.4321347835967936,0.4108822975596139,0.2990683681263544,3.3325186928439527,-0.04621821092482011,0.12324336580876144,0.9003546168083099
-0.7680350956684513,0.8359082263673177,-1.7457765555618316,-0.23624379408094395,1.7667638343627685,-0.23357878810571342,0.4917561098602452,0.06866603541829262,-0.40066098242925013,0.9949598751405871,1.5530508255735473
-0.24796219198159666,0.2727335369869351,1.8400318888673648,0.6879355714610599,-0.5187950413443251,-0.972721657397781,2.5147236199331875,0.8518920402536654,-0.1251691966594029,0.841904511032831,-1.5117383361906336
0.9081885496793425,0.40635644875610294,-1.20538980340199,2.0055677626610504,1.565931559469517,-0.40390125660137705,-0.32139426949613437,-0.2941558793090855,1.5753562240858991,-0.28334221578627805,1.1978696699181484
1.528381334535346,-0.7737553349841246,0.20928693462847406,2.767430422631277,1.472576898444398,-0.5445635784907379,0.4494011951501021,-1.8727070529969896,-0.5617600869712734,-0.3576029821494203,-2.615373098836942
-0.16660079294133104,1.1299752492485011,0.6364436316954217,1.2336049519269736,0.8565266018754151,1.2925394332641886,2.1023979881474646,-1.266658243623016,-0.24702508175883764,-1.8664350554986815,-0.139428464821533
1.1098634341217182,0.4756600684465253,-0.36019982455738275,0.4067677278361585,1.689319177019919,0.7894328067324416,1.3005340641408916,0.3758561134179657,-1.7977729910780007,0.30656946051206674,-0.2559724317962318
1.7157651006549495,0.6398618606178679,0.6741121663009952,0.1862401858449182,0.5947725793772455,0.028641881841240925,-0.6452931156550022,0.14030461306293962,0.8342748925071086,-0.4349015407571012,-1.7995418439163655
0.39659933260433233,0.9388513013027745,1.3941498283521259,1.5713304538668291,-0.5790276925724939,-0.8844742838584018,0.7662219228601052,-0.5721578449340546,-0.17418071217785253,0.523169775239603,0.43511293595402073
1.1812284638763977,-2.154603785188239,1.45345579192986,-0.34427935059586884,0.8439160795001349,-0.18976863386065593,-0.688145330873261,-0.3243943687098342,-0.4950604945472875,-0.8543513366830199,-2.114641355644512
1.1689720165198092,0.8050392373345611,-0.06604440543484266,2.6583673431978725,-0.004664600000878343,0.2816827152002196,-0.4471635511255814,-1.1359548558958006,0.20352561363828692,-0.29354855087218473,-0.7741348832353167
0.6391829757163127,-0.13498429157857525,1.2786251521967602,0.04365818839594008,0.02250878642983438,0.1746645035503954,-0.45933401087921777,-0.3708612120115662,0.021223789498264218,-0.18987315772850152,-0.018207072459733735
1.130412922809098,0.40450900260944755,-0.5798671585619083,0.5268571490667163,-1.821346127272736,2.0436428940490265,-0.757750523835057,-0.30048071626405715,-0.09664350913387665,0.3457667247878381,-1.877553575889691
0.0029883361515688532,-0.6751746284261262,-0.5766538643439434,0.21155689399963334,1.0722462007479223,0.5097260214337586,0.42935659880535454,-1.3379910685460121,-0.48125360884164275,1.5670281360943532,-1.8757542598516501
0.27279316519700475,-1.0686869931823395,0.7922756154418334,-0.4974947270934154,1.85516071364462,0.30961808121407397,0.9442673407375459,-0.9832334265735065,0.4196742396001585,-0.9918117494819858,2.1035295838413437
0.5032994511389751,-0.0921204421508193,1.9544880197340952,-0.2039126327789901,0.24039089007195102,0.3271593865629086,0.34396602222798756,-0.11653857298497151,-0.363244158345429,-0.1636844945834596,-1.9669454297084246e-05
-0.9174538844849093,-0.02020786530210324,-1.0883350241100762,-0.010638211533484718,-0.5187297947931991,0.1134767477473223,-1.0827472479525633,0.32270712271366064,0.9749840341574871,-0.31560119339277415,-0.5839573885265797
2.1864009781835243,-0.2873256660855406,-0.6526031280868257,-0.29207791126563665,-0.6676520934631909,-1.014096485551117,0.34408733441126726,-0.20183402057856856,-0.8302042951069112,-0.5682819537930186,0.18909454787578697
0.2482746093418501,1.2128069147835097,-0.6964460129818298,-0.2741532523821852,-1.1205355202288532,0.2367242199411659,-0.11868945489832765,-0.4200610038674597,-0.3998952523498227,0.3210929938146831,-0.23166174965059447
0.6312837273429369,1.5669260724959126,-0.05877033073833646,0.6123480329613973,0.21041027173721227,-1.6058271630679066,-0.10912688192697943,-0.9919219151224263,-1.1337411636507086,0.3282137904013396,0.10333200131875367
-0.6969074498835486,-0.35524817528127256,1.363209060579572,0.13323357327576207,0.25073898628980634,1.4707293710864706,0.8667064519897111,-1.364942785605361,-0.6743944821398455,0.7294678318500452,-1.151065933336241
-0.38001668872205313,0.723520156676753,0.2503786098544737,-0.7531789556329298,-0.5609543410722507,-0.882351990184022,0.05504704528099689,0.9352346219311441,0.24318173626767592,-0.3391324224376018,0.8203886830646163
-1.066332476003869,-2.3743709750314,-0.552757854505951,0.9377812135001599,-1.5439119543821633,1.4039825429944452,0.5567160926681217,-0.8831208193144046,-0.6008936128623789,-0.9714697148766105,-0.3931282776757889
0.00557271085990539,-1.550730064898185,1.0248525891812148,0.16829535203958557,0.17967960508669037,0.5383841904182559,0.8222605869851843,-2.0666285019454187,-0.0035746644088475604,0.19831742834984284,0.04190523825348049
-1.2468025389956752,0.4021459245893034,-0.380564556546683,-0.05531099438768096,-0.9102739376149261,0.08399181789322904,-1.3205297405149408,-0.1333506901739208,1.2450834301071119,1.6531945132022934,1.77751489121053
-2.4853156430398844,-0.09025182545844311,1.0704243349919307,0.0722058297585593,-0.4618236569890835,0.18297528150024162,1.0356172351085233,-0.02572799805260334,-0.566702050399384,-0.49618486036344506,0.3531184257172348
0.3732391560384533,0.4017119024933034,1.833168346696687,-1.3615753378624345,2.2277909663764026,0.13217799442563039,-0.7619419437792044,0.5982842614977115,1.5473640209117547,2.7963100276433868,-1.2764580423090879
0.9831301371044274,0.41349922806954953,-0.43737256684323367,-0.36675523369088886,-1.0190225223613314,-0.476187312410371,0.09382220681907291,0.10046347392730304,-2.7538366091013597,-0.5678475271844943,0.41563644405823896
-0.37236838801078515,0.41353813173917137,-0.34462484156092843,-0.8519045538537056,0.12164218099875844,0.6338222624140372,1.5620833762197528,0.26222085320776856,-0.09574557800200184,0.6859140873940078,-0.20856924625976608
1.0409109442731914,0.8005632290940284,0.009946498224231163,0.26885432139297966,0.48572475874152854,0.7275203034182709,0.4345255587921964,0.04262799444691293,0.9142775135011726,-0.11499194374801595,0.6269516538418531
0.09121040183125159,0.6960020074298311,-0.731510367743843,-0.2584027663654623,2.158744840326855,-2.4063939690276896,0.1827365997159609,0.4782043454250941,1.0247035295913467,-1.0939117875938351,-0.2946633508903959
-1.016079234915379,1.2305817914041666,-1.7103251377657511,0.8257882379390108,-1.295218668031967,1.4371297268963172,-0.4524832291394506,0.8387708732062794,0.4200949768779937,-1.2610804489354417,0.35064144568488814
2.7767710047418475,-0.5195558767457433,-0.493629970911548,-1.2942933564285761,-0.6220078797985518,1.1104736862972107,-0.44942303784272747,0.5580300164459703,-0.6337736245576093,-0.7463164679271771,0.11968336622502042
1.108567852793698,0.4006021695569731,-1.132088904008726,1.3914183231403516,-0.5557082278372988,1.407200751031768,0.133980981962125,-1.4549686665929498,-1.8095212865041752,-0.3212424819072625,0.04477106682578119
1.300830023177863,0.9420190227809658,0.03594761796628514,0.8317868590503256,1.0493753983128593,-0.20076306931179705,0.47441982051621945,-3.3903017093692056,-0.40476146707464233,1.1234112117520143,-1.39458128923751
0.4150016882777399,-0.5163547679326241,-0.4671520917279893,0.8734203912566888,0.4287214673022424,0.7667074915222967,-2.1209489727746518,-1.388309325320836,0.5960137087415462,-0.7711086500362357,-0.33577361531191635
0.45041016202575523,-0.07219962626577944,0.22182209934714753,0.23134240256894892,-1.1788842109116136,-0.10817257232185486,1.137112397945658,0.5372677919625336,0.3320107368463779,-0.3067442583147492,0.9004191419560562
0.04777441884699494,-0.5010585354695972,0.06588791606244433,0.6286467500582541,2.3243552735265163,0.41739475342548055,0.034532229414291064,-1.1549119055356376,0.5356534760752321,0.044524156903636945,0.2901698454926738
-0.30496575354622296,0.10242908972447277,-2.5267194483446818,1.059519436161979,0.562247420340685,-0.4534949981923573,0.02262583972802755,-0.027794475235414565,-2.795128209441177,0.0024880909420530676,-1.9265066609064367
0.6934848778184791,-0.7396249513142256,1.7132114917408567,-0.22877402358313256,-1.7699128184588202,2.337547663368072,-1.4750321182135182,-0.587798240431034,0.35975347071688346,1.286538736731164,-0.7606366366411917
0.3355073052268459,-0.25507848954486245,1.4874746150895528,-0.5095127067900794,1.1681347315330168,1.1283945898909364,0.9095181618324075,-0.6615839513430585,0.9716563603325999,0.8292708687158173,-0.13610579807183618
-0.22802449103149983,2.1240802757747423,-0.7726284228674299,-1.1577745076876393,-0.2442611854561785,-0.7472967802883641,1.0448128672259611,2.3206828976698977,0.4156102196458954,-2.794947661442575,0.26161731367555574
1.1388869883281603,-0.6984414892509538,-2.1769963278583546,-1.436967969913025,0.7056686631898017,0.5413066439905262,-0.13037689701523678,-1.0955962033455287,1.6270375886316697,-2.0154317721170973,-0.7344811862281646
1.3991499673762873,-1.062751971078061,-0.06236685859167991,0.6785461217698814,0.6891412113131382,1.8495995775696832,-0.649598282264813,-0.9944224519334242,0.643324524419505,-1.5463260114423483,-0.4816155559501343
1.3093261885007992,-0.10050753039623023,-0.8732319871072629,0.33388756369234385,-0.35063994309814456,2.0461467442414616,0.6405161390101994,-1.539546032066837,-1.7698634788646304,1.6713379699524122,1.4763569812302841
1.5969533229225246,-0.5909063942453573,-0.5432791208080227,-0.6203089010430785,-0.12608986260318314,-0.390842277266077,1.4736875394384275,-1.7396677826063747,-0.001222465767744189,2.563895962510074,-0.4457414613317366
-0.15361779590395785,-0.6499539679797514,1.3383213572607737,0.4774103414667389,1.466278937700313,-0.3553307526755515,1.5681773355125834,0.3143071402017883,-1.636534817255548,0.21749860918732022,-1.2155370482871435
-0.17395577488467043,1.947932199204086,0.13433228663087496,0.8177719766070541,0.09655072207679127,-0.844248295458153,1.1044051464572433,0.6246974342427325,1.2184369249538196,1.3543657723078117,-0.07234549625303144
2.421972233139139,0.8981013080194523,2.6581288521643445,0.26633871067341547,0.5245265614025834,-0.10846007361960441,-0.797793017833216,0.22853593855694612,-1.3778548215049433,-0.6896232668183957,1.9890862391557054
-2.0371111611180006,1.6679482245700021,-0.11082224479837958,-1.7688342493982474,2.6239937439892644,-1.7898164204325595,-0.3709360305549411,0.14681442073837103,-0.4193489561173252,-0.9559879537850964,-0.34259692254140783
1.860044373947184,-1.1745316426720784,-0.7286565248602126,0.5921097708756489,-0.639466995641273,1.7230426743740808,0.8184909260970484,-0.22983063196346923,0.13002097424098277,3.504627193446736,0.22868376844798852
-0.6779490287761074,1.3942334165543147,0.3283425019707453,0.23075903483863747,0.11501771843821054,0.19125408964672366,1.1548537344930654,1.9811959896501683,0.4716448066424902,-1.4040894907227155,0.7602528939222363
-1.156970751840059,-0.1286088394978373,-0.9119603150793318,-0.3530366979291658,0.05140296414119288,0.745830819929517,0.16490833797896237,0.09070324755367923,0.18052982870853496,1.4807354306363192,-0.3309841935758384
-1.22679245958563,0.5603351426306434,-0.5736513429098453,0.17800192022572955,-1.5670768150412178,-0.024343649299673736,0.7710618372296469,-1.477006648332827,-1.5396096369775558,0.5308255597285623,0.7284457206327231
0.5852971796303896,-1.761000976418716,0.5493134169352228,0.9172402907715623,0.14220719963135525,0.5796378381827411,-2.0325538822219045,-1.5846357386519563,-1.2519998099832952,-1.2982201917320795,0.850257406959835
1.1197891619722975,-0.6628470487312507,-0.27390955227372693,0.4291240121879535,-1.1203863496795476,-0.053249556221736154,-0.2799775013358295,-0.7468938801552922,0.9167633188518848,-2.0389240545490623,1.5642048894372738
0.09243292879276567,0.3810115897590039,-0.587013236415754,0.07858663970963027,1.3204145860993166,2.0276959641301957,0.2988942909115205,0.06128939797668512,-0.9391270629105865,-0.6958009769640354,-1.29739961971857
-0.5108535211332096,1.634363030094729,1.0350939491909898,0.12588273647886372,-1.5524015072683128,0.27043108093514867,0.5969307968992652,-1.9332483641733385,-1.9678597501149768,0.8692771705834442,-1.1324278250651558
-0.003607607215868904,3.0219475376622897,-0.7093610146437088,1.459989311614685,0.37591296948766856,-1.1250602122698583,-0.09119592558223681,-0.5309612176264303,-0.29325267112010006,0.16109232021112574,-1.3228274527419008
-0.4229715373378039,-0.49435812260496004,-1.2164116973458357,0.14058950399975487,0.8050669907127022,-1.0721824816730812,-0.41911375721224137,1.6621833584186025,-0.17948194160932635,0.02140431893607264,1.3543503860329005
0.8328481194494232,-0.2267584162576619,-0.18675380189760096,0.9563496985386633,2.7969207833957,-0.06575480798345576,-1.0158544152107625,0.7215769957812512,-0.2869569736745362,0.7937091561751923,-0.7819348325197648
-1.2088591907806316,-0.7222066787841444,0.9129360936116583,0.3514412742614697,-0.6204626786315952,1.0689552983653416,0.050394428182856374,0.310079274821483,-0.7690973937975247,0.9330791177468458,0.24177765344980137
1.1579771776273613,2.3284071190406803,-0.017238225784147417,0.20894050810095013,2.073436674203931,1.4321780657384575,0.47436661047338785,-1.3169479471717276,-0.8444898051204972,-0.7751049660969083,-0.8489459118727015
0.9281495581231489,-0.08891304523528511,-1.1463861464782337,0.23527920878336134,1.4663847232270102,1.0418578521556268,0.17294743036540028,-0.09590486310896805,0.030480877148155137,-1.297974112877791,-0.024006605184202
1.1733501398853952,0.6551948025684354,-0.42830643221266174,0.44853006307223997,-0.3509046441409698,1.004397359248624,0.22309514961240057,0.6721171332873906,1.3027889800790735,0.16324492210441757,0.3525282511028818
-1.1657635601682979,-1.6033612263980637,-1.3261706504788848,0.6289681030775953,1.4225859843117037,1.9048728293130703,-0.29217612794647646,0.9921548456133489,-0.3036882620091163,-0.8441072115197051,-0.5136036648716883
-0.15568821924942441,-0.591062634491094,0.5231620885785616,-1.2130045071306312,0.6328067465989363,0.12512206172361037,1.2368819302031222,-0.16227718445233988,0.11615818233272704,-0.30381816801951883,-0.48494838969906856
-0.3367942906833363,-0.7981759938427081,-1.3000105612084591,-0.6806631708377834,1.1395054729654799,0.04725183556009352,1.8856243818789236,0.9281203878369657,0.6089540430270928,1.4549789208749684,-0.5401878029033351
-0.7724594155124332,0.8976901655427799,-0.248921435066372,1.9837955190916656,1.2651719330703788,-0.15286694927868422,-0.2155219678306,0.5303507708111744,1.056241024144761,0.88648269308847,-0.4560733479383524
0.38079972024646314,-1.845052025539975,-1.174238064566631,0.4333546314701805,-1.2125293148030236,0.9400402366045644,-0.044507568968613555,0.04492584600634248,-1.4204840914126353,1.1775421393913204,-1.1999097277881245
1.2028624154054959,1.7172406418609438,1.678581626927059,-0.4157261900797147,-0.8477868104721893,0.15043069430911052,0.6374457626569165,0.14353622284809375,0.002659397798271662,-0.6925241334125485,-0.2502204380403329
0.5089497730256544,0.007448465382019898,0.7054949645238126,0.09887988831051953,-0.25323985696534457,-0.17966945083368774,0.030031149370776555,-0.7162164163280332,0.6597295135488943,0.8367958141356062,0.3415075192558866
0.4590369117842854,-0.5480867497277916,-0.793203984840994,-1.0500259680179584,0.8327789371372626,0.9109775645454736,0.20072548371093193,1.5865181074491208,0.6429825543436741,-0.6587729459852067,-1.415321306074427
0.2960603028209107,-1.091230947420068,1.451243279931415,-1.8963112171391852,-0.35445359692630585,0.2282488991419679,-0.10359766311934863,1.2072864843250204,0.4635678422928828,-0.22694317047876364,-1.1263304964223824
-1.854796172436632,0.5716514669169246,1.0034619982278643,0.907063741472601,-0.8661713512241431,1.5850685666501731,0.07845313089026132,-2.0391993010580753,-1.3965059933083142,-0.8814894760463758,-0.21685676847240257
0.3623555547801944,0.8546949353677157,2.6324146587264217,0.6572896515620381,0.86014975595418,0.4104473344061679,-0.4367509187343703,0.4110051504171328,-0.32833408923593504,-0.776079766652105,1.2716150730250673
0.9126573337055226,0.11792156967880164,0.19804365102595653,0.7642314530685512,1.6753819175633209,-0.6976943542171292,-0.6873838994348694,0.6183443446124793,1.4202424285205082,-0.30097037334970234,-1.3316217171573357
-0.21855606523351997,-0.15573928223701589,1.4668270367653036,1.1992469357043036,-2.479648276442824,-1.1258927907864094,0.38847124370069047,-1.721372091434347,0.3980371639046655,1.6794842358268258,0.19591234439081098
-0.024461337095268435,1.0241770928754166,0.8147535973309579,-0.4933448335148723,-1.3562099691274598,0.8383741965069808,0.17672021805337873,0.2726892001931328,2.3083216817501544,1.586728466527326,-0.06459966141374786
-0.5792047746344835,2.4880156217139664,-0.2566501083742578,1.4618683973064486,0.6331412314540974,-1.6052575826787077,-1.736990944006787,-1.4899921044931697,-0.6468657217253221,1.26991836983437,1.03708530769608
0.19248031007241037,0.9038600053277039,0.5420829615450616,-0.6154416422743922,0.8850638421601452,-0.9825923450278662,-0.15681805378717528,1.0932816932188916,-0.7149272017774582,0.08753164563415829,-0.1315017573989575
0.41116483759518874,1.393099620471122,0.409143222976895,-0.8323594185798329,-1.4398101721561511,0.4945570787252637,0.607478958824227,-1.0758666723048758,-0.6263851948749948,-0.39150244677663604,0.5696732135356376
1.4907762007707839,1.524340190236463,-0.9083296766337019,-1.052009577773022,0.05853291898875654,-0.49951745831411876,-0.38241281464415594,-0.1526242840862886,1.6201518079965536,1.4553030555249629,0.1309693066328443
-2.2626534297372696,-1.018347364851098,-1.9913896609772124,1.137648316126445,-1.6705670599932485,-0.14194306663508385,0.47487609447963025,-0.6414259665827196,1.3776383950392568,-0.36391009094131527,0.11483723623896738
0.5572161355377376,3.0601946745046704,-0.8285194399238811,1.4116706490546298,0.7223348161627883,-0.32673658028911345,-1.199059733685339,1.0469345580220282,0.9557364869504557,-0.1446482046360717,0.7829570743873778
0.1668900547555566,0.6821162119985517,-0.266853723422048,0.6275526621642639,-1.1435577563329395,-0.35547353745454097,0.48285024298658635,1.2794280780631508,1.1200632702029703,-1.5382118959322828,0.740990827079609
0.6857320898779904,0.5851631338371798,-1.2047684835379693,0.028367524891321924,2.516028874814476,-0.6226742882912127,-0.7238068718049671,-0.3788398258169559,-1.7284500993285479,-0.5840271965100319,0.2045601115432067
0.022716645877003984,0.20735094618800057,-0.6882884320233408,-0.668679355057021,0.892882912499412,0.21983400043499293,1.0650606708485015,0.11369915714874207,-1.1214875750057547,0.40631277019000345,-1.008097405067466
-0.4060297243789935,-0.5185850577357586,1.30590577828336,0.9571388644378493,1.652240356704173,-0.5233031067939806,-1.9377102843910576,-1.8921646154180423,0.05103052867743871,0.9988252923103191,-0.9019075888777549
-1.4250956883787895,0.7786725421844318,-0.662911644213385,1.1429948345216703,0.6067769104837832,1.236676033721056,-0.5563471786805506,-1.0290982122544423,0.6103021666662365,-0.552601982500312,-1.5490705758920955
0.6608126633310429,1.0991468355320704,-0.38893064004443184,1.2684508191929196,-1.0013019181194553,-0.6375748462313254,0.8042065804418014,-1.8581083592759169,-0.047822321112823266,-0.5522313550721712,-1.685226874960758
-0.21854261028015973,0.33385383528870327,-0.6256970564607924,0.6093773778812486,-0.6721157314055419,0.9187374906760524,-1.7337765729079515,0.11662852689671317,0.9681304531138235,1.6214885948838054,-0.8474695462075857
-1.103989098015628,0.540398808033396,-0.05759857487651596,-0.043155676164220405,0.3597362146768005,-1.5473313833762956,-1.30641107712239,-0.3388336715766034,1.2880305990716088,-1.3309861955785176,0.279536475210652
0.5392847599437033,1.0031394630236432,-0.20960835695751037,-0.9209750605147761,1.2451759441437613,0.7050207103700195,0.16544302368506764,-1.1050639446720663,0.43814326420625566,1.5604999628960876,0.5633341730116577
0.9484375142923189,0.6530479783759903,0.4441393121577594,-1.8481957296170062,-1.209328934984836,-0.8068602162037684,-0.1069832928348343,0.42376146828878974,1.274952857123059,0.6308953570573306,0.2419043272436027
0.02837610726006187,2.1511707608241935,0.795627382746683,0.4617885619685381,0.7047241669693306,0.09596739386973945,-0.03459221013060788,-1.6446605485073278,1.7172064817135924,-2.2514037987311806,0.7011145952817486
0.5944445147566938,-0.4355733263203487,0.34004081531234903,1.1939248032486984,0.2805731445018399,-1.19299165763315,-1.3106995334588023,-0.08435422410820644,0.8649689776457602,-0.35593298115897115,0.5894104549105514
0.6397075176772985,-1.6778595910473364,1.3122028204805056,-0.5696421292754494,0.12625134501512014,-1.0567356026733956,0.8894469992514457,1.564157723377969,1.0987710598946563,-0.780302098146495,-1.237546613175247
1.2816500375889741,-0.10370166796915875,-0.10591838346793674,-0.9283194275613718,-0.07343799576841281,-1.437884110943001,1.034518795721267,-0.8410928401643935,0.23893364917342602,-0.4135493473793054,1.9255402672354305
0.14956995212860894,-0.3094055307253119,-1.2745864114668042,-0.37824382079681845,1.4955207657060001,0.2584527372294984,1.2043546324928072,1.10656459332766,0.7140952247774219,-0.36724352531420895,0.6146019952105849
-0.17104242998883834,-0.6148411634411289,-0.16372490328837921,0.8837302989937702,0.23366273544619173,0.08934053208312286,-0.786392065212164,-0.7890052445286471,0.7692054003021287,1.2612535642391276,-0.7332943585781921
1.0814042186063586,-1.7908061767389498,0.2897596996201355,-0.8066903280968638,-0.964780220109111,0.5969698246887765,-0.21270310032349476,-1.0611784808217908,1.5706525425616036,-1.511224476350795,1.0301779658486396
0.030951653856174734,-0.4581152755314192,0.10387246669627566,-0.4291620213220796,-1.6459563162562827,-0.07075190545616977,-0.5262611413503061,2.104599024761898,-0.2279312495761931,1.2038420150305618,-0.8030815034834807
0.27516954197892396,0.913908489676966,-0.3223172500499172,1.7808552584048878,1.4567902777887578,0.13768879229505046,0.8611296831836959,-0.15561408276235353,-2.319000205050406,0.6649282873041237,-0.04252598810975451
1.3212441993316877,-0.41788667540158964,-1.3173882777491994,-0.07524612786886313,1.4080058026116578,-0.2701842431080978,-1.305647585831595,1.4825233470925687,-0.42055617752306484,-1.9496285333793197,0.6501352318961344
0.5130950021391991,-0.7468531641108989,-0.68751036755835,0.12971867232244927,0.10253114038773234,1.7505410419702143,0.9141183683509037,1.4205563077874697,0.9704356717227135,-0.4869018031521334,-0.03278041097509518
-3.4792826182424696,-0.7290061092626309,-1.3087682570744996,-0.7717658092671398,0.3976833453257079,-0.3780255527238144,1.2667144739601994,-1.1228606416795242,0.5081667279822174,-0.2600305189494173,-1.4572206637060061
-0.323373223251216,-0.05682805891324221,-0.15927244914193417,0.2943854876241145,0.6358088401064269,-0.3914694087578431,-1.3767618318875747,-1.6924541280471772,1.089438719760917,0.07235086289725538,-0.053740987800751705
0.3130314407820602,-0.24879294515379433,0.7256582687373736,-0.42929176091344,-0.5050946890378174,-0.9305616909832385,1.7255754668469176,-0.37803079206589296,0.32920694513491,-0.8878944044731107,-0.20041072063971127
-0.26264578656391324,-0.07777363854198323,-0.14662426984131421,-0.25228336632378684,2.509644697293689,-0.5981549143491375,-0.2902853989092072,-1.4220846538647434,0.5439044955659073,1.2754780397990533,0.024618900723472507
-0.014652441107171885,-0.18928646110244268,0.18541342534345157,0.16936608520224813,-1.3299397693947321,-1.1666605587867995,0.8352524495302376,-0.6788818432376159,-0.14508698692297867,-1.1616685806982106,0.0001567628493582554
-0.14287703733737678,1.8596413206898295,-1.147271877747484,-0.1851475346002665,1.3830712519086363,0.6463966195085339,-1.1369951409267127,0.1287463869239408,1.1179006546203574,-0.2644844663177185,-0.12731840011752077
0.03568849222535518,0.4245491202035894,0.08704056757659552,-0.5381882184237193,-0.8022814592931381,0.11521871186960217,-0.36955394826966903,-0.016226666020961553,0.6455508361594736,-0.5450131021851791,0.3148712993767904
1.6426336843931064,-1.1755626399517602,0.5390713692057795,-0.5961864282209043,-0.8130992180053606,-1.9193606570516468,-1.8077644620939155,-0.21371965002365118,-0.03976200248877733,-0.09118092682359072,0.18700525543188576
-0.9110891268701613,-0.17842689804617184,-2.05521217409738,0.3087930269393272,0.6562317763695003,-0.36794405876633307,-0.6770794284388812,-0.982426405141137,-0.7032041116027885,-0.2000800665133369,-0.19114896193798528
-2.1731312735124466,-0.13169594120821712,2.045824732273943,0.4514167009820246,-0.11189703824030214,-0.6323664193878314,-2.9057872771802384,-0.46277529443481613,-0.683968905960016,-0.36754874327974096,0.6705005471102505
0.5412809873892626,0.048801919575516696,1.0362527534358803,-1.6411849209591751,1.0391074429151452,-0.671740813442099,0.9549537613639401,-0.658730578011377,-0.6887215871251244,-0.907918019254185,0.08841815236467666
0.08616491195099564,0.9933281697073265,-0.790631337830037,0.8134640971954743,-1.992609957262399,-0.11587767639035688,-0.10822017570806942,-1.4848716355874925,0.6183200415112305,-0.6252651352732337,-0.5733974558629222
-0.42392793515055843,1.3502479002002121,-1.7552769884659545,-0.007577100840053054,1.2783657824144767,0.30202374965161394,0.2424077798252324,-0.09310895690364789,-0.30482187907368635,0.9335857107566216,-0.817089497683661
0.7027689259189887,-0.3758581194699261,-0.8295405151158622,-0.6391495056053395,-0.25933231646373567,1.9836595056028878,-0.5221679077455272,-1.4531502720380687,-0.4001779929760315,0.9617553810843922,0.28687937344413744
0.24312629057293797,-1.5414404829215962,-0.4430916386387096,1.9184397565731752,-0.6589236226479762,-1.6037364625266102,0.7880950252092659,1.047912478670032,0.6588407447877502,-0.01301964589439429,-1.6612093739615852
1.3255968883813467,-0.6155387979349822,0.5182327770017389,0.05070473372821823,0.12487868690978816,0.5588040511537171,-0.5622599590017923,-1.0293152483004469,0.1986006981022439,1.4045138503095378,1.0163217988906534
-1.142477481193615,-0.8878444414393,-0.8202408788293184,-0.8577343902651525,2.8845604386296615,-0.7473236113518977,0.5036408522560946,0.9300197828829908,-0.9890111088639459,-0.7102881508104488,-1.3855512144916413
0.39456909490206515,-1.4178974252108447,1.0628584129479521,2.0635514700644255,-0.42029620846392846,0.8827308820668356,-1.0807962686067396,0.4896589861300868,-0.7451861084838552,-1.3002714697744584,0.5983801466707651
-0.6001347063807148,-1.5079096515195767,-1.3510022557689816,-1.0113321079900666,-0.5381073350918261,0.02409713724393684,0.021778458949385352,0.09426530632289204,-0.4033254200462122,-0.9722086404465573,1.035352555262127
