0.07709102030178874,1.1514856876395332,-1.1014206273160048,-0.06225673719062293,-0.11765995872593699
-1.7129252897774085,-0.0428076213026277,1.8770554370591566,-0.0810194705446776,-0.19726376336872237
-0.5963436454328843,-1.0601324062630622,0.15143767148138784,-1.200229249274623,-1.5944852175541808
0.6699661676941658,-1.2006471975887891,-1.6284149458995716,1.1267523231676124,0.5291983946696945
2.180692639264036,-0.35829710130910897,0.9065469781157088,-0.936708420718159,0.3006953115888124
-0.699570760550316,0.34820071554528637,1.955826485473037,2.3346551870787464,0.21752427129009932
-0.19599404377216417,-1.1633090329962987,-0.7813327609901026,-1.767530517228383,0.4576431421730702
-2.4410789928345022,0.5177540208968092,-0.3089264240866296,-0.8440428061960037,1.3179887532521355
-1.6586305013700962,-0.5519309616871881,0.8085928415048362,-0.37852085648295325,0.4064791569996808
1.6677206042828816,0.6548754339457796,-0.4069715815081111,0.33365146263403594,0.13849206456897292
-1.3430229066341661,0.2112715378706408,-0.7837194897832562,0.05883675371371131,1.1556046001066325
-0.36039221076482497,-2.286958670447264,-0.6357907183788618,0.19157297166500006,1.5055183736486657
-1.157751465483269,0.5089283090988611,-1.432675102647804,-0.7034982789042641,-0.5211749470646586
-0.7838655987151281,0.29894479064503554,-0.8207114762051837,0.38720362692067845,-0.23895474106353137
-2.3685363648999394,0.09204184850900109,0.19446554795336693,0.6666875895922388,0.05198376964811091
-0.22275950585283447,-0.31467082333831004,-0.8404311338848137,-1.5667906989738638,0.5120518990340964
0.46717220714633556,-0.7895510046522888,-0.5527799530341959,0.4106772833809089,0.7765575696044984
-0.5701241588873374,0.2562274756133004,1.5673100813472671,-0.7512529766986175,-0.8117628293060908
-0.2628855541866473,0.14059062171056944,-1.7493280111711333,0.0689819339230886,1.6718105832295596
1.3365105872300505,-0.5751374941675695,0.34220503458401574,0.7579438562985519,0.3437054647143325
0.6170283148076099,1.0722419385255726,-1.4748517702177393,0.1993981893663026,-0.04816640033208626
-0.43282444181421276,-0.18336292861027315,-1.376460294263427,-0.4071755791902013,1.0148581972832358
-0.6487453838940163,-0.019876608524380626,1.6126197346308306,1.453257069922502,-0.8573609082856322
0.6574130474666514,1.0792705922517771,-1.3967365666586846,-0.3531665173981871,-0.7963719686823072
-0.41914684356840537,1.2580573768553407,0.8249742591917864,1.5703266721008187,-0.6531623292010963
0.9774375922579162,0.2751905743949844,-0.5083920218045455,-3.197557738024482,2.1175374297388534
1.5326186725014097,-1.257220269979854,0.21879794978159234,-0.42764830523143743,-2.2493637149674255
2.087208292392928,-0.705253996370535,-1.149798389339683,0.9046243210734533,1.1522518115257712
-1.3643419041290445,2.070627570640237,-1.7593294345469943,0.13145360791439442,-0.49139788609961016
-0.4221387757334275,-1.232910504958474,0.8822806819717937,-0.6276650494234544,0.030076521740362756
-0.5438275982589396,0.9373558179466449,1.1680294386414727,-0.684417115996099,-1.9541718615458015
0.4389868523303423,-1.729347712754543,0.15860264342783986,-0.03493870850191416,0.0911500144472243
-0.16059783595703936,-0.20271557746292002,0.3213695289711454,2.9121843460514305,-2.050548411218074
1.3336827055257192,0.010564484757698592,-0.641095657468221,-0.10018300226879283,0.34795244844528184
0.3808967039605856,-0.4861048604692581,-0.20037941571060727,-2.1576662135645295,1.5424062661679203
-0.13759421833693442,-0.6021072907265103,-0.124947479231057,-1.2383121894910805,-0.5360174441830592
-0.7598513826652127,-1.2034407608403939,-0.102476286022071,-0.8620220271665908,-1.39213636723147
-0.3689733638307267,1.1467028151913854,-0.048383944404385815,0.172455020968889,-0.4458314628794715
0.5249530632057047,-0.27609660482677206,0.13885627778996662,-0.5171020172574666,-0.1762568482596023
0.13501470824524772,-1.2066739755991924,1.1319409917049683,-0.2557479147237197,0.12101381741804501
-0.9903546012473303,1.6744176574449532,-0.48143686575376765,0.8513074652054904,0.34395348267684567
0.8930041319172077,-0.9442276210235057,0.8362492432107703,-2.091570543502222,-0.6227529889823683
0.21688374882192574,0.07894221567711972,0.3673256160861376,-0.005930349692656304,1.4278411842106309
-0.7600262882448665,2.03197038929615,0.9790939969176544,0.37993160247562074,1.0016044630294467
0.10633232935759468,0.38234210240600924,0.12586362543710158,-0.16838335011498268,-2.453701399659835
0.7693879905864633,-0.8331979535716796,-0.5453634090052487,-0.6812994553447397,0.708645125164236
0.6092885652023231,0.35681765706164414,0.045055335533037665,1.182251689727441,1.2904805243998843
-2.1145614529874166,0.0552912177280933,0.10351797796874913,0.016115175222929417,-1.5084988362958665
0.7108881210018905,0.49277256562146615,-1.6008950893957687,0.8245000701969089,-0.6602636505207335
-1.306486687477134,1.5724650447049942,-0.7857696686357174,-0.4050163371922888,-0.38489524414621523
0.29788259407998174,0.00365841338931462,-1.3455396379287887,-0.7650856424331883,1.6166797198410727
-0.6467316635047884,0.812287176485927,0.692476983151811,-1.0321193607456016,-0.7973458495112328
-0.618928645995196,0.5733611408789155,0.5589745674483847,-0.40361189919878104,0.5396337512654729
0.3031617000150527,-1.481346129932035,1.8010761769628076,-0.24344519348956936,-0.42982467425079723
-0.5216992334321797,-1.0053347071811216,1.2676519726900068,0.532228253155187,-0.06291172231916053
-0.5382288236383902,0.22398800638689878,0.6512943477808605,-1.75537437802524,-0.08002332956422781
0.7987118616320132,-0.3001022652825511,-0.09690656733416214,-0.4438160249303389,-0.6166575561629919
0.6919267112768812,1.1795441577482326,-0.6264008104692471,1.1698164837448228,-0.4725045302803012
0.3579841707707054,1.6079516588711587,1.074809033054092,-0.706821034910891,-0.5885885349147658
-0.059138697269367844,0.08911570824412084,-0.7561472710451995,0.7012469350831567,0.9811308673199887
0.16556122987799718,1.200650421457844,0.6033319297763362,-1.646374718451673,-0.2978128523734911
-1.862522726106593,0.8317978223911566,1.9078917256424341,0.6540688908250113,-2.701754026576285
0.2547554967275291,-0.3978384476949294,1.067099359976128,0.1637329761503668,0.40404315628524573
0.9133429829536938,-0.6648644169310298,-0.830600482920734,-2.404867759531225,1.2853628250146847
0.05977470920802528,0.6475905398892728,0.17936073124502003,-0.2719252306791404,-0.42408083553451975
-0.15014974509970513,-0.462520483516551,0.38456779039233724,1.587363482380892,-0.19314814792428928
2.110859161734865,-0.7798651797818498,-0.6899053577014084,0.16431461381724166,-0.21734710924666759
-0.24381437392767788,1.0642728493358318,-0.6909865332621521,0.2284830069394883,-1.0560166735485224
-1.3724775097209885,-0.211067871387532,1.1436504714003242,1.2493393293090895,0.3430338409486997
-0.013772010777122961,-0.7978901778830015,0.41852078270104487,1.0035683789812222,-1.1087778803053288
-0.2595827450750614,1.103786869368752,-0.487397239387264,-0.03397860961100027,0.9672011972823187
-2.256441117663696,-0.016360291546647875,0.0630341047670831,0.452510985767273,-0.4540753756174602
0.9076334830328201,-1.185401667683405,1.3472823254938113,-0.23180968662580848,-0.33830267253893254
0.3727091367278635,0.10512549406510002,-0.9303496985314655,-0.648802094501275,-0.7616239979509476
-0.9171376718025904,0.29614606264311083,-1.3814648387412722,-0.20984685821069238,-0.3478991184103952
1.572600215095789,2.636646523182616,2.4560632174155352,0.3615972167471306,0.7417473205470254
-0.033726605203415666,-1.1955948655268671,-0.42249910919401495,1.6252678201389683,0.7480472227980761
-0.7157343074319635,-1.4086309267799701,2.226666358962119,-1.1456880743948805,-0.49216186789914645
1.3590478750325448,0.6668939147146747,-0.2691163948333202,-1.6476168784979695,-0.4359861291201036
-0.469645947729317,1.5190417309290327,0.17751750843589545,0.5337665103882123,-0.044227288050765964
-0.041426505964768136,-2.2756762763326925,3.390723165878926,0.1769121874127521,0.363879182228736
-1.169733106804187,-0.18255139375275134,-0.038804775630865526,-0.1857045790619713,-1.2057568228504396
-0.4656815012534007,0.44129814068333684,0.14675736986488835,0.4506214358351304,-0.22088439867263412
-0.12645821673543406,-1.328742747376858,-0.9330293469723994,1.1214679505652507,-0.36049339610887754
-1.4637080175627493,0.09719877532801885,-0.24971373602754224,-0.7840463698721051,0.3986460103461531
0.48957129134287874,0.8676729726519912,-0.015543912388489605,-1.2127311464326205,1.581491339687868
-1.1543593881837442,-0.8663178304234245,-0.013435199803883911,0.6003361818657007,-0.8188522871728274
1.6221072762691315,-0.2529182581616756,1.5546904465696978,1.4359218716558007,-0.3021137185565302
-1.9639801424082801,-0.5266798408709166,0.3030333638010525,-0.8958443805083767,0.4616907720327924
-0.8299602001519942,-0.5426758386312382,-0.3183917036234948,-0.171787793310609,-0.7343568713905707
0.010932687978389309,1.0434786278162527,1.2029859240611067,0.7005002320566542,0.17109241002253506
3.511195072438886,-0.029839844942603964,0.2730047558576961,0.5149701691025251,0.0142036366895756
-0.46940485701752155,0.7476765748923875,0.9756366412773272,-0.41135404740259934,-1.420594562808465
0.4785837713904618,-1.2147155477020943,-1.5825290826351117,0.7459845757075445,-0.2013609997612627
0.33177560725195926,0.5113057479668869,-0.3420939078449675,0.5902249686683575,1.2369620067020741
2.1301503321722857,-0.22596230318713462,-1.1139617062990086,-1.6495774475637408,0.9562977377996765
-0.440733319352204,0.9194345947005353,1.5670571771939619,-1.5221623864467013,0.8312626126452342
0.6549817853515038,-1.2913709292170743,-0.4309596232773335,0.4283783247188474,0.6933193349756186
1.563717650697337,-0.5840960104632348,0.30306074060342,0.49171204172348015,0.006839228464867875
-1.175190633008453,-1.083939107492753,1.0504985998700578,0.686409525434885,-0.8287720519481196
0.1455001854657098,-0.5708330444868794,1.3597861495985635,-0.3775296519816359,0.926856173787093
0.5702121400520799,-0.7072981929372287,1.0100804245621757,-0.003100560813484109,-0.5176137692293941
1.4243027397881163,0.36321201047513046,0.36060923907155523,0.1437834539693799,1.2819561842852316
-1.9264323027571852,-1.6937981748749478,1.0869612839295986,0.0660459160429811,2.453956203312026
0.9555805263480229,-1.9582658430033115,0.0862489333864302,0.8855027242608013,0.711298797042847
0.27861184101795605,-0.04631471654815997,1.7029212428710274,0.140407241120898,0.6629015341667511
-0.5664091563711147,-0.6035577937257685,1.240781379302621,1.298436483445114,-1.514630642297694
-1.9429531236668216,1.084041029800492,0.686045858446144,-0.6819639496504056,-1.105521485862059
1.8056322652171042,-0.8316509284080046,-1.7250047845462517,-1.059269259199793,-0.21954346111957143
-0.6822664401287962,1.2882404430721488,2.6679306994857694,2.006537925686577,-0.1145332945520447
0.3454681639006664,0.29840134552060965,-0.10812995812074766,0.7484943054205561,-0.45367085046245664
0.6444185640749543,0.6646805056361828,-1.0715701105599567,-0.3788453383918741,1.315349833979173
-0.6929816787835236,-2.313552901363563,-0.037620131112910814,-0.07423210973744064,-1.6207044091364717
0.5547292289184327,-1.1451931343225443,-0.7220236251033755,1.691451180848419,-0.36376434002951097
-1.1647292242378933,1.0530724537154994,0.3749634949286691,-0.04495150754459508,0.05296828230635207
0.1548483016024703,1.5678408802447563,0.6109478399299507,-1.522413558134136,-1.4382105551225162
-0.9932420218545375,-0.31628276639312214,1.1976755308061622,1.8767011373322229,0.8128096935097072
-1.6528477425961507,1.217308332180996,-1.6162374102508668,0.17332331316065036,0.4420174495082984
-1.2694244968841928,0.39985160095065286,-1.3683566930756563,0.701028301758717,-1.2423087341938086
2.022476062562137,-0.1640864493413323,0.431847754452516,0.24195522698135147,-1.6026419134043077
-1.2106349917798593,-0.4637187530512415,-4.077253701110374,0.12476547319413953,0.42745205098793143
1.2315559633612965,-0.049915652919953105,0.0778710733589354,0.4617542326118137,0.3559280429346876
-1.2599741963311686,0.2401522373455523,-1.531376347359483,-0.040770071384317305,-0.021082415647999765
-0.5536080147874325,0.15510959504930785,-0.9921977052168159,1.1535112625064268,-0.6467245733081829
-0.34160769190465134,0.25243305700857555,-2.1917933608322833,-1.679128980144763,-0.011402334619990587
-0.053923704289958505,0.09470428606163109,0.8649147320205192,-0.715753436187507,0.23476613070253521
-0.6529470835501207,-0.8760959764094561,1.9006731556725156,0.19987119358010902,0.6724582399811622
0.28239884458480846,0.6801957131635942,-0.5834459369145856,-1.581579589990033,-0.8956283652621515
-0.32769712811698604,-0.39312278335317136,0.3210333121946885,1.0075330281831687,0.557941962148565
-0.7590835632632501,1.6042880212116937,-0.2842745061139014,1.4272469224770912,1.9071578743031008
-1.4750180770415837,2.1288654684608552,2.3486097828450125,-0.9334264843164345,-0.8075759166936766
1.1038480339400634,1.11819427496466,0.9032752833593117,-0.5008251708197318,-0.5686981774032327
-1.8389434373374338,-0.876682829609989,-0.6655299637402309,0.4183503905650324,1.178782288683128
0.8116796624427715,0.028366184083571538,0.6726072018109724,0.015164728631239329,-0.316799751399922
-0.7870530826538046,-2.140986254753082,-0.34443643727634926,1.6152689804132825,0.6488147130337649
0.7671734007580641,-0.2623115089849798,-1.1039955355364228,0.058992179798942876,0.05043784394758
-0.3131277257330367,-2.013929819073212,-1.3538585613873224,0.2732434804213808,-0.994938132457187
1.9821108062499582,-1.69345450478478,-0.549132801629177,0.3994558762631275,1.1955382478067977
0.8844991059141125,0.13661774001702626,0.47084554022557584,0.09711007452431868,0.20452810396823284
-0.15922332499815528,0.7197233086474119,0.7915640021521513,1.0081087271549938,0.048676574972092095
0.495030427669833,-0.2378985006449581,-0.8931324994229488,1.0099704500395306,1.354429456045967
-0.038487238832762165,-0.2570108191042213,1.0269414308649711,1.1411304485985274,-1.462887351123634
0.7028216761153311,-0.7417335102526872,-0.8295569600886522,0.19816575994991384,-0.3799072292985704
1.2816205614535463,0.952620560464923,-1.8366400838350405,-1.5362007010694518,0.33772750259563966
-0.46698160941804284,0.5928110272651249,1.7021099381161975,-1.5329272009224737,-1.3094983812641152
-0.24837586523649646,1.4121391970490977,-0.9385689879195844,0.6457169292964859,-0.7176646634717111
1.715479976656676,-0.41513726616281504,0.40270897297345215,-0.08225923518516665,0.06872183989727508
1.184725107444569,1.9957848184191318,0.6393823641171074,0.13533260124050103,-1.4790967981459837
0.7920477520424588,0.8664609480588511,1.5745657418419834,0.6873540281189253,-0.49843341922512113
0.11269693114032817,-1.7708132188670156,0.8579831723726579,0.6619015067465871,0.8597860280201276
