0.8123470920562494,0.2450770773970285,-1.7895334037534412,-1.0805799753271492,1.028385229672037,-0.21026248221294666,-1.5544388009297858
-1.1862166816642308,-0.8252500255466034,0.027473268557134018,0.08911194123268737,0.2706529978569841,0.6358201306005669,-0.7465060943210541
1.4154406034758982,0.04382981242933551,-1.8239677804554943,0.3481204085846725,-0.7192222638773991,0.2774631299755444,0.9178807464607984
-0.6245487798409305,-0.4264269862416267,0.2599115404527859,-0.3263331205277994,-0.5260548898865018,0.5485241523824999,0.6876000900957802
-0.5292856526332648,-0.43582844047589386,-0.1835694454132204,0.6108787208965498,0.1067840790130631,0.3957990451962829,-2.022154365963762
-0.06735640500383985,-0.010181287776627513,0.2949526408797542,-0.5125105096206973,0.5398234990537827,-0.5587353920064407,-1.7455684644247802
-0.41661711980150506,0.8857148323480869,0.7782357803563122,0.9051072478982874,-0.3052799363857378,0.46090937662670667,0.889900243476065
0.6634399019358306,-0.5872786644297312,2.227586637823482,1.0396411489938877,-0.6789935108228867,-0.014755941869325094,-0.15516079051648143
-0.0048083432678423564,0.6386642755011825,0.9355404911957176,-0.6151108359808548,0.5636823035824133,1.2412686897187346,-0.30089585848241107
0.36738281826010266,1.0717523908533557,-1.2728627148899474,-0.5381099882868585,0.4162827811017885,-1.1622053258969038,0.11673805147097074
0.26281640523163263,-3.1033033835442367,2.554967886182014,0.2103628362997828,0.361477462933638,-1.300653900999695,-0.6291193219445174
-0.637570684946028,1.1142286601523406,-0.6185129476301169,1.173610045044233,0.6142613610107602,-0.6968815226752287,-0.4449630592172402
-0.2652694273453437,0.05724409432842213,-0.10050107983260988,0.07880255208601906,0.4774289964305527,-0.8630525579231554,0.3912708772563685
-1.3449585047474413,-0.04003377073802646,-0.0375266321604469,-2.0788963220460057,0.9016256182262359,-0.6881953611515177,0.6960990022647315
-1.0694068896452535,0.6275629258808909,-1.3313999691457654,-0.5654614566588089,0.21291207044411714,-1.1641941844808896,0.09256222288590168
-1.7698632003866512,-0.6199545565771845,-0.6628422494333478,1.8616963001006661,0.3770879527957491,0.015300187578335017,0.28368114207995826
0.5993952356011377,-0.5727331545491448,0.07438763048723146,-0.30176673613377286,0.23374334342352454,-0.18597984421938793,0.17730555906710355
0.07238810002903542,-0.28819849522833435,-0.3934617835618213,-0.47749579825688104,-0.03384613599754882,0.8542117927417536,-1.8686122758244907
-0.09413944739366269,-1.5080433790384047,0.46719063522360105,-0.2375138265816097,1.2446244136206008,-0.2025872224955934,0.42855950415117394
-1.3605646344799647,-1.5377034928486004,-1.0390342786335798,2.014739378410846,0.3244894039265828,1.4997341831094124,-1.5342258930176647
-0.6477640733342311,0.03552945071121355,-0.31383131848752316,-0.4687020990137732,-0.5961871717057594,-0.10811149733522024,1.7784447522589542
-0.6483238667142869,-0.1773281594254103,1.2645706430316188,-1.1506124027420757,1.2007248489751248,-0.7185970969826332,1.2418304696414488
0.21990781446389937,-0.35052170660008114,-0.051869452152568885,0.5630090493579072,-0.3224744349829253,0.9402983710169428,0.956026215763582
-1.6710023982376194,0.07385491734877125,1.3200422919840127,-0.7181573056792128,-3.289159181937909,-0.2145781900992366,-0.19359084238835933
-0.4842557986504615,-0.9276587406165074,-0.17380282021498739,-0.08118573917051053,1.5847165800690355,-0.39046960021809335,0.5719798241760362
-0.4784021137900971,-1.5825755814223381,-0.1328646942145205,-2.66187721811546,-0.18356433109945586,-0.7630902510811622,-0.6937590058441483
1.3422355923587301,-2.031965031361582,-0.5460689491723651,-0.7376779218092435,0.9828668464539025,0.18545947608803032,0.45765491161686717
0.9989478818310191,0.724522259658474,-0.17955356243943332,0.5865797939651327,0.08740962929633332,0.44954663279738544,0.45573574102117226
1.6232984340509402,-0.44731997735263995,-0.8609095092261166,-0.08023424130461933,-1.9503106692685155,-0.03675813302839825,-0.2794855844863168
0.866721919858331,-1.583264001099266,-0.44568952418244,-0.9691534415962427,1.2708011693614678,-0.21052625292459953,0.07757448925172153
0.919267255138737,0.3881386176241645,-0.3001916643560575,-0.6042805825100812,-1.1507530808667275,-2.0576975503387707,1.580296792916211
-0.1993515619304779,-0.06460317159374755,1.0979328298910394,-0.7660167839699694,-0.5667526586166575,0.5342712139954879,-1.968161157295245
-0.6436117640633018,-0.6508183019244302,-0.2506455736108614,1.112758489362879,-0.0747011367643816,1.1829524250945513,-0.6731261658636061
-0.5928098075651774,-2.1182301433943302,-0.39521762716687564,1.4583409727456633,0.6230182713344222,-1.2238279756351098,0.45177007007613207
1.72315889946941,0.9627710236387165,-0.9410350537124331,-0.27544843585218504,0.6582132920850301,-1.470288864299309,1.1897109177208276
0.5575146576142389,-0.4327237975333994,0.6365981272985999,-0.5596441723972974,-0.8263357448858631,1.2634928666219027,1.1092073174822408
1.7367647231502346,-0.16678158817691785,-1.0504701973968773,-0.7027909139347035,-1.6033062228873862,-0.41485512421600224,1.354182766089869
0.041321581291112366,0.04376406430050613,0.08605728796422599,-0.41243123349250527,1.104297867074137,2.1756312426676785,0.9747944810924977
-0.41826965695124463,-1.6006641476595012,-0.9113274108401226,-0.17919924678086666,0.7502145882365144,1.7007060316031453,0.16575419083703868
0.2608393419628995,1.5426072114228557,0.8888506976680441,1.0359470472984773,-0.3690992554120682,0.4720691175122732,1.4033958572437881
0.41416935844754255,-0.4951809069847613,1.7160426977916898,-0.8991407995000733,0.8115007638288326,0.29922872174413223,-0.29498380275170855
-0.9554478830230331,-1.1964609233260186,-1.1336500609373827,-0.7911443386142052,-0.05586463914916556,1.1599522967572897,-0.6612621272870731
1.1153077547510641,-0.20974342637602086,-0.13076944482602407,-0.5533059255980921,-0.19409176551883256,-0.21271631170817454,0.2149143303112132
1.1901820877791114,-1.507089281366992,1.6623837509427442,-0.055600568460707656,-0.4103119415754925,0.0018908964343815585,-2.137416130064456
-0.4260393415596505,0.81246304756233,0.3015816041234078,-0.026422796627065114,0.7113149405476888,-0.5331486248093111,-0.47406579989245873
-0.3994673251968326,0.7021127616478787,0.24149417274984025,1.292335814194504,-0.9157871088183164,-0.34581720513726133,0.6400429389417996
-0.020220231828783068,0.34496383107313605,-0.16086861961518162,-0.09845046923641308,0.6541855396528532,0.6841078658236163,-0.48131863209198544
-1.130299706910312,-1.0289060077354895,-2.115149932925878,0.343884682049189,0.4847578847143036,0.13193013465265818,-0.6956449969588533
-0.5515261416206126,-1.3107356522247733,-0.05092575063858885,-0.27935081174424675,0.6447512554935961,-0.06877142004320297,-1.0605185210035253
0.5474595095101679,0.8493060914385144,0.05319067939527573,0.14949545859342853,0.09261901883271749,-1.0981572924323821,-0.3850435836934898
-1.5859295895218017,-0.5274197767289105,0.6622204662505389,-0.5355769589624648,0.41353791026848685,1.2057760148506946,-1.7330240096312397
0.44189552420872164,-0.6003962668671984,-0.5489483712843483,-0.19186937150204572,0.6444705654281004,2.19576409778571,-1.1971082880329897
1.4502145975162766,-1.3695072264405963,1.2006600527480378,0.6732134943911834,-0.8253553863471609,-0.21222362170464382,0.13916826393489148
-0.5395710847018949,-0.15761707806063682,-0.3636973592164514,0.24698639536552236,0.29392078681000144,-0.3540602252759078,0.37600894936363805
-0.6888351318702107,-0.32526612056640003,-0.6150522188890253,0.5805542207264129,1.5843667588769967,1.860666774718594,2.1549030737164863
-0.4549466654032847,-1.2089057563282144,0.03149715827513532,0.3975380295505362,0.4322007588796983,-1.5612093582339284,-2.0867573904566905
-0.25987973510956447,0.4829776439372608,-0.31314066059752543,-0.11348118285511695,-0.2857510456842453,-0.19739304904284333,0.26255490336718545
0.9982001468717123,-0.036560442152939694,1.5911958460656719,-0.12509887078783147,-0.19683977968478134,-0.3940285952206188,0.3755924102720462
2.628465781323498,0.420574668123324,-0.0033108330084404016,0.27724596932429885,-0.120876101227142,0.22345728666794434,0.1701498055175186
-0.511376823309093,-1.495674919593925,-0.7861584364303231,0.34497097067864213,-0.12677617049933906,0.23940112400287658,0.2573838309528887
-0.9636750702691674,1.5107065600914287,-0.4855111758245274,0.01370816897784774,-0.07028724601115394,-0.6314600426192565,1.3682511534322794
-0.3783844513024516,0.0712591909001657,-2.6594490779377615,1.1847210520473181,1.1297315704795738,0.4874901301733855,0.497122224784897
-1.5414149913309696,0.9851371327622741,-0.9713781779171352,1.2670594622009008,0.16085431954964793,-0.6549772912065261,0.27349069951568045
-0.7406942152194881,-0.6651645436100619,1.7996639520924353,-0.1860572220851797,-0.313998678920464,-1.024336250920094,0.28323334107532827
0.9845158670019,-0.270400234399011,0.716350940128378,-0.901338034675249,2.090230350318403,-0.17834980327509872,2.161881564242648
0.7280135399822997,-0.035242946545759476,-0.9603243574196738,1.024985232033301,-2.0038268881601526,0.9358059227381255,0.10179321456656054
0.5188113089058597,0.9724912539559457,-0.3436632655731241,-0.02684920875583394,0.6203993978588686,-0.39202076807151576,2.0093190698388095
0.24171677386289306,-1.1619821251891518,0.23025811446009886,0.2278606224417083,-0.4393335870828634,1.4735268600628204,-2.110941343768037
-0.9261126892930304,0.18828606764605588,-0.8392038748487854,-0.36773932285132016,-0.36921581879687365,1.3489635970010878,0.30126729044997763
0.11949853580378045,0.6243978409012642,-0.8254955417499941,0.8820885658036624,1.042147199771425,-0.1285420798851355,-1.6581670311708496
-0.34066384484876217,0.6731454935982112,-0.08193817760554357,1.3989348315285473,-1.196902139504195,-0.29452984611057326,-0.07387557772761777
0.7684802007577993,1.4341701791154737,0.38584310978395575,-1.0537696410446082,-1.2849435391218367,0.4358651932140645,-0.19905473139382474
-1.7815092410102762,-0.7333782341537545,-1.2295688553588262,-1.2358269896010228,-1.1040481787613452,-0.5415796086464598,0.9782583418422146
0.3868169401086264,-1.112530167949444,0.6849100256679767,0.28283929700131516,0.6375007613818571,-0.07009437181495487,-0.2225530539651797
1.9934356082173463,0.8810720179888202,-0.554939404932602,-0.15782919507970355,0.29580626469661775,-2.4958725746969024,-0.3029531772826326
1.1699945529534412,1.9883869218162424,-1.3592680524915643,-1.2545386743739813,-2.0666627474552475,0.38847850928442584,-1.6097707375532078
-1.0751252349398934,1.955364002671579,0.0688463158398565,0.6094568636273501,1.0471602942388387,0.16002164650165748,0.6622199756568896
-2.014441694843875,0.37860532931903,1.8777863023416035,-1.8960943995703197,-0.9617720552269505,-0.9960869577363765,-1.3987425605095725
-0.9903139627279991,-0.18036136422728707,0.41824379664652345,-0.7097712306963038,1.0971618398645782,0.12629271095334213,0.28878862438677344
0.5851225778257271,-1.34694630661159,0.34230397166839877,0.0005009135773298521,-1.211324958716291,-0.7392570966475949,0.8544750608964597
-1.0517743688113157,-1.9238933521246988,-1.004525726750994,-1.180279279843605,0.3065362447180631,0.041987420580054134,0.11795075701096198
-0.6562590731390106,-1.4875562963191262,0.5041314367473407,-0.6307468220267098,-0.7586013142924577,-0.9180395599845247,1.9763703421819003
0.1815114076732423,1.9693612119654427,0.4116994273173778,0.22543821273135686,0.5248646727761588,-1.7205471199438678,-0.21795256253504008
0.5782603252958055,1.0033136604712714,-1.777347926836866,-0.24490667097178018,1.0046254015162996,-0.010341829615406408,-0.3016836610265004
0.903699474130053,0.11101822272972409,0.02125608802374537,1.2586485338422204,0.8638684908376991,1.283922035235091,-0.3110258222432831
-1.3590868425608964,0.3427226265604348,0.05831592918454023,0.1019013397645515,-0.27674838310715105,1.4865661749887817,0.08368458949052049
-0.898503082681124,0.9380731597647224,-1.095962317025326,0.7478460342946843,-1.2994970457484127,0.863366544709308,-1.2470508163735952
1.5232036394828317,0.33154399842480553,-0.8527424829549914,0.4427463283878257,-0.9449963758981906,0.9773417330723334,0.40341973072339626
-0.9156459747173926,1.2278455978970995,0.33343234105066855,0.6557952478112291,0.7383401365719806,1.231977198802329,0.5286225594609748
0.3787651868547679,0.4642358796169874,-1.3420858395846513,0.38446622054742763,-1.5126765164543556,0.0201564417781263,0.9214901619691207
-0.4082987367288948,-2.5247631681688913,-0.17008912876986312,0.24102074934694226,0.1928537370358489,-0.5701266263955317,1.3737978373558126
-0.45957413775199796,-0.7288115973856699,0.14355438931903866,1.8492700242021998,0.35285451412430174,-0.7891234202496917,-0.8542299654419233
-1.0469724298954624,0.18524405318789108,-0.22005021665579166,-1.4291834707802797,-1.4315670433405132,0.9193747661140623,-0.357826960534359
-0.4724434068678385,0.41665309914828075,1.1379365090448639,1.2856106928429614,1.2377070306935858,-0.739631647164853,0.43549476058051195
-0.9160843322517391,1.2929108031888932,0.5784196075891438,-1.8995150184188725,0.06531071303071824,0.22295050207095493,-1.311528409141679
2.311018640407493,0.7556480139919124,-0.5369859017955688,-0.3039262799878216,0.2840175554875437,-0.6182417872642465,-0.5792823243854273
1.259317591227498,-2.445540630842709,-0.007570708186171131,-2.5543892971219844,0.027299818646646146,0.9727825288128451,0.9649824587613215
-0.6597663591351379,1.7374359398731454,0.7259229927648204,-0.86392981473321,-1.6080791710233344,-0.07595587737918746,0.45836296460863657
0.7650948563547962,-2.4313913219135617,0.3410060362739393,-1.8925748006803558,1.3789854332647196,0.019410275461046796,0.8413068367936739
-0.6301516845857724,-0.7868111212837131,0.4782665773070077,-1.4662035925051324,0.8491097010618871,-0.7499805789906063,-0.3695765997370072
