0.1842939096828363,-2.0433281403545984,1.237048334899377,-1.89624971392277,2.1539405770434605
-1.4655779867380634,1.2690095181516567,0.2760649771986201,-0.8009900409852182,-0.10233567650714384
-0.23795210984664333,2.274103994621324,-0.3130951263029563,-0.6453767633815477,0.8750774914898759
0.4911260784465418,-0.031976127467576956,0.49017191531547016,-0.19321854104850483,1.036105062728437
0.24104004158844536,-0.9108513054209606,-1.3348535653993543,1.1173271354036032,0.05949598500152155
1.4505865694603235,1.7319246249167672,0.4682156777557139,-0.06774223124879915,-1.8996993774509585
-1.1680735713508783,0.10171084064879717,-1.1438457092132692,0.22717120578534525,1.016232206995915
-0.5106219892022974,0.7606947788005717,1.6875417415146525,-0.5159762249627635,-0.01064518953419226
-1.0895451647890007,0.4028092592244572,0.2004673985807075,0.6398258523414906,-0.02222717551736476
0.24431998858838833,0.5910371135011278,-1.2788353974899214,-1.5017772946627095,0.12706955245402912
-1.1474611379423567,-2.1456841843189753,-0.9773734806702409,-1.9159775836281776,-1.0760265455165074
-0.013589308286348746,0.3418380714009661,-0.6089447876344185,1.1639763952347297,-1.080482943210456
0.47050402804781155,-1.1654256378712964,-1.0122410203895855,-0.5763770722537045,0.2833362206393393
0.6720387714267573,-0.11235880195395101,0.48067208247174664,0.05540878150359708,0.7144627382364961
-0.7656978918771632,0.41029697098244566,-0.28099648157629303,0.5440023475961451,-0.7946065343226716
0.45001416856038284,-1.8401570750967695,-1.8711461908135967,0.07502147327836091,1.5069140470816202
1.2037905736861216,-0.3651033559033451,0.5067276922388845,0.007918697897537597,-0.5545877630437503
0.26225405431324245,0.02261278996105246,2.085425681656995,-0.39601396728149063,0.329203814724102
0.25110573070435704,0.1205733683452238,-0.3979049928649006,-1.4535458419616092,0.5633591234909184
0.5278346138238378,0.5803774780002744,-0.7419329606469612,0.19296331812809378,0.17245007114299188
-0.18343754114831662,0.3769299165475946,-1.3238400446308778,-1.421615370875509,0.15417989750139494
1.48970144245733,-0.4770820743354519,-0.5108194949394702,1.2885305228594284,0.2557838581542278
-1.0197586530727336,1.474687258472012,-0.3976003821583541,0.9110335810661422,0.09080549232920357
1.2584136067193217,-0.9387906087730461,-0.5224087747484645,-1.0388608126533552,-0.9510484543853561
2.30883516089563,-0.008619445688683811,0.7379942953377312,0.13054171761519953,1.7071196986638204
-0.871162588824587,-1.0797488594118392,0.5721926377148717,-1.4548296443045918,0.02441740983960637
-1.0296884403712947,-0.9141366373328772,0.2471657832598953,0.6361182366857704,-0.8131130203409346
0.14696630770660754,-0.6780976319045793,-1.6680214619133864,-2.0056033787208167,-0.7579465530661127
0.6686341253021151,1.3179678452852317,-1.908418066048276,1.908910073979261,-0.20602297904411493
0.4450476848951129,0.1991511531412871,-0.5047896458107226,-0.06723167661082587,-0.2048996313842746
1.6469081538413475,-0.030374843214323176,-0.48458011052123695,-0.8273672766172289,-0.9513780105086861
-0.16269861492499693,1.209891019852252,-0.3101208101254832,1.1990299711633159,-0.060916070938240814
0.6070750005914901,-0.5750564273013938,1.9457168466143788,-0.28901733886968395,-0.4027597039314989
1.4453094430355249,1.0091291733714203,1.5472219796685165,0.25384619839727923,-0.08973624114421928
1.0028343880648891,1.28951572545262,1.8210718159163988,-0.574595699708507,-0.5163044873103037
-2.7040518048939726,-0.1265074444125733,-1.285573826149455,0.8152325727905197,1.5973686303763905
1.4146412604786043,0.545135548646512,1.8067173286527487,0.7474869962464716,-0.46880379137246364
0.5739592464576532,0.6204996544329581,1.0190798601456417,0.1447864492347791,1.0134728681592093
0.7156758517176343,0.43135459852887426,-0.03648737590140367,-0.5644712724962206,2.0756693171893352
0.9219032109705096,-0.011973483692047615,-0.3800625283078988,-0.17548699858247524,0.3137436819614085
-0.5686383338278167,0.0916297541827937,2.1259091149931764,-0.8369367613811753,0.15175556312604285
4.097698221864492,-0.7102669867461161,0.06673027021286297,-1.813542480229407,0.319578081107613
0.43325847824542746,-1.0992638358935538,-0.16698765619922692,0.45422583542397843,-0.9334580518721236
0.7451213704620421,-0.7659751804762438,-0.40470763083453326,0.23657540717704365,2.297429352221
0.38607865099477684,-0.2393560189117938,0.2275829367281199,3.308028715872002,1.8334115337582833
0.7110090451364018,-1.286211015566321,1.066802260279562,0.19740241754882065,-1.3718593549069344
-0.8183617076375557,-0.7702510819002484,-2.1650330817108547,-0.45898674220283664,-0.5423785999264932
0.6635770525743444,1.0154127702954836,-0.5341383560069622,0.713529905924515,-0.2531342325926145
0.25584513204671006,0.9266709605518073,0.10022286664121434,0.5955631007733516,0.002210517533820517
-0.4304455966912029,1.1225292017482613,-0.0037006149285594902,-1.143474126067853,-1.4103316903041678
0.836667167742387,0.8368160043000498,0.4218878492936961,0.0891168333834951,1.0713169692993036
-0.193453793601126,1.1902763831463727,1.611575414647387,-0.9548415601307811,-0.7246639946332484
-0.009367022277143618,0.7125752785464398,-0.3306797311618413,-1.0354485430303417,0.7213426935102458
-0.20291101639098078,0.8289310208779165,-0.317344389411656,0.3268737199723395,0.9863264447288647
-0.6320188182489395,-0.16332108369666404,0.1429190429919091,0.3920074732610594,1.0803403591876761
0.8417674901422316,1.7812040148049146,-0.7227216677700117,-0.07798323169944876,-0.04060849780487134
-1.8150207879596558,-2.074553185730836,-0.5523815712091823,-0.7164604423632362,2.3593035838468
-0.08580733270290157,-0.1160614360519873,0.5995348126591259,-1.0353197216949244,-0.15929375743897828
-0.22837255100535073,1.1695021364071838,1.3064419612327278,-0.8170423572075842,0.08308993106822722
-0.39776412419544016,0.041487004072832054,1.5598345414838337,-0.2737983365158194,-0.658350155088273
1.53606869838692,-0.2092469361667209,-0.3221802286987117,-0.3194023513612311,-1.612536373483044
0.21388068788342718,-0.41920543657387677,-0.03548660232227477,0.5389604460140252,-2.195058552722574
-0.6545116171750215,1.0188638212812646,1.557009929337148,-0.214523850858875,1.3405138965713697
0.7184661029048984,0.34228681445107567,0.42235964693386163,-0.32733187489106297,-0.47520398807652925
1.7948527818459883,0.7436799773751015,0.7182234269404655,-0.3926002705612,-1.5601074581298875
1.4790532330764192,0.2337605674527465,-1.8500374738022163,0.5056178641475426,-0.24743373352623596
0.7226206095212794,-1.8294844226974816,1.078586013889484,0.489034848517566,-0.1412227115104726
-0.23594319336558814,-1.5019068462057217,-0.990638251510254,-1.025521525751013,-0.8368249589922084
-0.16448368493876633,-1.0050338549202817,0.09274567005737426,0.7078380299543171,1.579523707355728
0.5176590044079891,-0.8027991755591847,-1.2545081863956682,1.6743679298141283,0.2544192776762878
-1.04373948339937,0.2907330225688442,0.33493673902477206,-0.15815666534871775,-0.4265242235845587
-0.8161998706304243,0.2692969847117777,0.5184452851278327,-1.2573805118608357,-0.9730397654024003
-0.18942380478046758,0.7302667437981385,-0.46762565328614353,-1.3326885766077703,-0.5528586411700904
-1.9545739213304567,0.29014575190144226,1.8083493160295954,-1.2051202803639547,-0.4616207876525477
1.3282167862955214,-0.18921620526463825,0.33642367968504194,1.7068389386012492,1.1071764992141302
0.2797136500478351,0.16086203758426434,0.33077755409089044,-0.1606392240588095,0.05819935397305026
0.42971459736716205,0.24347910477732462,0.0926189117503739,-0.11600369201867763,0.2043852953118124
1.7879497190265765,0.8141018933013534,-0.2095525250226912,0.6931052057649372,2.5351836687210967
-0.16445353602670054,-1.3032956878351687,-1.4004508323264044,0.5566331507862888,-2.0372941452202253
-0.6081198489933946,0.5493154997380373,-0.3399682057333704,0.23207323788618503,1.1034173847672188
0.3321832355269328,-0.822269133786308,-1.3410200502798808,0.12288774281873333,-0.38002137744364
0.9428991533000052,-2.258039117027855,-0.5120620194969456,1.2498067586796469,0.956935586872778
-0.8321740789621902,-0.3049406729792609,-1.3716061239519926,-0.043078427389683836,-1.2637023873784683
0.5474171345986177,-1.914837928141858,0.18755616178452977,-1.6799946101766319,0.5130850977353957
0.6116913344185944,-0.6254528422730247,-1.7103708765750532,-0.4820876879256744,-1.1759235569651079
0.6946638883153096,-1.6805837169780815,0.5139723018694022,-1.7373538454876893,1.3425272569342948
-1.0973652892216044,-0.11624758411622313,-1.9386169529132902,-1.3974422973496428,-0.9056337752574143
1.426391407309274,0.7874339919266635,0.352722506208199,-2.2650887668188253,-0.3749365820851233
0.13376213042024393,-0.6360276218757159,-1.056441837928686,2.1292694332238558,-0.5720738211069634
-2.272131347479357,-2.5403430138759377,0.7229357400858313,0.317525743749435,-0.37223227944988463
0.24009233697377694,1.1862618772232718,-0.8112269646229998,-0.7034897813291024,-1.300850651609902
1.3075043394217558,0.0918183227850049,0.5977002096716841,0.7639885313060243,-1.282698245485518
-0.7508797186631632,-0.656450400491889,-1.6677547607929366,1.658308706714593,-1.5452068247860589
-0.4550944080320055,-1.0017785081463295,0.7032499325260867,-0.959800377679812,0.5457915061438543
-0.42839491205151153,-1.1261261123277868,-0.5563287167858582,-2.754704245387972,-2.370190827897435
-0.29167995464583035,0.9016775282181347,0.9699599782946526,-0.5342037784458329,-0.18786718313651288
-0.3390225866521872,-1.2304557776519618,0.5783505053860638,0.8430904587363696,-0.9406109589188176
-0.7641009159273195,0.6761095762797388,-0.9536414217024644,-1.0764207686330265,1.3351363780943428
-0.7863270785536022,0.41570581760331854,-0.37753223687348164,-1.322095112922057,0.49513082974500655
0.9271967977885103,-1.1568341336985475,1.2020109719773464,1.2754588135880456,0.4839183952011349
-0.41853540083693347,-1.0979511230068382,0.4952775245277498,-2.5956359371061617,-0.30972134206204827
-0.9358790560016382,0.17117319790761024,1.3118759466932035,0.7533702984085695,0.8518761475328706
-1.110725884194938,-1.0855860507582422,0.24866428537375632,-0.2238605611099371,0.750832488026884
-0.6934798849416528,2.789799124166294,-0.9777627638905911,-0.20424563202686608,-1.7952266039368892
-2.057255901447801,-1.4225455925679715,0.6097154812342115,1.3023994602947215,-0.6887752573561329
-0.2136819740325876,-1.2233723457129686,0.003875757989033313,0.42100028382991583,-0.4450408717382177
-0.5040929576918262,-0.7705140317307211,0.15398726170835214,0.0711054171589074,1.0085053835962159
-0.5198109251089207,-0.8633077927383646,-0.69996183458058,0.22762250286714739,-0.4921509750221227
1.6395952321156502,-0.5926485008139489,0.6703213223417417,0.9655768825793768,0.27549721150601386
-0.47320718847652077,-0.513640356276478,0.10968371786306731,2.1478623798168432,-0.917113350196738
0.5933398487766509,-0.42341492304278616,0.6917006513217216,2.0116825385536146,-0.4888657547045616
-2.1449702274443725,0.17140244705819258,1.0226816736006965,0.8169150324225258,-0.016573415065901834
0.48391777330109076,-1.0490768700740196,-0.6600086183950875,0.2727635996386831,-0.2533144926039639
-1.0324868075855664,0.2824987147480384,-2.4470053935675584,-1.9196139048414682,-0.656257654364424
0.15463164740231466,0.028473254012214295,0.553573947043577,0.02712046453909098,-0.7609582933893208
0.4183696706763144,0.7967335141141196,-0.42237201735508945,0.8172022835904219,0.9098529336363339
0.3077545097609919,0.7300946275711178,0.22463494691395855,0.2725330832652576,-0.21186272980351267
0.5565715684843509,0.0766005310145613,0.4667390064360836,1.6610098949832888,0.08344050082939855
-1.490100024572714,-0.17126346560310413,0.7279126202354154,-0.5827966277677534,-0.9909299903676336
-0.22062650336746423,0.6140474665341367,-0.6951073986501317,0.13081513243404833,0.9100985361330755
-0.42992510898761943,-0.1442901745728194,0.8574522005736587,0.9463994721464313,-0.49556076996408394
-1.6810499178171776,-0.1779130215798383,1.6074908153152543,-0.00292423292876771,-0.7707674892322066
0.6467451615728113,0.6254342697771599,0.6249265937507558,-1.9346259393869563,2.0089882567343076
0.11349980734314159,-0.0005608824374456571,-0.19972115440924756,-0.4248481570578017,0.5697621632540083
0.7479599648391025,-1.6761152150840861,-0.4838194347410544,-1.0053775772410434,2.0842605538958385
-0.09918560276043809,-1.2674752248263224,-0.9828736836813877,1.8274010471330029,0.8074785649663936
0.16834763517372148,0.10517342215949053,0.17281253920050715,1.2912718602197226,-0.5551933217414711
-0.5853345466167201,-1.276052697490471,-0.9121075573210435,0.4764015515267413,1.4821250769771894
0.6137795590863898,2.0165494959665917,0.40749452573056083,-0.8160303328188762,0.35515738133425945
0.4023688560002822,-0.06966521309043851,-0.17130308175887143,-1.075734254592642,1.9170121650583838
0.9392493759182075,2.10479118600011,1.114022387816448,-1.4810965048418037,0.2380252130928907
-1.6847769835032977,-0.8684865460406076,-0.6961506160039788,-1.9690633676338147,-1.2292372292960472
-0.8981091648873496,0.458049313614732,0.8859163951767381,0.0091297267719197,-0.47938653609431614
0.20892701031823094,0.10514993217947037,0.47319588538510104,-0.07030627911346508,-0.4098044320422797
-1.7011497279382501,1.3937420686602786,0.44577616983787804,-0.4568820845179476,1.1466319564340959
-0.7330614070632279,1.8603450711698253,0.8977425523986944,2.694047714593538,0.8440559759303328
0.5266998128346885,-0.09814085554512847,-0.67788454734099,0.3661391446797227,-0.525427882657319
0.7764030520137922,-0.73760291341364,0.4842876562651898,1.0633212403477417,0.38536527145937627
1.3604438237716079,0.6389858696329921,-1.2053231951625947,-1.0588644719678268,0.27054259393056207
0.7602141395043277,0.4793512404849243,-0.5613350721545812,1.0963863225091743,-0.38998226922626367
0.3109904828912492,-0.7073902655311302,0.0035618158445143424,-0.26417934083508887,-0.9026725200277781
0.7478920704731957,-0.3859166826652285,0.5045078478269545,-1.5657880950994156,-0.15443333841425744
1.7582079793315553,0.13639856155313262,-0.5794654463523794,0.6423874270499023,-0.9045544322486072
-0.22479256098187386,1.7562943355076794,-0.5527510555732889,1.020509078088744,0.39936002648088026
-1.0260744566202198,1.0281725778452213,-0.08969443298405835,-0.8121047262804058,0.43165681811696965
0.08148347794037113,0.971923537730836,0.13577967109524633,-2.0268257189742096,-0.095783519907939
-0.14448859283305387,-2.0684610449274152,1.7054796730717918,-1.1854318303084237,-0.770600862492148
1.0706729212830572,-0.15241845027997067,1.10182276160625,-2.131213569108192,-0.3655552254206872
-0.43357731736279237,2.4279810745312016,0.31413867050067656,0.05655636103481123,-1.4752213432834043
0.40584619909901787,-0.32680464073343063,0.11333258936385246,0.7607596195897713,-0.3137277721082373
-0.23449143310514464,-0.4136041644524617,0.1889614032517382,-0.8956350457175308,0.529530444183965
1.1052728974112567,1.132066844600925,-2.163069310378665,0.46336004191993907,0.5980833064345736
-0.3587131338953833,0.3724021415559032,0.30345508433960255,0.13133812551145901,0.037224996356149974
0.7948479753308058,0.7674000467861668,0.16753945613812526,-1.6289009555636373,1.0537203839163616
0.18138849807825447,0.5422985763784276,0.06312410352566407,-0.263600552445376,0.188148911429588
-0.8494284753732115,2.5824056757392477,0.1264148559238937,0.19030946536662977,0.5742698933592206
0.28346100801777385,-0.617444318417597,0.3890556992328338,-0.3832181948998293,0.7370534016768162
1.749178393575083,-0.14598282418805145,-0.9065242935285822,0.17655545113282503,-0.8692041022299758
0.42434017014950676,-0.040530374956675046,-0.18133480135562088,-1.362341998273076,-1.2511668801900393
-1.258550531847969,0.767542788364031,-1.585373892769547,0.3141483296682359,0.08318471267857128
-0.26855828833487877,-0.8369497074709825,0.8713776401201058,0.2953143117272541,2.216469536497868
-0.22527956493326498,1.0302221632704667,-2.8591581839628524,1.1313001484899223,-0.4959297822059094
-1.5447327710416607,-0.650414880140691,-0.21058863783028423,0.9988985341353516,0.5459846129078958
0.3185974943506618,0.9149546802421725,0.7500625426538094,1.6535487635179293,0.6692912938221234
1.2004549465133334,-0.8270766322039754,-0.30764872596053056,0.028874851381022044,0.371086588779607
0.5038414519280675,2.480476946412944,1.2835564977078568,-1.1972456652076588,1.5939948616698891
-0.16299318147465883,-1.4944339425124404,-2.0509946774836263,0.24868746314757678,-0.6304608616650696
1.0645446373062262,0.09424298534942882,-0.5950310273301423,-0.4289558378715656,0.6753835126355919
-0.22666817399868563,1.8499756782733245,0.7392383881084607,0.6748702002848351,-0.5359026217852203
0.20869901104992647,-0.24110516115924077,-1.2200260362991584,0.2758740090243428,-0.6208652651336883
1.2385833156116468,1.6947909177805698,-0.3797455018346144,-0.08773777148638903,-0.785183423464053
0.011771318053000416,-0.6841407307846953,0.43149706655778397,0.6705840376736456,1.2828525257399361
1.3002840805530995,1.597294472703413,0.7361589197521288,-0.9401212567271179,2.1608705995730637
-1.3342000274752726,-0.8932975327310935,-1.3132773827336748,-1.693586612886371,-2.2015717154260463
1.6988413741186477,0.7796373804221571,-0.5954952882795619,-0.9858656677925771,-0.8919261705064121
-0.06758391860685431,0.21706606224514657,-0.8770796323643317,-0.6881580841851724,0.5666146705105312
1.0909684704059326,0.425068812908264,-2.3266783190828946,-0.11840111745734293,0.46066474518698136
-0.5983721207453624,-0.9894000148917999,0.7374556396732073,-2.244694679389818,-1.1230909368774729
1.6785551331809474,-0.22856747647950285,-0.5854240611568098,-0.14989015998572122,-0.6425328087151914
-0.38448680857181855,-0.42183155743036876,0.5014883707590028,0.1002397446086095,-0.9461944196052691
-0.8446865548836088,-0.3635553760488474,-0.4112025640441218,-1.888818761513484,-0.7088895057294002
0.43188354222167574,-0.5488009826821852,-0.10091568629213024,-2.4943699918019853,1.2907096524351467
-1.1898732695377208,-0.13426025133246497,-0.35378101604718315,0.20154949210244286,-0.9482233562592917
0.9684561720364506,0.2813531548901141,2.045270650450824,0.14162138947905503,0.571106461363072
-0.18367533168782757,1.3899192998014507,0.6449264271701277,1.3153668731453685,-1.629789760795915
0.47749060799840515,-0.6449432977691475,1.3170578320353696,1.1296914282413646,-1.2217265227932266
-0.6730480588008166,1.395770394948615,1.5009504473304878,-0.6226217262623536,0.37295782463401383
-0.6330325533590584,-0.5439352569362063,-0.030154355148558888,0.6317071590685198,-0.02954257895699533
-1.1876119657977982,0.8000209398421336,-0.6536451217757588,1.5584635829853266,-0.8849808078996922
1.0177898328206343,-0.3029853569861714,-0.3340228630522911,-1.153662132055493,0.6722577219953354
0.7254556018987194,-1.7429314770615731,-0.8697933965164669,-0.9541682484999016,-0.7793560991550013
0.8079472096536383,-0.9872040135062646,0.6766516252584875,2.2074708591188994,-0.5358790839717709
0.7969468376528724,-2.1778308942301754,-0.021323444737557713,-0.8304809323097962,-0.509867190947658
-0.16986692356482946,-0.5006040899040476,1.306443878529722,-1.3222924897309933,-0.8061829558644901
-1.1638728469723123,0.30900415687703614,0.26642403254494346,-0.05232387163072882,2.938524762690429
0.14156494015885168,-0.8681016863531034,0.41102623997909954,-1.1840139214482652,-1.0279482508450675
0.6782101823401838,-0.4379296426550867,-1.1010299126663048,-0.5760382366216444,0.20028707561797002
1.359158126391192,-1.1066165080129433,-0.910392516765047,0.5359904400499358,-0.6327045425174384
-1.1394598214052176,-0.9028240916955863,-0.8646386300025636,-0.4892716294644434,0.1091891117398566
-0.20563972063405228,0.1773253521934371,-0.9072723073653921,-0.5084915270214567,-0.8917841292396609
-0.6927255813649044,0.7156125500914324,-0.32801749316317463,-0.026740601532149234,0.9619271984830075
-0.7117590769012558,-1.7746494042557128,-1.8038584963102962,-0.8744529540924832,1.6324111386909408
-0.8981959191273583,-0.018754964895625687,-0.7486832542440144,0.9594268149802087,-0.1311480406868376
-0.3263820301464771,1.6996937010086781,0.048034430754431076,-0.8289552248736217,0.5238946269401811
-0.5937578509730074,-0.4233507983316779,0.30811745926118334,0.08480840604999086,0.4807109478688191
1.5423409539740924,1.3444127432003539,1.2441262703687417,-0.21984522010937302,0.3088135380566554
0.06759124746763157,0.42143326394197195,1.4620228095546115,0.3981581977104034,-0.5918277779694874
-1.427340621948061,-1.9709640164310012,0.23124581221644713,-0.5719513296057626,-0.7773950605126061
-0.16303920958550944,-0.8373885601815211,-0.528277799022554,-0.6736074693218211,-1.2846642895335287
1.0805313742521805,2.033369943367031,-0.15771241760937948,-2.018453821697348,-0.7950690988220934
-0.6142492293253826,0.3897977591968874,0.018898352007989446,-0.7392322295132376,0.027355685173006152
0.2728461893411418,0.4350949535905033,-0.9066847619381109,1.5089305771364039,1.1901178001520807
-0.5465057527509116,-0.22280242549118562,1.3156875699359827,-1.169475266997991,-0.33266032316241995
-0.061104580972953015,0.45527326610764657,0.7904045107375313,0.715491241987671,-1.2816897938964267
1.8189282892347622,0.17125100499213397,1.472178954300303,-0.9608216371573391,1.209270418951791
-0.009407229918021908,-1.2470598355727736,2.6289392464229184,-1.2644495719677573,0.8481905892152305
-0.38009147696126505,0.12290681399610653,-0.9218647834043393,0.38818522722081217,1.4409944517292816
-0.7338562339467695,0.28716138759546855,-0.7293175512538225,-0.3761943675520568,0.9520458337639017
0.7329385143217119,1.0416790407727858,-0.5396253990889487,-0.4408052486681706,0.526077023956969
0.4646172268930497,0.2641246319019144,-1.3415846502898647,-0.975675902460791,0.0768004931924477
0.015425193499084569,-1.6339877232949094,0.9592581921492113,-0.9750165939772539,2.0396862590951312
-1.2543195790108672,-1.9801228443123282,-0.5967900365800671,1.2538690374243298,0.692372418014245
-1.2144574306215945,0.18813433188964684,0.2847031765283973,0.3322357555924262,0.2745561657462124
-0.9512910630104473,-0.14649478806525826,0.22969238879822582,-0.09510109208887202,0.4641654568586093
0.6157543255502967,-0.32224918601254593,0.9709627823572714,0.015159766440335566,0.5043225839115077
-2.5246240943376637,0.5288016574865108,-0.4764085626680451,-0.4689683897843028,0.9981748817808412
-1.052806335432362,0.32151220741906184,0.1907243486714132,0.2199317467924706,0.4912065896087165
-1.659909510408682,-0.28956367595050664,0.08983676193220545,0.8954198351717386,-3.0278363273867255
-0.9211537320817558,0.5507972786134302,0.695376733179821,-0.9721354965737106,-1.3254661928452942
0.4549635660994343,2.4292235624903795,-0.6847880427761528,0.42856471580586103,-0.2988489533892319
1.195726609059861,1.2349013291382422,-0.46319506180230824,0.5115600917327613,0.4389271236884211
-1.1002115740614347,-1.246285589377803,0.40633028656520226,0.06646901783000964,0.09333708095105629
0.372121046639673,-0.45306128832602716,-0.3055652770129094,1.9759942825247039,-0.5023471697730311
-0.48479147413058093,-0.2514209661646248,-0.34858738188435817,-1.0464046820769224,-0.34357009317954207
0.6300617393833706,-1.880862205186136,-0.08970624089672918,1.0052117585431106,0.8250292886391831
1.1728705769422556,-0.886529758289697,-0.32924513791221083,2.20060441673541,0.6842310500340885
0.1398656637155624,0.8263492015660201,-0.6292470537972307,-0.7279530354414375,0.9633288018390285
-0.8126032873119846,-0.28697514815488406,-1.131138219035696,-0.6796850324180213,-1.811537342574983
-0.7128122755208471,0.4088042193714407,1.6620597415483047,-0.39154046139470716,1.2946079841239742
-0.44672837658078424,-1.5732761484355933,-1.5620620150446205,1.3095878507260548,-1.0368014428971313
-0.1789214580995879,-0.30447834913937627,0.0072520332499267995,2.7122917128605564,-0.3514583142390221
-1.0390898606984955,0.03947173733444594,1.195754192210318,-0.12939928584118504,-0.6436495432421577
-0.8868291371181608,-0.44835814762575715,0.9773850744225451,-2.0665697479300174,-0.6584169930359167
1.1109898189618992,-1.009065947467549,-1.1811558307650873,-0.24247075134339177,-1.0400451107480684
-2.4288060251946026,1.646209686763873,0.5262631821180844,1.0895055140120722,0.1423913495047633
1.590209116330241,-1.0624796318178156,0.6898978461959004,1.6131541050530718,1.020199592713714
0.4440447408337087,-0.06806656529264153,-0.11763501943344622,-0.14104703316058909,-0.944580914866182
1.8173103116181475,0.9144733128627316,0.25442053169164586,-0.09008634367153652,-0.01273833855511128
0.5960498563848493,-0.44753148603624987,-0.30654116194376363,-1.5869594202830704,-0.22670989450600296
0.14229612509805215,0.7792338407773399,-0.38580099439668514,0.36210675691739835,-0.7674743879490211
1.3277794428909278,-1.523273158981399,-1.7008359258250936,-0.9620601887738482,-0.18418581132979656
-0.5332327022682896,0.1939709257714975,-0.20840478114962724,0.4908222443063829,-1.2792683336075306
0.5204501707058588,1.0110122280596652,-1.6153289244391984,1.953987679189954,-1.2715149335813565
0.12559159483620025,0.7667278603839529,-1.1707756220736747,0.7561917103580699,-0.06078751432772363
-1.9943991208206229,0.5281718091178573,-1.2815300092266622,-0.6454692764959916,0.6153369813999197
0.14402214805169078,1.3719456388684248,1.0117533245993162,0.3408377665031392,0.007695937541714901
2.814667670462001,-0.9236279589463404,0.398298221852534,0.16269716375297952,-0.2727056562684335
-1.017588621986914,-0.35273723294366666,0.7494612461803527,0.03289750748871988,-2.2661905571774588
2.2594934218814715,0.44737819982688143,1.427098600134261,0.4989081448592971,1.54549503346315
0.24567642952271074,-0.2887709190450145,0.39461085605136975,-0.4019277751600498,0.5081750830407312
1.5554602685995647,-0.9681355038783455,-0.018208033855684307,-2.422245587749665,0.10674866307893158
-0.9694831986291924,0.18918025921752746,1.6918994722979173,0.8726251666266217,-0.46396730633906236
0.6613383868735779,2.502126870397408,-1.001734095665836,0.8414978666224427,0.46601830624269275
-0.28706349940221043,1.1746805021209552,-1.2580543308817405,-0.7702495817847603,-1.4307582085143011
-0.42706773441156126,-0.9929748252268196,0.2555508413804371,0.5616842724942683,-1.127975281751573
0.7969470478236443,-0.29218125275460516,1.3502204055440346,0.20098174434014693,-0.05160934726081776
-0.47002910162431316,-0.27684164967878955,0.7086205890434183,1.1150362928617155,-0.8209640929075492
0.6871187054508592,0.599256971479164,0.059774105469394295,0.8680114786769584,-0.9747637525361028
-0.3720557951388954,0.43136327438927674,-1.598955819595108,-0.6478492953877238,-0.6565641044424403
-0.20166705551958788,0.5498663266776552,0.8619533645034657,0.4771585822731446,-0.3503163483726355
-0.022783310180426865,1.3867750112210748,-0.518714896230588,-1.7098957529202663,0.9554655034436331
-0.3816357373975423,0.6804803002169777,0.019609348865286744,-1.5388573003436237,0.7710368496318944
-0.961506499262466,-0.3876363256552968,1.4105659335147072,0.8043870959459707,1.5830057485330857
0.16680241910826166,0.37938356559924896,-1.3148115303090093,-0.039242188027120206,0.9955627054680849
-0.3502994107329589,0.059247302610151584,0.3358570811968616,1.1797253897772455,0.8907137896218514
0.35595873492655733,0.25839880495513445,0.3806506454745913,-0.6737519086301897,1.2170499210534387
-0.9601094436814337,1.0358709359836866,1.086273612229522,-0.5729302755374569,-1.6484137284129237
0.47142308751031825,0.2879832134819399,0.40938894418859056,0.6202883067935728,-0.8914781301382174
0.868925480295241,-2.6833907470928833,-0.26308353210602975,1.004064406675741,0.5382535057160795
1.1528946219151541,0.29424617049782975,-1.1932442615143302,-1.8911983859106185,0.11607569640257782
0.221868841841567,-1.2936858688851975,-0.3329026589775822,0.31467910782573827,1.3901576331729955
0.07041790613065585,0.02809126184003601,0.6008930991645258,0.5381203064223601,0.19775024856447884
-0.06286298410425056,0.5680517888829212,-1.086362166434847,1.1672225634969304,-0.8109319516678744
-0.39802956591758576,0.07847817509554478,0.13411158413544422,1.2931282085338656,-0.3108150866638943
-1.1482483372254675,-1.5690492917279526,0.08310323091658532,0.25555291985501527,-0.7267627068350727
-0.6398823179670298,0.49090105453196564,2.227337195960448,0.5284402926728248,0.019678635854424666
0.5667477922744003,-1.472641063995253,-0.08883314541692025,1.3733777633715873,-0.18573380667630252
-1.442653409304763,-1.3296061241616295,0.44319096371959255,1.6717234917705792,0.7705853357367988
-0.2889402715059978,1.1973614365133418,-0.5053095763006019,-0.9057724199482245,-0.7405402329349917
1.4531268794389627,1.130027169180892,1.2051345999534229,-1.824841523227171,-0.13507317274189923
0.783387506185394,0.850466286022961,1.3689684825821462,1.157609113752258,-1.3445532921346897
-1.593003771262291,-0.08664806326323372,1.4036374118200052,0.281522912027699,-1.0581902246510213
-1.1791408002278208,-0.8657929296996246,0.22867567654210813,0.8974660203143952,1.3601703444521618
-0.05991892948148836,1.2807119436531038,0.18990893710045512,-1.1351043756004244,0.9779844078945925
1.0417266492724617,-0.11710606640272743,0.13741841463237522,-0.7533363211471358,-0.4487925326716685
-1.0786636524586755,-0.6427656040769077,-0.18376096469720749,-0.3650205840962626,-1.4041603952302069
1.8276109399125349,-0.08991274818819654,-0.7944932676859231,-0.051046086706731,0.425000733686289
-1.6804951332899851,0.8807823940682503,0.657882682226999,-2.887097908570815,0.3240609265261119
1.3826989411064423,0.6906517278545554,-0.5516395830868842,-1.3278119008865077,0.8808720264398922
-1.8860794547051332,0.397567415820506,-0.14919409675272374,1.6026644176708076,-0.1865575681246307
