0.5698986717991655,-0.7947545645615212,1.8062059865739801,0.32081909796816843
0.11680748752546062,-0.2545982151289579,0.015820506188194704,-0.7162305062460729
-0.009811510461267025,-0.8705704145378546,-0.46084088491040015,1.3019014259804818
1.5024760478857426,-0.45943395924389874,-1.7571816170625543,-1.2899931794352173
-0.36681403427524245,0.9680571639962756,1.2492210817352278,-2.160890791820216
0.7387875960510917,-1.3382036703641453,0.1975926860148738,-0.6671936583383906
-0.11658221798214552,1.1772249123745966,-0.703185405115363,1.3892038879791582
-0.6528070472717248,-0.14870964827610902,1.1035981077535493,0.3947291394800858
0.4859303008796482,-0.0898897488056825,0.7045614330797607,-1.5142310039376885
-0.5669191090225337,-0.14352227531973794,0.9535565302694522,0.36374636279863715
1.034362034389138,-1.5416255806983294,-1.6886821293733183,-0.9838893538263379
0.020003763811373795,0.1336086775681103,-0.5043182280036093,0.008349535689040205
0.8619243923602173,-0.8321332240551702,0.03409360434575154,-0.30248062140841436
-0.7362216658544873,-1.777022162496219,-1.0218088498075255,-0.7741284757142468
1.0075765073289857,-0.2818111998830051,0.4656044462245751,2.028785103654882
0.13263852638467094,-1.1261979881931217,-1.9993473972201623,0.19292264323747535
-0.8150367103977948,1.597287719741783,-0.4044824897901434,0.003476892549819631
0.9740805743002287,-0.02197693409733102,1.0294941960288948,-0.5720689418561841
-0.4703059980634666,0.9256281024189088,0.10590687736960973,0.4019836481550687
0.06472753865827528,-0.23017565514883204,1.2710426487084945,-0.9793998427720163
-1.555634902646248,1.5345360012996383,0.4662069818635266,-0.6188384648329386
0.19381275954929586,-1.582271801456953,0.7660820066192857,-2.6973308276549806
1.514939051091258,1.7225014086186332,-1.7407018811415764,0.06614802589803069
-1.1652982403955723,-1.6115008213317072,-0.8058989149997628,1.0199473493640245
-0.38183597116085455,1.4132004411662549,0.6013698587335141,-1.6636651572793228
-0.54315378099936,-3.1309971917588353,-0.43658056190207034,0.09829440858861199
0.37135196397210296,0.28247950945361766,0.7638709797267166,0.711334587911298
1.9800126360289965,0.9038997006067065,0.01024044510846316,1.1237521513981497
0.11510065734807381,-0.6529249381546589,0.5364369509813283,-1.5689340546530888
0.03437183452421756,-0.5886981085101126,-0.3848781010978463,-1.1605482252647426
0.32170659109700483,-0.23547685023826864,1.0343361391717198,1.0544254621869869
0.9218299889291194,-0.553836022180156,1.4752295415260381,-0.2393917778786432
-1.7399530553097866,0.8730392289879807,0.06662239821268312,-1.0163437350783344
1.1664816423257953,0.3255000853909705,0.2722186813823396,-0.12108758225087253
1.341548363333887,-1.504641920750874,-0.573151021292971,-0.6230559474665887
-0.45251031808176445,0.46820253402744205,-0.41505734749963785,0.6703288990379289
-0.4468539983117269,-0.632596891927724,-0.8969964906423602,0.10186959949687953
-1.9036990150206947,-0.2390826106326005,0.7836374140233973,-0.577490359957373
1.6376508263225789,1.8404732329960534,0.27891893712915217,0.5416972519599401
0.9378866513985503,-0.8938775908741801,-2.154199126697213,-0.3779122260121434
0.2447325939331952,0.8099305438033205,0.2529767224476732,0.2736460227198398
0.9280144286752191,-0.6792412355691649,-0.777820311422376,-0.20161352455620535
0.8612897670028413,1.4885911755440095,1.444374074386535,0.4123176886425326
-1.5417994813447122,0.36517143487205617,-0.7105603680989626,0.25611936932115215
-0.7841839896941718,-0.3920467704772943,-1.7280642578910197,1.2639940146744042
-1.0110375289836737,-1.9610790935017883,-0.40092607960110316,0.24492785034793824
1.0104860627822798,1.3647554259183567,0.021552634200079537,0.6554673913189106
-1.4751044790712176,1.7794252077156132,2.722088537348542,-0.5671573983324963
-1.0475915032385583,-0.4720235969024749,-0.1457403729749277,-0.4045080102334574
-0.4531827053300558,-0.017602289419591126,1.1503681550610376,0.045414081529569265
0.03999212532337273,0.316537200394933,0.25041578429507144,1.1254856166246872
-1.2335287769640626,0.4665098152493586,-0.8081819503561938,-1.285117898325862
0.2666717340587095,-0.6958287018782178,-0.36283062591941695,-1.3378266639984966
0.7172622672182642,-0.010263377868794409,0.04293397417038568,-0.2228516803013571
0.050359682518769704,-0.7216446715518604,1.5217021733159857,1.2947208521093778
0.9568205871043223,-0.5218180298444997,-1.0748852923937837,0.6287878497934565
-1.0717594069039544,0.7279867790339187,-2.016360901873181,0.24382109413912784
-0.8819781345075655,-0.6176960880101697,-1.3023006528428966,-2.235237724408708
-0.6002627515804807,-0.8905983059839231,-0.029783663656255017,0.18932486819523506
-0.7566848104921367,-0.7946328214522634,0.040636590208564166,0.4409152453639294
0.48786026080471084,-1.1114348612072218,-1.2042260655242432,0.4271950810837299
-0.3625280421970842,-0.7534070984243479,-1.1540190461741968,0.2247762179491724
-0.11426750273032084,1.2489057200826215,-0.05111574739425293,2.8173904196712027
-1.6028203118843505,0.32584115599033137,-0.6642602431904634,-0.014798230919811306
-1.72795056574632,1.995567063277354,-1.5266451547792024,-0.8847602546369903
2.399941412155675,0.0535727077981895,0.3437760966032158,-0.7802745728452489
2.115990011149734,0.5930418634394257,-0.925838477091016,0.9680296958869499
1.1220741886476449,1.1639841437676974,-1.4251889413650756,1.6309742188282732
0.31603530852604855,-0.5518596813788693,1.683830683589241,1.1049887914095058
-0.41643534125126414,1.4010959619662386,1.1426679841154437,-1.058348621619952
0.02168958621495142,0.23804740944734065,1.3361987300377576,0.22349952010580193
-0.7649165419670885,-0.08535731733050902,-1.0980377860171915,0.8652175846641681
-1.447290337793438,-1.823909250938283,0.6991449719006332,-0.4353338097459831
-0.20340308931381398,0.07811092063103203,-1.601968046676801,0.35761860057089323
0.8120387410526342,-0.19764062241553781,-0.4164796105623812,-1.336508393489373
-0.5755487765486372,0.8377198274537897,-0.43555790803532934,1.8054852000702342
0.806446849781348,-0.6825482087396788,-0.4425301244459545,1.5855473662613482
1.0060596319692516,0.045345231583069766,-0.925790549531894,-0.31353485651657165
1.078160427749457,0.4886218346529326,0.40203042231299735,0.4811494305921188
0.5901197103571528,0.02554232550225089,-0.3038213930262247,0.051887690634549524
0.6910309978268159,1.082457179250828,0.714680859319747,0.018267332111777855
-1.0655256600283458,0.027951497463967762,0.19974867615416445,-0.7005365031257994
1.0962614986047459,1.2207659518177474,0.649830081704586,-1.1109799082015102
-0.968730832777552,1.0981142341145984,-0.9600614380411616,-0.3737781117134216
0.2642027846718244,-1.338831114111016,-0.9295778773435052,1.1010124783550286
0.31120422975018963,-0.350804045012361,1.4644630914512873,0.5473137803312198
0.3274608520149291,0.157431895573516,-0.2267504681318768,1.025199322348763
-1.238846506667624,-1.0858309079519168,0.6516442664597628,-0.9013273326889895
-0.5590702546604174,-1.3876858711529176,0.6751839890625411,0.7259136707417357
-1.2592882274663004,0.16112272485831614,0.32076341883772874,-1.6921111814218204
-2.119939521324325,0.8502273998329251,-0.3809233721768098,-1.029053508788442
0.16100173130156664,0.4841854599933394,-1.2940236128113733,-0.06524922738622858
-0.007307542261757113,0.5037300412500715,0.18936377903866372,0.7192067227762649
-0.9908115923135371,0.32608942938127605,-0.5777786902285366,0.5399026094779255
1.4141696234594143,-1.2201240664834827,-0.482080962467444,2.0433256323449447
-0.53346128042899,0.5570111225767973,-1.1293115005461707,0.07714078911219953
0.4694575500751825,-0.9511238031591005,-1.7965222163042642,2.07876378556491
0.058696537837021244,0.6471921353756732,0.7246116112309577,-1.5263455924885143
1.0455422560084437,-0.13198818550170563,1.1778171635357888,0.3260803932766937
0.038025323451148875,0.4399382885087229,0.6147342187049425,0.8023745311992035
