-0.6173049868497277,1.3972986691993599,0.08638898872896547,-1.1050215870724494,0.7253755328228603,-0.7049513962707733,1.5772170186611378
-0.8519242655846824,-0.6892409053641303,0.687511655816963,1.33410331451846,0.568741883052281,0.10237620088085715,1.5584742285882625
0.4830186549136111,0.8174028620061539,-1.4934128776047284,0.4624978023891829,0.03754507561407924,-0.3923539891960929,-0.3722072396802687
1.136157380393776,2.6304794968996186,0.13638569781062362,-0.8691441709818648,-1.1838826232949464,-0.8786879393830601,0.04576025100779088
-0.6952473135641,-0.7346769390174032,-1.0461272895425644,-0.8330863132114835,1.1225848932192233,0.8307734315082093,0.4537594216895256
-0.13529111225327378,-0.3695356927830411,0.7871213090568403,1.3214378167062335,-0.44971037233672906,1.0078491761315163,1.5741480676191413
0.449489943194437,0.46626047872532134,-0.45874383990492856,0.49817969740820855,0.19169082925046885,0.6235092836692027,0.3217150269293654
-0.21245802630765212,0.8650722972669632,-0.06946529062789111,-0.34072349014421693,0.16513365539211572,-0.9693715074206238,-0.4217759037621458
0.5036766462568835,-1.402056894168156,0.48629332594713326,0.9292535210503837,0.9718956866588967,-1.4219098147004865,0.058379490607984606
1.9766607093313513,0.9991054961599571,-0.3839575062474914,0.356228474363074,-2.0603189442722463,-0.7684667654856417,-2.3959450404636
-1.1185589962451763,-1.1637384987743058,0.30798919591785173,0.7601417281570222,0.33718534217609825,-0.2432721537338058,0.38122411552043567
-1.4514123865283821,-0.7428939516509591,-0.21062620906955706,-0.958335784540733,2.1850149900691624,-1.0702779468913493,-0.5332628673724858
0.4617883070761006,-1.1983140274404864,0.14941201438147605,-1.4472216732239396,0.3660761760978336,0.4706891036681608,-1.2636642564411436
-0.7313296835879635,1.465143509008081,-1.4207704561709684,-1.1398804044145925,-0.060848817480890445,0.019628613480167735,0.3909428502153272
-0.2148996238246654,-0.1846752504538293,1.730384110880384,0.6190921322537288,-1.9703120358059674,-0.071575913028876,0.07325101532869382
-0.5960609995364533,0.0935938785856206,0.09297301094071982,0.48822350016751176,-0.6168748322913373,0.9902637590146327,0.42351193676575377
-0.38403927535014615,1.4809584437075467,-1.856516574726365,0.8920378976219078,-1.5487252882627742,0.5060770189783415,-0.1899795514870015
1.815584844334985,0.11499028159625446,0.3370291693933521,-0.8506674075666996,-0.14559966599018873,-0.6570053344774375,0.636889467986442
-0.125155302642766,-1.1343687002990523,0.14851992676331902,-1.0469446014742871,0.7758592436949975,1.2391427801880643,-0.44635295020974103
0.9575878179549583,-1.0115864329301838,-0.7976472999378451,-0.12229456107372719,0.2367871467993717,1.6747327153495841,0.5006994596862376
-0.07826250570391115,1.1482784406414386,1.891246530412741,-0.2364200534136448,0.006110328845418414,1.398855428873104,-1.256427277756971
-0.2133594845033005,0.3014970523345536,-0.6874389428003315,-0.9784943760732013,-1.31591917104594,-1.3197025652285066,-0.07658553860526617
-0.2600501029280724,0.8527477048864431,1.166796784579726,0.6497932173249538,-2.1241970976564186,0.5972667852428621,-0.17105473711527788
-0.3873935779549813,-1.6165684160681746,-0.3499101328092611,2.0122248561349463,0.5389195888666479,-0.2899950764172348,1.0730230980231703
0.6822873018602181,-0.5972944425532996,-0.8204065488415524,-0.22263279280891424,0.6555337128114925,1.45964073784305,1.1958556021797662
-0.005024090983786572,0.5124496316510375,0.34640636452637985,-0.49815759742464844,-1.2145729071405365,1.3855214090014099,0.5559447952378
1.6022755637340618,-0.749639165303124,0.02510477673011714,-0.03124784012242128,-0.6467814489476749,0.8916349867804854,-2.0749163398316672
0.9135859024017315,0.23561865730827805,1.9343439954546169,-0.009120005092247327,1.8697679671570404,-1.3306983609505414,1.8441920488673498
0.3003432111275645,1.0576911682814838,0.8911565835830013,-0.16152639786327808,0.046853550203989125,-0.8701053115747368,-0.625093603036734
-0.8495197447358956,0.2715336974697516,1.287747034710741,0.9519420104329451,0.5747407169136727,-0.21925951804109997,-0.7546818853877199
-1.5732451652370252,-0.49006182804207216,0.17128451875299663,-0.28667616622651243,0.45030035036110155,-1.9010620143827743,1.0524697509715095
1.2238685598997978,0.05243996626183901,-0.7980763854951219,1.1551547914013036,0.68695581636626,-0.9061189028923229,0.9218768615948117
-1.123516159551653,-0.4016343912024971,-0.2625332613454984,1.6479937056912397,0.2664268419975846,1.2209678536592845,0.2353711053787904
0.14686424453325592,1.570561964207314,0.03383204406728076,0.8304869753526831,-0.3706553086959702,1.2560994816287179,0.6486415522709061
-1.7323373355675202,-1.1397734539854623,2.8760355693728363,-1.409677524006772,-0.23992903669363067,-1.6793093500104916,-1.326108726615142
0.056302616859588414,0.6655935423053698,-1.2768131634876485,1.4777615605406456,-0.0066828261500069,0.44952276834571736,-1.259605567534315
-0.8371948591566284,0.9008316936666789,-0.7477072894804823,-1.4111655871466995,-0.49070590314621343,0.12997301977734957,0.9159849764134065
-0.40178024967701526,-0.7247469117015177,0.8713266458744683,1.6975350090926398,0.13495865598157478,0.04277206738231213,-1.2344586143866176
0.7797614922624991,0.8836988435131894,0.6485534403098375,-1.7610565434538006,-0.8597305963670646,0.6366470614984913,0.5378660007447484
-2.680682112434126,0.9141855225083974,-0.1308554391454026,-0.8890826330743231,0.2342772882423781,1.3662709787859515,-0.17046440895172835
1.40012291398237,1.4346529133370043,0.7588090120945603,1.5920309375440749,-0.3960459544975414,-0.350826662159729,0.8457691945367867
-1.8935041050511994,-1.4828577372883045,-2.170696869531996,1.6363936048139454,0.4124549578710196,-0.9259366546087007,-0.6893618844133234
-0.4901677045173752,-0.5128481300364139,-0.73507746948327,0.4131248840244498,0.6302069724510158,-1.0794850808719199,-0.37619762627305303
-0.24635379039795705,-0.9082492339900302,-0.8124148514503646,0.03627598153050536,-0.22019711949884735,-0.8081028818635414,0.06298308494356582
1.152246121466514,-0.5878587683340388,0.6050358023063986,-1.3101742370554625,-0.8864017277697541,0.12934480068640453,0.5386378876224515
-0.8856641283712823,-1.107983260655657,0.8502088850032776,0.7583364821566448,2.382414544846215,0.8822811149134153,0.7361891447682437
-0.3452323127447993,1.166414769339016,0.3645099788243408,-0.4697279990316402,1.877871509857171,1.37043743151996,-1.2657900629334318
0.9917544597448578,0.80027193859412,0.3451449211495003,1.372959355980156,-0.438119968106534,-1.3446619981543657,1.2779232249818224
0.1898911211458552,1.820604590023371,0.33414535980926,1.543110318161532,0.4195290761992416,-1.0975710269259176,1.832276723916633
-0.639748599998377,0.4025947109192593,-0.25864832480320765,0.13308518852566256,0.39859111963321764,-0.11735138684708694,0.9343885725542024
-0.2045468911166542,-0.43516772858568287,-0.16516509915335054,-1.3263122266934064,0.4106628359772069,-0.5650807114014451,1.7415784136451586
-0.03125750947715623,-0.5633733535940476,-1.4178008804009463,-1.0350581850993927,-0.6147732729653401,-0.20685472193035773,0.4954278474105585
-1.1756532342027726,0.33652166731220035,-0.9678091613730251,-1.5503040650549151,0.24690090354862881,0.013085438453712187,-0.0055460735358921955
0.7583261475747923,-1.5710525051702982,0.06837998559387039,-0.2298338339594199,0.555093588285513,-0.4606994514062478,-0.9175201345256017
-0.0384800620773889,1.0585746699187868,1.259887034265017,-0.5807067737508494,-0.1771050218774711,-0.5509293197186402,-0.5857288384124794
-1.1733920410811887,-0.4726815514905283,-1.656122848270223,-1.557497973613375,-0.55789484403379,-0.17936721648745338,-0.8532508823818701
-1.605292879802896,1.0271590131489512,-0.472293558438748,-0.04916112705703714,-1.3583902522704632,1.4722145323366738,0.47300675400913667
0.7515841464972332,-0.8607782382732297,0.13479289559014354,1.554158142742005,0.5063814638051832,-0.9311222940682744,1.1336997305338796
-0.5327325524163448,0.22753061995475476,0.42712555540076574,-0.5026020264224491,-0.6085241024214898,0.4055557450728456,-0.24974050800167605
0.2229485574799008,-1.1230838695418042,-1.797241220917368,-0.7705108519562341,-0.3684543670612718,0.4149436314936618,0.9617238325061415
-0.6650739926239434,-0.8506559658397277,-1.1475839356429627,-0.5705226816846556,-0.628283250730367,-0.6226631319554511,-0.4857259771994714
1.3062871622545909,1.815803908075975,-0.7556082854635935,1.4519441561652457,1.036005389667524,1.1338806122567642,0.7281749941649439
-0.00873326959348234,1.5013241779430404,0.6409554258612143,-1.445438262634865,0.00039434628473369567,-1.0058168344482628,-0.08704525752057701
-1.4803220341152008,-1.6535034642851976,1.2505367804107543,-0.34389578143968424,0.17597458620005715,-0.6697923237508034,1.0958044636522863
0.3263364815953979,0.009572286264348775,-0.8016358060368289,-0.8828784483957612,-0.4925846373292101,-0.045055013958238306,-0.7565942275012598
-1.0501702791253518,-0.3129012039841171,2.150151972611792,0.9053941664030464,1.2539537548571398,0.1397955913894414,0.7747573053531546
-0.13619394561069942,-0.673268941181353,0.0013353745646964542,-1.5701389721502634,0.922708982100803,-0.3642320745102473,-0.26352051631034734
0.10446189571691303,-0.999345291337474,-0.9213602112851305,0.7666077864083091,0.6672335908888065,-0.045715167345257414,0.5953452459427393
0.3060357566189487,0.5599060299677745,0.0475644975898938,-0.6067788529524217,-0.5590138419829516,1.7042309629189023,-1.5991055529898672
0.21168898932021163,0.6200732869690102,0.30170922791238375,-1.7260224884165765,-0.19248922126383267,2.338121418058922,-1.486702137674052
1.0197699546428478,0.04865515470564697,-0.2847471604024084,-0.4523884413641643,0.28439578284448475,1.292502548468285,-1.0210898471020764
-0.7744485721271998,-0.7935948430543229,-0.6455598739495697,0.7920852213933853,-0.19002613467527435,0.12471752163769052,0.08412499001769198
-0.4471659268728359,1.454217342651211,-0.7396157085649914,1.1554385868427508,0.3640742935007146,2.704914317687371,1.809302865094509
-1.3587036788911666,0.45600377347316096,0.774447969458611,0.8206568451014964,-1.7803068578545358,-2.1244569426733584,-0.964096069835257
0.31068636183911585,1.0076921131346281,0.20835016786467483,0.19799706771847897,-0.5009926421635589,0.7197343114304402,2.275761281041114
-0.564755544432921,-1.0328305989701423,0.5044228851651086,1.141387228556458,0.3911750077407477,1.0330128596473431,0.36455965821855574
-0.731291337869626,-0.30191488444759473,0.6285351982135845,2.4446890061542796,-2.093916276059413,0.2900540338316907,-0.5318047257389563
0.5572840197837448,0.3712926899542055,-0.49076300357943,0.3401037817068629,0.21307403541993786,0.7000992846502168,-0.3042661526250454
1.8523634435809462,-0.5433281739299675,1.6780108939494236,-1.7099250251135378,1.5915176305958199,-1.733478282843749,-0.5163111566073223
-1.0343614936178454,1.0186440027962735,-1.019677913600728,0.6680437830734098,0.25707261327422476,0.1307499375497692,1.1392747242569974
0.9011442730590056,1.0856680515355532,1.647073730111265,-1.3888065720722658,-0.7506024732035689,0.2888150428824269,-1.8891153655234283
-0.9886692697511954,-0.2744116510009295,1.64447164859528,-0.894816483326107,-1.222284233923074,-0.6407337836107634,0.037818491336829844
0.43373072882511793,0.792410930774414,0.9131944103533237,-1.677252353206696,-0.7221784326436922,0.16775036519541497,-0.9798342808866473
0.07281943185262486,0.736490058569709,1.0346537840010783,0.15823429443181253,0.29963383587019954,0.04278889504534919,0.8452529628668902
0.8428731618149352,-0.7492428728750233,-0.5408872181288965,-0.11172495262449633,-0.8751704152496178,0.5871543099721596,1.23657359458164
0.20363545436458705,0.8371789610128553,1.499574850625676,-1.7092592035903853,-0.9761973520011652,-1.3861445462777027,0.13761772354043816
0.37187274050424124,1.198030057018845,0.6930382967511098,1.409812965005637,0.45927965796424314,1.9884883679053038,1.1763061586871717
-1.2370714115980648,-0.2900055517633322,-0.0701106250748252,-0.2144227892435174,2.403853393892162,0.5936450112752412,-0.41777676914966094
0.26694081989932084,-0.8341166873042569,0.11441204133866217,-0.3716609396265741,0.17894781389623526,1.0288878025002124,-1.1338004986333956
-0.6935791445992843,0.6427761736052042,0.8473322105848626,0.3387578526423067,-0.487888337298402,0.3520566666432121,0.15017491702756106
0.032900205746768406,-0.5730891521054579,0.45742204212793586,-1.2714320707239894,-1.6735855853121537,-0.26024091804793115,1.791938238370479
-0.7826234621390841,-0.32123516213797054,0.5955588996218468,-1.0821031046229246,-0.5525059778288316,-0.12129637151263468,1.067152496241524
0.2418491778294627,0.3944901266946848,-0.8000801032151985,-0.6409516974422624,-1.2155383165323035,1.7034889914373437,-1.636320815925044
1.548155521697112,1.7567617398036575,0.37026903285444784,-0.007478130258249805,-1.4874908497321628,-0.5583375360589065,-0.11604613535235289
2.0215474724024403,-0.6854870751983904,-1.6710835027048496,0.4991985065915753,-0.2869743597443372,0.23806811799569144,-1.3606894325283734
0.6243774106008947,-1.4592019271592567,-0.8014419275989849,-0.29196684534391915,0.6960277670932068,-0.6335157775154487,0.8569289025237019
-1.825399752161237,0.6175475593487718,-0.6060592641179513,-0.561549204593183,0.45654431230650655,0.47355253725129504,0.42633904314978494
1.5853348592379206,-0.30798750150486304,0.9944468935772716,-2.4786001899119423,0.7867239968723998,-0.3698148305301342,0.2946419783863084
1.3187504043065985,-0.9867812056464094,-0.8283211696932373,-1.011449380439115,-1.0923557277407734,-0.15046211270487012,0.45617322278186123
-0.3878157047630389,-0.6599533364497079,-1.2929137592876307,1.135786751665879,-0.36612809036081945,-0.14196836299580878,-0.1684354011897089
-2.12230347815508,-1.2308932498819287,-0.0766079127204047,0.5606557528147739,-0.5473086755928552,1.3625667113576834,-1.2478230433451605
0.38572896970689097,-0.1919045669404377,-0.2864895889121754,0.06930268062996427,1.3687244644260865,2.0393061803950894,-1.5530967310372419
1.0825900032766553,-0.39612204525851996,-0.912589883105858,1.1393069669068234,0.9077356718882571,-0.705354876779289,1.8778027195848113
0.6531231815529358,0.15708056146858165,0.19808837756224507,-0.30491109269289524,-1.4697835937039192,1.197600171320982,-0.7253762852950199
0.5543552780344495,0.43429726188579676,-0.21861603938875435,0.39448010197668215,-0.1314737107624765,-0.7582369333080796,0.37756667548650313
1.7615930580240704,-0.035829578090408355,1.6393007668353068,0.19966263142168247,-0.20781590563838526,-1.5177221434479264,-0.6254095303028072
1.1626302247512963,-0.1564369005000658,-1.1208972138801288,-0.3745576280777949,0.1652168442104226,0.2938000428123281,1.148125153020856
-0.19743967031122342,0.5831740151856466,-0.20167595687511114,1.020674274327924,-0.3475575289899716,1.2762398440771199,0.7873745434252677
1.3784787127653482,0.4058014847157651,1.526530737085778,0.18832514046152327,0.6142400255138251,-1.7107618401166413,0.13777528036547332
2.2297031694560756,-0.16381910991853169,-1.445819286226247,-1.0788353433085127,0.28882303785351765,-0.5890859267323512,0.5655014024592523
0.28249011494215,-0.5783051312016133,-1.178380872470524,1.3178846193405505,0.016900193907692686,0.2272793032326179,-0.7442395394101107
0.5883850224286458,0.008597533319534466,1.463453704121687,-0.5485160843898619,-1.945448702142622,-0.3200574836675034,-0.2034868468109401
0.44783857080248507,0.4059414463306369,0.4470235855199956,-2.5103610914017898,2.8691986221112487,-0.6241372045900179,-0.5441806246777682
0.5911097766871333,-1.3428396776829503,-0.9584213758095651,-0.23968976126661848,0.5222718577615464,-0.03489922952610614,1.7425893926760792
-2.038875365218916,0.20860701188770578,-1.3726268036493636,-0.4468138386146349,0.9231841063959507,-0.2524260285667069,0.34661751316983586
-0.27255071739976844,-0.8376757151515942,-1.3123893349421942,0.16471282641422566,-2.1089922311724685,0.23536360163356082,-0.5378876934252866
-0.13434743106190367,1.5373091453951158,0.8658048816437057,0.9130941243701282,-1.644642711279406,-0.4272273228437899,1.415212643753626
1.2281326472461278,-0.2300327797967535,0.44148998221333313,0.2979092388343031,-1.4489670179708225,-1.3802718872114434,-0.5919211436229798
0.9355827827693581,0.15904382317858604,-0.2518574006023702,-0.5432106038056322,0.3109350834042146,0.4843467105823862,0.35500518084602145
0.4845879663367459,1.1223531354120757,-0.7888936020904208,0.015312657193950757,-0.8062134937686997,-0.011724185762488225,2.469690761188987
-1.07242966758128,0.12761365820529016,0.7359873066033271,-0.08646332272259995,-1.8726460668748734,-0.34662699094851557,0.3175633318184677
-1.3769008024576923,-0.704364500926433,0.4402207501671684,0.5148014752089782,-0.25250628540649306,-1.5022959165238299,-2.0388688061713465
0.649621816494674,-1.3580700809621384,0.1820308603872858,-1.5190014208803968,1.0521626063390337,0.08665115578120662,-1.6327560158554297
0.07177437387058516,0.7168632618441941,0.1486727066086377,0.8211538403123533,-0.4794424799856344,-0.6507623639780538,-1.3481317678231526
0.508026611123054,0.14709313715214556,0.2536917643685031,-0.010346659964945375,-0.33991046536000247,-0.8076868913171382,-0.42219853752504
-1.0865331060765504,-0.143866303834156,0.13176608610887236,0.8011005862628159,-0.5629963953901185,0.629502389782776,-0.6946429636912725
0.3036701956542137,-0.8728236558236593,-0.5416044720307592,-0.015550009147149208,1.544828288580202,0.6839492182678687,1.4784421978838493
-0.602940370454564,0.6776246802788681,0.16321544296263904,0.5969111641022927,2.144433697452555,-0.8087275541451183,-0.1987921706543709
0.7869253119062166,0.9475584842579482,-0.6715735783098793,0.4896818186340503,-0.20350135283260143,0.6383978492149809,-0.7646320206061026
0.07717291795338446,1.1341768552434346,-0.4469781817206443,1.9178793865349006,1.3570573184463144,0.4541720933035344,0.6151999859521305
0.7685348848701478,-2.3715354642351327,0.7551533692701194,-2.5137175511004486,-1.4522661990992394,0.9310971643198971,1.1907123451034658
-0.41019047433624506,-0.20999320938577662,-0.19245276282326368,1.751208935135837,1.357667481240396,0.3857094102279399,0.8383396037069004
-0.929229922309182,-0.6202764448018674,0.03781273717874266,1.1704895636158363,0.1240769352917757,-0.6945229440405768,-2.742558334364043
2.1099495125425194,-0.9265119259751498,-0.06808553179361226,-1.2256616339639521,-0.4971082943491317,-1.5322219618842836,0.9334432454180149
0.4378467088308064,0.865949245726108,0.3494229597938069,0.6072675923110242,0.37382485395673426,1.2761858575144345,-0.5804415959811311
0.25011604639533735,-0.8876459478110871,-2.243675483091312,0.11683861832279557,0.20874768713777422,-0.7247571330723018,-0.3825932839234471
0.1509186823729576,0.5406220445521385,-1.0602809975136411,-1.5214392380174642,0.7721761663966574,-0.01434760499023844,0.4127250793355843
-0.33147949633687046,0.10030747857054612,-0.30271994836297644,0.8952098290583773,-1.0590979384140409,-0.47328807649546323,0.8349270874788348
-0.20123810233475858,1.160030119877093,0.515336316867702,1.2144421829716006,-0.21557603024251323,-1.072543781929186,-1.5475989579519451
1.0423543675148643,-0.22786299909191543,-0.6644475054794029,1.1294972940686878,0.920132540185535,1.0060424679384996,1.3075629126863553
0.24207547650331998,1.7452055561996231,-1.2421333133805141,0.9286184475670448,-0.035176157174743795,-1.2708736758536063,0.00012811985450575085
0.765407426067098,0.8753091269502618,-1.0336045724244722,-0.5417111415098413,1.7118781506701446,1.0743284803454145,-0.5820489802319186
1.5629644272409435,-1.1014723300257367,-0.035952639037509795,0.5686356965476196,-0.40356124560688084,-0.8421623534970184,-0.07158225147000662
-0.14716574325944168,0.7542811273428436,-0.3485277950607075,2.3772901544727225,0.7104874164403631,0.8460656651187108,-0.6848084132295864
-0.18452650718372784,1.1646003113606034,0.18580659349704617,-1.8868343587006444,0.03545611835497904,0.8287903571783103,-1.3301748743514286
-1.0031123999407126,-2.4264624050266987,1.1421415127410324,-0.46611465429420856,-0.3743006369310595,-0.10058837786166605,0.5682987839769404
-0.34177313031384965,1.5295481459114477,-1.0136342841776822,0.5898277382076808,0.2588011615678502,-0.2872090400544372,-0.5097178629586506
1.4486332648522269,-0.18761199373941947,0.14150462743101277,1.4770157779113782,-1.3658172232946078,-0.27941339161484935,-0.5247730024112932
-1.3950103297420573,1.0452160746775996,-0.312415262335429,1.1015437325582917,0.5660789560790691,-0.09513803308838605,0.45657910475483826
-2.2144390635764477,-0.18339904521099024,-0.8089593529612322,-0.021160329215621058,0.17624223114990895,-1.6641789689400153,0.5047285934009585
0.7151590452517066,0.4844861737932095,0.4401240620858072,0.6285579968835625,0.791955499283629,0.0834028657504162,-0.20762203406128021
-0.8625279322914635,-0.6920639348312778,0.24715148630706094,0.4584855131849389,0.8170056663619818,-0.7416534586453332,1.5948560634248852
0.7729718753523379,-1.122552943941989,-0.4125363731185621,0.5084423103537888,-0.36732027025386565,0.10586787768044591,-1.2017468695713633
0.27185733322724903,0.19401523035415857,-2.149334879947941,1.0109615086124295,1.0236537981863123,-1.2300834019053968,1.756289639394334
1.3390719603658265,-1.1198529141838747,-1.3697690544716048,-1.0770816037584237,-0.3127167067319583,-1.0673533816888943,-1.3084489279283424
-1.4260998444360513,-0.13738952411225577,1.1328427877240006,-0.6908034559171459,-0.5908172722371353,0.12885266382815122,-1.0284996305295864
0.06765907197476533,-1.0402029582738768,0.6773837098226205,0.5948102789576173,0.07737710205320478,0.3999933336934388,-2.4100746827596593
-0.902507492537831,0.19301762736983757,0.5513394402759288,2.238973603753689,0.6268146266031606,-0.41247167729245837,0.2165607262622743
0.35377542303515114,-0.8316899432687677,-0.24704844960271305,1.0171460531417047,-0.8077035433461459,-0.764721443805552,-1.532819444435596
-0.944257115495292,-1.4606300972014177,1.136670288365566,-0.130715481354006,-1.1051691351593704,-0.8358626822934934,-1.1715473299551922
-0.5373993807636913,-1.1092521084647438,1.47217472442243,-1.3674391582443324,1.17286471287431,-2.014030160887685,1.493098855242189
-0.0749795893552717,0.0760839343648888,-1.5359440190156768,-0.7265820405774517,-1.0081018490821585,-0.2230201428089865,-1.278237640859939
-0.054372395757228804,-0.6706747870395825,0.27566312160344786,-1.0534035757379505,-2.071149484029012,-0.3827087040494005,0.009017726909960822
0.01728882639269774,-0.1732817829544608,-0.5513188255569501,-0.5783929106237093,-1.1003717453281354,1.0165223270540187,-0.30239867032800066
-3.397849073074844,-0.3993127936623904,-1.2882008230881568,0.05660510692560209,-0.16883120541370222,0.6484761657350535,-0.46214046751591153
1.2056025183686077,1.0502227107889182,0.4290453358745704,-0.6040737728163349,0.21684416466821782,0.2386712163671647,0.20959711301905606
0.16915242544463216,-0.661867078072475,-0.5805345819895454,0.0034195409426053635,-0.11933368518517357,-0.3893310207566839,-0.5102681994610555
-0.30908177672872106,0.27986197413684355,-0.5464390443732912,-1.9631486265711788,-0.2113811669440332,-0.13859945576625726,2.8263207736890887
0.3009992695860909,-2.195358280424165,0.25211692745859166,0.26142279309583727,0.4777702884937236,1.4723315295016774,0.3787836302677272
-1.1078045034842274,1.1735022023220816,-1.2290246662979492,-0.9618873425133533,-0.3189108964317848,0.07111043811998444,0.16804843889973273
-1.3274897989801557,-0.5400544378946763,0.9986680793572082,0.40253557453280236,0.5392386233911076,-1.904231417671119,-0.5102913105187948
-0.18897692587045722,-0.10278642425540951,-0.8572626920899811,1.4890480861207085,-0.10214494863502521,1.5210882283173794,0.06044912568664678
1.5496876937121236,-1.6963498282346496,-0.1751214711960736,-0.2534047819587149,-2.237854440852533,0.776297361187148,0.3336409909011445
-1.0740597439355775,0.026577625897648907,0.6925401437828798,1.66558378626693,0.30686480387675147,-0.0907990674063631,0.702662552831256
-0.16870040621189042,0.153495484837823,-0.5683279562832195,0.6586136361500713,-1.6445740316947233,2.4728611458622565,0.3291682123043261
-0.2415729676927091,-0.08047182793562951,0.27982364673176113,-1.237607728118737,-0.5710458964781747,-0.6728009222092709,0.8463082064594906
0.6315955495973268,-1.0001407552939572,0.7896857688434396,1.7669794656281963,-1.1440864385001803,0.48786986024792905,0.31343769060370263
0.889279149277184,0.5628232258349948,-0.8130073472145213,0.45337551449370944,-0.2521784801706767,-1.2855392412909963,0.43471464800886983
-1.2567125299114732,0.10550150840888124,-0.7902681328968936,-0.7968278883483448,0.9362973899192013,1.2727181769279186,0.9923712428912762
-1.1612361936710829,-1.2687965487913946,1.1249231874780048,0.6459373074446987,1.0925644075953407,0.15407710181287917,0.08517535379769621
-0.6835750620804829,-1.1332100854188059,0.5991025656810753,0.9665676291926744,-0.6964200081949177,0.8493316959010169,-2.1822575366991144
0.6742863721864792,2.6268760155152497,-0.9079280832911643,-1.577247482731405,-1.9386507627907048,2.0043049886066857,-0.8024457106364755
-0.50667965277374,2.063583825177808,-1.8397016186087276,0.9965385405902223,1.0944203933574457,-0.8668157736624984,0.9160135818494561
-0.639542345903048,0.5114772403979364,-1.2738254385178447,-0.45858425550528775,-0.06787617354804162,-1.4739623182493018,-0.09164678374085874
0.47226554070634574,0.6371684551966696,-1.8634143037368864,-0.422062195179275,0.11222566548144816,-0.7362402459359262,1.4902127106320597
-0.6824148485165606,0.11432008147821716,-0.8776237492132409,0.06606426711268786,1.026818896131021,0.6146154308445497,0.5222717768289685
1.5463017570846893,1.80087671532658,-2.5387215840854087,-0.8183221303130227,-0.2744678228424376,0.005245482528261607,0.6542621025932666
0.2575479629513496,0.4441540444966222,-0.8656406457521876,1.0776375145763073,0.11587744065038523,-0.47107920368947553,-1.9495550170346976
1.6041332572487788,-0.18000721552857418,-0.6491346395443526,-0.0016215318782412573,0.5705904546536248,-0.3229167345083919,1.697892178233085
-2.128617962289105,-0.5208321985113016,0.7480285256601787,0.18245197934342536,1.6100633322674935,1.6719612478773682,-0.8024882321106582
-0.37462181436267195,-1.263945605839831,-1.146611244619691,0.9171532307882837,-0.663955700530269,-2.722680698933987,1.699796483006377
-0.8533249209196798,0.7966459577132383,-1.0706175357435663,1.4880469382657124,-0.6900556442030801,2.9120247187517903,-0.07776360331972487
-1.385084870116101,0.9611964996159379,-0.521627451825909,1.1399303147991293,-0.8580637645306691,-0.03276791068040608,0.6700116020980459
-1.3370893904459624,0.11063168287504363,-0.19185629168410248,-0.8879763280800064,-0.9182098885700194,0.5216697723094701,0.9133140721526466
1.77549665414075,-0.15829757157940116,-0.5491979553129852,0.9778075306895472,-0.47084440478073863,-0.3921967329776046,-0.45559399555980545
0.5125516860015505,-1.8055329938129483,-1.0854393991942717,-0.13525580239957097,1.0869220766571053,0.2689257098743144,0.520103647784887
1.1949772555732407,1.0173884817734364,0.219453652222249,-1.0111435607961272,-0.01878750896291091,-0.7171815133044935,0.8130468005292886
-1.022319220618109,0.5647944838263357,-1.2652198010853233,0.9461037131220924,-0.3013080365219483,1.7974569319359306,-0.061002981304149544
-1.0082330044132572,0.10772544964269634,1.2173639418063096,0.5590860658983623,2.1458744635085405,0.7366652585037075,-0.1412772740250869
-0.9176480761743752,-0.40460617731092424,0.02108748581681722,-0.6704746461171114,-1.640958578218358,-0.7360205470019788,-0.2992612234687335
-0.6958567691619456,-0.3996704125786233,2.0983790383486913,1.032917700100305,-1.1667223168901706,2.1796552491642545,0.16405068838587583
-1.8613327509389588,-0.8638374148293894,-0.5532800571018921,-0.47495513402129,0.46458274208269484,-0.7158244111841692,-0.26876870269610764
-1.2742430518527983,-0.6075835171923376,-0.11485657545842816,-0.7403261968299891,2.0539015666940568,-0.9120676959074603,0.09938308333000474
-1.6124439261266506,-0.037992805765713414,-0.3501983061542628,-0.5062349391920606,-2.266773751876971,-1.140815305642764,0.7217685928345183
-0.5812018285068145,0.0913204120903622,-0.9848035969180056,-0.3271698029222589,0.7592057323547037,0.8654070439232793,0.24766769113183695
1.0312602103331763,2.1335887914643212,0.7144104102612278,-0.5256417141475238,0.05625208986024739,-2.0509049159882498,0.30087288426558656
-1.7425271268331795,0.8538394290113489,-0.4944929060769771,-0.8184136792516623,1.205856311890669,1.8296789454820046,-1.8291402636003302
-0.41978835262264785,-0.22902309494170162,0.4832774622867659,-0.7790099584407272,0.44657299869199396,-0.06493308767015797,-0.724880720238874
-1.3999901909499135,0.9264022301655456,0.26768645496620885,0.5233493157242919,-1.2283331283752095,-0.3655418068479944,-0.4586482206306471
-0.9648413366919597,0.5658391049265165,1.2226477027302147,1.2478251736055601,0.1549860970315436,-0.765730408169368,0.26236176164598507
-0.0847271576195325,1.1704813012934647,-0.6304070341898647,1.815905197657542,0.41611085699046785,0.3351438145016955,0.947818546679331
-1.7214193643494213,0.6827624899175446,0.1687430453300026,-1.326892477650379,1.3502553413446445,-0.5002449990475003,0.6300643782125457
0.5630141472166164,0.7413642041890093,-0.9086543079795896,0.7753469868332106,1.7745775656286464,1.8806161489064024,-0.6433118016668944
-1.1444704377952704,-0.3212918371329244,-1.3691742526357018,-0.35965790893560556,2.2520539665056,0.28049036813200856,0.9028738237484909
-0.5362489679043937,0.6434551685977542,0.7438207528832047,-0.36594560340863247,-0.7172017082677037,-0.9612417024402475,-0.4513739097596843
0.9499491495363536,-0.35927168849409685,-1.0940271562880923,0.6804354107738488,0.9921570590979996,-1.1362533766673637,-0.27940862204829486
-0.47640887071738103,0.5311677507252389,-0.4185735719572659,0.4937017690616163,-0.7187824233330945,0.3160990396879808,-2.235540438547132
-0.577674049401845,-0.9325611379598301,-0.42752688474240547,0.6113421873608549,-0.3977023386304194,0.3670265978051296,0.926312494320758
-0.009066899361703084,-0.6237107045348143,-0.4296833781966608,-0.0963658146046668,2.5166949226824493,0.1808252476379711,0.27149433408626533
0.4807830192851831,-1.775116912194781,0.9882380633324208,0.32851204308109677,0.5414735989257791,-1.1001697709265625,0.11763339076755742
-0.6292923631975124,0.920978394320737,-0.21803709573957714,0.7553553652499974,-1.1444649033214713,-0.08809484227051843,-0.35027087641702015
-0.5874739757410593,-0.15165670436717257,-1.0611556869898648,-0.931473043869338,0.22938018067057916,-0.3657640745219511,-1.5448025429746006
-0.7156520216502773,-0.3208158031435107,-1.0264678328213304,-1.272253870182911,-2.1331389974423876,0.30661303046084404,-0.2600203063193604
-0.02054914949067035,0.8430635710569316,-0.30321043741770926,0.49779010768921755,-0.5181968932456764,0.2521578129303636,0.08373256428151044
0.1956818708093977,-0.32652854635983614,0.2996639724465355,0.22829072305963052,0.8016879709614967,1.8649157419180105,-1.8868947458962857
-0.22439638716856272,0.7046484447111683,-0.21568408570755307,-0.7625917418774023,-0.18941824818465414,-0.5187141743306254,-0.5979061435224248
-1.8219820403584446,1.5707662401993936,0.6913979930997172,-0.662948833495296,-0.019646074040292234,-0.6103619188153795,-0.6583701909339584
0.4425410930475475,1.213919593518656,0.8303433817815092,-0.8898243203491034,-0.006471756581918856,1.1069494294910829,-0.9967547911344995
0.8362717189853348,-0.9595323496770847,1.6585219239183706,-0.308518264546017,-0.38830239132676375,1.1207465230490947,-0.6445692236522428
-1.3686391427144977,0.18485262459359458,1.6933144563986147,-0.6242455009644976,0.3429812545455749,0.12459520133364567,-0.05731316880985374
-0.48326806057662347,-0.8684302840431686,-0.3114831962204354,-1.2322991224004496,0.09670217055724607,-1.2513445757302366,0.26327668666644355
0.38654989331578793,-1.1666277869830415,0.6124008337802812,-1.280960035282726,0.9816387009605029,-0.2871604615433259,-0.40616074404038943
-1.2220971857872818,1.0177197592586846,-0.05197983314968809,-0.17888127561001005,1.1083825835711913,-1.4092012155906,1.0808683797778063
-0.882004279351985,0.8453325742330968,0.39167791730035156,-2.0122132256034377,-0.1441000859329789,1.958885812160146,1.5180214201346895
-0.8683842537000236,-1.2175803311378763,-0.5830039871167658,-0.07676530888671738,-0.8059110963769588,1.311789207186923,-0.8067734622807385
-0.012930149393318753,-0.3632027201840389,-0.4913840512545879,-1.8337022805764882,0.06907530092595839,0.45637363825979693,1.0559610878607504
-1.5302245927453426,-0.05212218264409578,-0.3508917068044,-0.8314827735672994,-1.1607230974558975,0.3368024628953513,0.3805230018334976
2.820781441019103,0.4186609356005636,-1.2553173386872445,0.17837779820457514,1.457086344052338,-0.3916064579688949,0.5952779388875612
-1.2460529888616982,-1.1103895314568388,-1.6059372186689185,0.48285785088565586,-0.6139710277888449,-0.028971366769811904,0.8533308336207348
-1.0434401899485624,2.1691531197529623,-2.2083048068885733,0.22101737543447933,-1.4489112846031276,0.01609158579026984,-0.3674090317005579
0.41322318287616394,-0.28858769695657627,-1.0417928848795845,2.2521158348815202,-0.16543048169828453,0.06006980038205067,0.1874304944050202
-1.4073498765003907,-1.137917546048271,1.5664845265668381,-1.1354918295523764,-0.7140320200493296,-0.2048980427740658,1.0205374638434979
-0.5490866147554662,-1.6230865603267057,1.2682767480920734,1.2701042638784819,-0.9741718329831945,0.817001017335452,-0.8722256737048574
-3.033686239678506,1.7616648867906866,-0.3969999907376741,-1.529885326107354,0.2574074445647005,1.2474038066099205,2.763641884519661
-1.2226945779125467,-0.6194131639348722,-2.2440431585017584,-0.8297800603163425,-1.3034504815714592,0.0011926187428935534,-0.9889347287581678
-0.7327219043810386,-1.617170621269813,-1.1400498333987632,-0.862376223217888,0.17123910742551526,1.3973693576557475,1.0447985417924812
-0.6498128734380085,-0.34116252331613384,-2.043983405391386,-0.38135099218118274,3.016601413365345,-0.28957952668675296,1.3579507701204956
0.5080948742891682,1.415788204558114,1.1410207668264385,1.085134666969831,0.8474756092991188,-0.32950330325408245,0.6321977729868953
1.217216991371666,-1.798741159289893,1.8981203513892866,0.6826208074721282,-0.9066026551564649,-0.3375247977347877,0.8835936722960575
1.86505322685903,0.5868529741237699,1.59032501624563,1.067900618394605,0.49679623664147843,-1.130554374268916,0.1460936832303148
