-1.486957223748718,0.2608823459821999,0.8415302377685322,0.663051479853316
0.6845547456328481,1.161193101998166,-0.28821549816548864,-0.5881460424113374
0.027749006158470514,-0.89604107422935,-0.14544758402499952,-1.2305801233738827
1.5853366125549837,-0.25587277736261044,-0.3789755119133187,0.9163804116248306
2.1386819627213773,-1.1659578525729832,0.33786284317863735,1.452849149977827
0.5249289799513258,-0.3739845865697591,0.16618858614604898,0.2527772506227517
-0.05094878459547259,1.3759297429510224,-0.2873470896980029,2.431872771130833
-0.7693241757160649,0.4169476216701225,0.1323990811213096,1.749393399320057
0.5043424864885871,1.987586381011415,-0.561435763492796,-0.26699406604409354
-0.23892803588904837,-0.6293709558824477,1.540216793848784,0.6484870161879452
-0.07169156435859875,-1.3318531108315343,-0.4255314209997386,1.0754998498627377
-0.14224397724275,-0.034225871267647326,0.2821669546892483,-0.6160046082740658
-1.0151109487836891,0.5735454904519439,0.4794037519612718,0.46259733030961997
-0.6987425503543049,1.1140667048758726,-0.18132268335385526,1.1375596073566945
0.07015408811976984,0.2440901366934895,-0.5284283830111132,1.3317577974810264
-0.2666534199815282,0.22510781348729683,-1.739039052051247,-0.7654813488299141
-0.7651591361716714,-1.2993151482459833,0.3630235648724394,-1.1923834644914197
-0.20310224508214259,0.4587059728593872,0.5922806796299015,-0.2390628551277746
-0.39524663748608346,1.3472314254783413,0.9645069641577889,1.04517329066989
-0.41121394156266194,-0.38751703285576394,0.43640440591470936,-0.006618751569262243
0.5854733946084936,0.16164045891745552,1.6899225188193048,-0.541915567219745
-1.1626319708234767,-1.1300498435218909,-1.039657661948304,-2.043039731577805
1.6334596884486363,-1.7871887066007899,0.4911486635572643,0.46048874629229336
-2.9436326777878747,-0.7793352170965674,0.5753492242107882,-0.7360794762738787
-1.1766831031216423,2.208524908067269,-0.3610260176868115,-0.7833420814643919
1.3761299097450057,-0.7799594463325145,-0.37992090734026424,0.5754361571245464
1.30065042280281,-0.21486754191523977,-0.04202922108069202,2.016720646698252
-0.6098114803049209,0.041217734153153426,0.12871013464001058,0.9102989270796341
2.2894407999287667,-0.07559439469849195,-0.6929968025130403,0.2882167341635756
-0.9839916776017504,-1.8459637347884197,1.2425255028384332,-1.656426753562427
-0.0674282032078772,-0.7419200284496648,1.5422512899757082,-0.15758515590135022
0.7371867478565365,-0.04476905163636298,-2.179530009681736,0.37885750266703905
0.4021444922089058,-1.0792327569681837,-0.33553682843726335,-0.7437972951409539
2.3239462904162984,-0.1344939539993275,0.5190431070423456,0.969951677192801
-0.5720351991770849,-0.11181781572294677,-1.1207231136345905,-1.267360304556535
-1.1775035160950458,-0.5355635134670949,-0.350510101310676,-1.0717623907267302
1.2854833120609006,0.4515381127821707,0.25973140509477594,2.3293929740326687
0.7950252827058699,1.0375112574048893,-0.2623364269880409,-1.2927282149302524
-0.7858688237998465,0.533754992043762,0.14536095464324508,1.2048026888009886
0.10872805195139477,-1.2043718539933093,-0.013135072545944811,0.15090946897744284
1.2272151870395398,1.1313592754542348,0.07058625252148089,0.1812896131966198
-0.5557350117511993,-0.5445906239674413,1.4342678350992242,1.3839622246802377
0.8438137531274837,0.5260244520868209,0.3200470901395035,-0.25335125552912974
-1.0648556761265646,-0.6120208158866374,-0.12000246099311934,1.2349697555761407
-0.7444777182899134,-0.47878954576400595,0.008081019185876958,0.15822507198004077
-0.25846208178552,1.0667823607219273,0.6120160472619036,0.2992449509217486
0.6816433350889707,0.8360855506449153,-1.5112972277198606,1.3315833520676206
0.868969656875092,-0.10013334769622666,1.8858559633702765,-0.2659403461632963
-0.6568207976297008,0.8584386688513644,-1.4844755116291672,-0.8606665208633504
0.12519096891371656,0.14917076287431852,0.2789870708910811,-0.26478163902028906
-0.27940495503369744,0.829421189638795,0.6159751844027811,-0.21969705817301174
0.5045717246973837,-0.2730974571916982,-0.8046538310928143,0.4499634676682426
-1.8675923708045898,-2.671521650275646,0.41305817982592336,0.8599424549672109
0.4582972052601241,-0.5020166369018383,0.7881717176067153,0.21028573808543294
-0.5347965439625486,-0.7663982067014529,-0.856939021401298,0.1478289813102686
-0.4870991045973512,-0.40838781680053143,-0.13133153901067182,-0.848309924271548
-0.14137366227032436,-0.0004289955189650337,-0.05973229689237758,0.3775130948523029
-0.5179963390544362,0.4355771253813286,-0.3368583522302847,-1.519904326293012
-1.498892832779383,0.22088712386148218,0.08801393705531875,-1.145179924970994
-0.004776672227724619,-1.7626107073817094,0.2628091547445713,0.05729289958384323
-1.3294493307115478,-0.819015811225059,-0.2935863199419995,1.0992039625864543
-1.414117543783649,-0.827606615380462,-1.0813209400397266,1.795727416227945
-0.3765886780301534,2.2102422225450757,-1.015876710062215,1.1665873687767248
0.21381002437472393,-0.8814765559821293,-0.5606116857332873,-0.30251364873863607
-2.7203680734099476,1.7442555417111643,-0.8603367787682824,0.19386438305475395
0.4230809814203406,-0.24790655552756935,-0.13248760318256433,1.7831747440905596
-0.7381476310863403,-0.7251389679694922,2.4683277078865276,1.689440645160784
-0.8216754069652151,0.14672269141802874,0.17309279080983192,0.6287672703257833
-0.4598398183161332,-0.7557064787865191,0.055259905486606364,0.5010244796623593
-2.1362918378012328,-2.131505767922074,-0.793807448589129,0.6630257147599624
0.9730210636203213,1.385577667609277,0.4817642528463174,-1.0274657298961594
-0.5319322096443493,-0.092460518907059,1.0758003097759106,0.7245726789166611
0.30028266637865236,-0.5375593789053612,-0.7916537689643492,0.4461137017116477
0.048577078856967736,-0.29326980128264435,2.792131552584006,-1.558731196344595
0.9221158983856068,0.032025460170742676,0.5442256020220297,1.6304622861950078
0.11150907091783951,-0.03308087250294318,-0.19207413674735518,-0.44857741977272436
-0.26182437839603756,1.3387847927823133,1.180821361227361,0.30944097067009796
-0.577098406020598,-0.694439932853911,0.02240663229164005,-0.5042085827575795
1.3780364225038977,-0.9384552918410639,-1.3692559916008757,-1.1511385744415799
1.1986103210554035,1.2232980248560317,-0.9078792482647282,1.5997718595645358
1.3764228252635642,1.0574158193004348,0.4305669153534595,0.21806779324704473
-0.5513583568059955,0.11460431248570817,-0.7401864384898752,1.2850860869877705
0.8309622429580089,-0.6010678178354094,-1.8138186435682424,-0.31326803278164866
1.685567126732138,-0.405081421472043,-1.3533035105807762,-0.4777673013615326
-0.12837516333675603,0.19335533088611445,0.2519893074353019,-1.8941200530890123
-0.4351652697757313,0.2523149914851735,-0.49310222404723236,1.0926121919002292
-0.467583832190834,-1.293475264291533,0.38220720625682847,-1.0285396322472784
-0.010340169062825205,0.9935089944189672,-0.6154696879703981,0.3086885002172343
0.046905110491474264,0.5493316253030709,-2.396223788621428,-0.8935440118650794
-0.22461414744864872,-0.2507580592213251,-0.1871203833020489,-0.35202529919657705
0.8632963683309817,-0.712224441209386,-0.15177436251281212,0.6004562990831213
1.1937575457928427,-0.5539044558379651,-0.7395861695417892,0.16539907221456251
0.04066156160803325,0.3813865273581251,-0.09551799579617244,0.35420107711925203
1.2077440327752376,-0.5852656968988138,-0.17675031616480033,0.47712055167807943
-0.9614941156209121,0.4546922945637014,-1.01705172418345,0.16751771957209338
0.20379630782644811,0.06342137620560857,-0.08928925947653749,-1.39260357100775
1.4065286103417334,1.2520028440421183,0.5806817409754768,1.0058268017182916
0.8576978351961303,0.07074642259139304,-0.6548803404049229,0.8586415760591765
0.7423916224481909,-1.8354159845513949,0.18726598382836238,1.4195366166528431
0.6798715988655386,-0.13690775166627603,0.0788366149823038,-0.9228071172787484
-0.7390888655455765,1.0773143048457516,0.05391864392045923,1.683255094754422
0.11357314550392601,-0.8486932900606943,-1.1238126801734751,-0.7229583463509207
-0.012815110258531381,-1.8446672501380033,-1.0953984815047924,-2.125471009578034
0.5700307054874586,0.5321576211497573,0.5371536528067675,-0.719743886437365
-1.067790772232182,0.6724695835810897,-1.853408171250239,1.1421541196109555
0.0432622018087635,0.468048304737819,-0.2429649544739886,-1.6881306999017966
0.6868087933471502,-0.0006096932906758459,0.7478307271008913,0.4254136307093466
1.231199559568989,-0.629370700188841,0.699890717454282,0.5298650500336777
-0.24092738359168675,0.6268656063406767,0.42566574738150276,0.9409221156802865
0.7876101664531736,-1.9198911371470784,0.338880147282194,0.24557096780038354
0.07254361112586438,-0.06189012033111973,0.3711805074824368,2.0199074031400808
-1.3795383486872608,-0.46363540420274785,-2.4820769445852378,1.0168234425618106
-0.2388275598462932,0.7856760744991469,-2.09385996496366,0.6370196536910624
-0.09850493458961485,-0.29833195862326034,-0.26655074139106505,-0.567255846597585
-0.6942366984660308,1.9540818968766824,0.24563758436834135,0.7165258903774652
-1.7257122460160097,-1.3315984607643687,0.7493982908403622,-0.6564243833231702
0.6727810147459862,0.5273016941529582,-0.742246789470751,-0.14667959431228766
1.4051641731328814,-0.16406896843728302,0.41824619598823143,0.34293645302046016
-0.4601468739025864,-0.42915118015281734,0.7650977919591248,0.38591572808803243
-0.7403991044281633,1.2419396777826561,-0.7987428712349416,-1.310518712992649
-0.12977235373553841,-1.3710635065936017,1.4186792180871246,-0.9701071157222974
0.6513950914908228,0.8569189666326704,-0.5907710726591169,-0.17678894212255317
-0.7835676931661927,1.6872711664098508,0.7910295029919843,0.08525532907522403
-1.7084383292190592,1.6912788069030409,0.2197362287700833,-1.12085605845695
0.014759385668754704,-0.060727907931825746,-1.440706444323061,-1.6321551679210176
-0.19980699213350675,0.689148948576888,1.2135461476450966,0.1436849925420125
0.6190944820835131,1.6578576472750184,-0.7722213157028799,1.1010683219595503
-1.272575612280167,0.19309816093552565,1.434242556203613,0.28662722833693666
0.6707016614343421,-0.4078846535517439,0.2972441585403451,-0.034849134263699025
-0.6513415982135614,0.3835296322628528,0.792242889304517,0.17130714545055792
1.1727415870086229,-1.2381867830259492,-0.20075485055990455,1.044964096616926
0.131075370650422,1.682516830791295,-0.06562207196863597,0.7834608299056259
2.088124246045607,-0.12330512154019739,0.8586398935701411,0.5806383932702851
-1.809356351228896,-0.3373099109539555,1.5271130472453587,1.3891630327028233
0.09096367509575612,0.035767396229846427,1.8504152478810862,0.2036285374893755
-0.30913570529186424,1.376792835010648,-1.3452516477251402,-0.11571481548882415
0.8630873954644483,0.27121440548804615,0.8421579089152135,-0.2775777541095685
-0.17432956276797007,1.0288804944575305,0.495949782369721,-0.5929617361903091
-2.282517648725467,-0.5116491782887295,1.4422821161911314,-2.475095606180435
0.7203618651008428,0.1623905916453678,-1.2240385833660852,-0.11257755771977188
-2.0539906162417467,0.47237064353072866,-0.14303442861246965,0.3297735478046203
-2.118127492044657,-2.1779984333973665,0.14464772558376315,0.30269343747827526
0.22212816142535835,-0.44116337717199416,1.3352166746159133,-1.0454903063145617
-0.6268578545678282,-0.7699213492364534,-1.3386831118068236,-0.5958712723761017
-0.348409135645064,-0.6272415929639158,0.984237662222136,-1.3194519886667504
-0.49964918560525934,-0.15140918303368175,1.3484461403422388,-0.21377074524255218
-0.28023544011251234,1.6541561911403595,-0.7300137931838241,-0.8098878434330729
-1.6497275216504612,-0.9727085062231509,1.2433972714061392,1.3829284875511236
1.1943659124588022,0.3468552012435106,-0.47677538909983247,-1.029637445872288
0.41790200596339844,-0.9790561626121692,0.6524472339319184,-0.8653965411856112
0.5910703312065178,-1.7504293364495227,0.27562483358579076,0.6612560556792779
-1.0952485858716696,0.8024232458374582,-0.6250581085531096,0.1869523072422901
1.8657987360792223,0.8193627900936946,-0.9159518757340186,0.8420246423496386
2.245101446269973,-0.5463744777213192,-0.5211682094898534,-1.0159287958892855
-1.9542143955252156,-0.2605673322881178,0.22230594342484514,-2.06309254094178
1.0635643389371416,-0.6164315498799395,1.4679143255295066,2.0268791137881874
-0.0765340236004426,-0.43485291587557073,-1.260112945619831,0.0403921794011871
-0.5319735940777165,-1.5812913752849613,1.4526874347159697,-0.28046919373910306
-0.10930460652177852,-1.2015446088607267,0.9753395845938071,-1.277699330126114
0.3774956006977059,-0.17149933050673752,-0.577353781970751,-0.24787689350389944
-0.20078277653367235,0.7867140960463781,0.198753975978884,-1.3622466749033548
1.8183060063069472,0.5100095480696661,0.9533840042480084,-0.609197572852683
-0.5929131331277678,1.0231514589775403,-1.411338788100989,-0.30931686362961647
-0.11315630582528223,-1.603871854497327,-2.326571862544475,1.0828710525052003
0.1467686735490987,1.3189752728398796,-0.33395753724098176,0.7355815604943611
0.03932156683611436,2.5993481962494833,0.8579188066382015,0.31083118480042116
-0.36974071891574545,1.4601218628617723,0.326299663954772,-0.3109767612862238
-0.6967453265949184,0.46074545137709527,-0.5306805817071542,2.0917997774976542
-0.4930824835095435,-2.7695381824795717,-1.8070385459820735,-0.2219882331719076
-0.9783324177198185,1.1099331215489074,2.0631534487095613,-0.03610885799220456
-1.1503549692810378,1.0688768861964066,0.10020607208906994,-1.5429857577319823
-0.6080571907565286,1.2538669941893166,-0.4443760123706517,2.005048674349521
1.091024075677358,1.536666673705452,-0.24419997538693022,-0.17522423824071814
-0.18011287340068327,0.8850620676280451,-0.3876198009065275,-1.8858782880340452
-0.0031114687789709026,0.22615470723940231,0.19304673541779063,1.138367838410907
0.536750317833548,-0.17510288644371724,0.4832930990935609,-0.7799763496983381
0.5062833448649572,0.09374664936830998,-0.42623774849052326,-0.2907770121546445
0.2205104428049927,-1.4352551607624409,1.4530546139690717,-0.18518034712084122
-1.6097123815422578,-0.9972320535615739,0.18876538887945526,0.0011951761617597333
2.8267383590892483,0.6011768988282934,0.8189023413248757,0.24255074775432894
1.119101263380935,0.36889291424514514,0.9092453025978579,-2.1170935194893628
-1.1231480025005869,-0.8472003605842308,0.030663072555156143,-1.46358952071998
1.5864960962945713,-1.484131334873814,0.13184476609306806,1.0243992487659002
0.21609989217872294,-1.1206551104247267,-1.2081265114323354,1.3018989497645987
1.6444122916747537,-0.07067597763540734,-0.12015504420278968,-0.5914689456545816
-0.939299725465207,-0.687350983358256,2.2884199194240677,-0.5251983297409694
0.8167490827059813,0.025326588147592744,-0.01469231489348721,-0.05131366216308985
0.8030105485848459,0.47497523880965475,-0.009513373762045786,1.2704800057268093
2.2458569020268992,0.22215889176799244,-0.533088502498767,-1.1606416976899345
-0.5849592037893139,-1.279562278205247,-2.0719440636578397,0.3801004098444124
-0.28672006185966253,-0.009670909124467688,-1.1481786207900702,1.0325716414773936
-1.326911226988259,0.7714739121880958,0.986620739051951,1.3494592653816824
-0.0870923533034207,-0.5552889581124746,-1.6086460709556865,1.1636961312818737
0.3242715827949642,-0.2791518927931956,-0.703124001675906,-0.5785254599844588
-0.10278121565114749,-0.07365215763738506,0.594023297752302,0.39567655468938057
0.3098058115686572,-0.9827145053585398,0.14981082480365315,0.21562908302426517
-0.8549220725116972,-0.4331851846584441,-0.5003778286799136,-0.6837961960975497
0.007088941861148359,1.2734390297355784,0.15292380144225848,-1.0414645148578785
0.32415269048568807,2.1628742261049236,-0.17749380179975252,0.06118364868247472
-1.6449172001622194,0.7333106726296971,0.20108266733298003,0.11120411957581224
-2.6151696863341,-0.3840065321976409,0.21286613649106148,-0.8991550839819006
0.08132840118985991,-0.5916200671250303,-1.1857662654120071,-0.9419138541772375
0.20760566577908696,0.9537571916453379,0.48991756182196056,-0.10395368798785173
-0.17531827381227283,0.27576801397662964,-1.5544075462600053,0.16349013376684476
-0.9246490047141684,1.878682304696345,0.7024943966713729,-0.6343233177583447
-0.19422108222755013,0.7806727462641136,0.6140122255318651,-1.4736791132462541
1.8903513863307202,1.258010218803709,-0.24560595844898703,0.7822453716151339
1.2540086107094577,-0.5401831470771766,-1.17204825236427,0.3669827812487228
-0.3745324420637554,0.2259205389193985,-0.005989021491576012,-0.2047055379015713
0.842822353554922,-0.7960990975914061,-0.041198275072368125,1.5052653286293587
0.6635507241770411,2.794412998150464,-0.08566965433501753,0.2962826765752943
-0.19619092381902153,-0.7333693225620739,0.06027580010124579,-0.1438803166871764
0.6571102059249684,-0.5166232296662351,0.7128748961777761,-1.370475096092738
-0.6289337796261011,-0.5523710989080404,0.5720095264050259,1.5127342477617618
1.2307520249607853,-1.260764560441598,-0.15488393076508652,-1.168786417759497
0.9071545030576594,-0.6839492471907433,0.28079565943362134,0.705717641708275
-1.3594446353273189,1.088164907056336,-1.6931817363447732,-0.4376208202444985
0.41876947900869577,0.9142052117250608,-0.3903966654900108,-0.8339115021164613
-2.0738350599767936,-1.3238914268753725,0.4968333053813381,1.0596250421416642
-2.130651450618365,-0.035786374696318714,-0.8572940105763124,-0.9634232576791896
0.05550264745920352,0.08447103583218168,0.5513838147980884,1.237244249483498
0.9515388386272797,0.16390435267921094,1.393923194078924,1.3886758383658124
-0.31349027472369156,0.7138564653968591,1.4393494519685217,0.8924692951296829
0.4271908275427081,-0.618558650446101,-0.7429549873931525,0.7172440996774977
0.1825798421813136,-0.44175130060423595,-1.239163242765954,-0.44475096999642594
-0.6457667680961717,-1.5706372539359086,-1.4340268707252886,-0.3991250975305199
-0.29687781216227466,-0.35429563162655303,-0.018535008327298413,-2.067222767482359
0.7102256955524783,-0.08611897857000934,0.22109579070034374,-1.0010216006750532
2.122232414712986,-0.5484192776468111,-1.0396820651749505,-0.4977117387054924
-0.012491968003296607,-2.3183067496832774,-2.4568118205914224,-0.7955577925853398
-0.37490239150557236,1.9691501153374456,-0.10184174448156046,0.411547455137937
-0.4060666839345094,-0.26814381450699243,0.12335024735563219,1.0985215125589631
0.8777958438431268,1.454920808846864,-0.6012592544884249,0.7539528825956221
-0.4973792055793033,0.4746404737917123,0.37165682761284,0.5242517342730852
-0.8475761896263476,0.22249059302088087,1.6831059856086785,0.7951630086875177
0.7311595777724322,0.8553211172254462,0.3828166185458371,1.387167744635777
0.17081373089765214,-0.3144552537076126,-1.6934168339421607,-0.23959977213927441
1.1781971017740762,0.19023896877800975,0.4764674842153095,0.43354298021137033
-1.5751318174610298,-0.5518224731480079,-0.37795168300595366,-0.437285972241669
-0.7790484799455083,0.02398661169572534,0.5035694576704884,-1.5643294056079686
-1.025227262742252,0.06551123243055437,-1.5444357994795814,0.1631480329574734
0.564048315620664,0.8157260731235546,0.4552716218987228,-0.8164701856073778
0.10211723100310308,-0.4759532702877224,-1.8899368954271005,-1.761311463886456
-1.7962544968527596,-1.4259821742833318,-0.30643157383098224,1.5032178383881538
0.4400177259929504,0.013287120151397111,-0.512506049517136,1.0264526655752388
-0.864479879557753,1.6194700715155648,0.6741670540527055,-0.2056253577485588
-1.8685607465413536,-0.3205664074164673,0.782506251582712,0.17091116192036523
0.4409976799796241,1.7410006795906794,0.8539420767223781,0.1747073538662134
0.4044527789021022,-0.2715553898771341,-0.3385124720149684,-0.7206000050134426
-1.31078622270347,0.9814098193922685,-1.2344812515884658,-1.1170772687794486
-0.5193633701148382,1.3238649353174812,-2.218885418943257,0.2193407987734707
0.8567355902539313,1.9326212626949135,0.17365765121935553,-0.351729114857458
2.408058759786616,-1.1106995796072343,1.0845951063432706,0.2688164185780822
-0.1573542875644114,-1.9101292604457958,0.5642538901949136,-1.557503303861659
0.18060208116809784,0.048413768003649445,-1.0088350575529104,-1.317292668462244
-0.4637977168002642,0.05716907030991655,-1.3681105091161914,-0.09156922813981667
-1.3772117620704518,-0.3633685602838768,0.4957522962135622,-0.6168105930795359
-1.0147470915179393,0.8066752663400392,-0.06748720147904426,0.0738494116009934
0.058664267236258595,-0.15011788421620642,-1.3287174456758823,-1.1776646011674123
-0.13674560938980132,-0.40050020429881356,-0.09722345783602326,-0.40006726928382313
0.7430018680948008,-0.8403080887170964,-0.9649655922847697,-0.7740021631225311
0.28733519063066376,1.3617887193372604,0.08900707920684424,-1.6000709153861221
0.03732543670852477,-0.6906114718347529,-0.5888246510681527,-0.8728304627452317
0.5203633849203114,-0.9194006400671599,0.34255101428516954,0.046088610394955785
-0.9938680437720567,0.58834873855806,-1.024950033406422,1.129591461926297
-0.9469483560972873,0.2654110410499174,-0.3777642386628057,0.5005330280639647
-0.2721086073483858,-0.518079592859286,-0.2305064475563921,-0.13542643605012966
1.0749907969343986,-0.7920880574696716,-0.7640661070450158,0.3307278066226487
0.5418061165449278,1.3539149030461028,-2.064438201544346,-0.08042325052028998
0.7304086354121236,-0.11942192717772399,-0.20423867511199642,-0.005586821545972307
0.35594755425994534,0.13823828195188828,-0.1895150525339244,0.19147385408492495
-1.866515223935725,-0.14163403629371069,0.37218364207879023,1.2392405529016588
1.107468717689409,0.43924921565209696,0.9764190973412974,-1.933993528799636
-0.5038735692763301,0.81704190539197,-0.14152615998917734,-0.9301739681830717
-1.3316474215670755,0.6077872158255584,1.8452201213090271,-0.11780737481828678
0.4710559559436049,0.431150995421292,-0.02862303025685523,-0.6428324136646718
-0.10364067637018692,0.2838648573037898,0.8556134745005907,0.12537755663018108
0.74466411346884,-0.2539800973366326,-1.5719893581079416,-2.305335129333216
-1.3464606027771455,-0.2221728282611183,1.3043092446345619,-1.8633108766117523
-1.004216488503564,1.1507655346308627,-1.0553021076914555,0.44240065955391555
-1.4303535333415855,1.0805299604510374,0.5468005239537466,0.9235560880501719
-0.5869352784815511,-0.12798329374999348,-2.0899081777084376,-0.07480082020317837
1.9342254892321784,0.7426115683729786,1.2429261344010796,0.6306748373587654
-1.2331663325051798,-1.1665232066556872,-0.7136418603159735,-0.3329328028315417
1.7375783451892137,-0.8600498171924511,-0.435022024335556,0.9180185893519129
0.22903962708720102,0.689618006678956,-0.5986901654050266,-1.9584007097173826
-0.507240093904182,0.6088079885344403,1.037661483369169,-1.0280389488067467
-0.973431920935786,-0.9836221874118385,1.38936989723393,2.00664269698848
-1.5551354624752196,-0.2792229874630276,0.27975276414553374,0.510738478919972
0.7550688760879579,0.7343906910385734,2.082688126728414,-0.3320824556387715
1.516510631697218,0.31001799013418674,-1.136695658392272,-0.4005099673830574
0.3153141867825039,-0.9387008292365578,0.7224314464347763,2.3722324310717515
1.4416208751760247,0.2482316291674949,1.1342706299487346,0.39624787388618904
-1.8081774407754445,-0.7210173319743565,-1.5470514294710833,1.2786523199237567
1.121665869882601,0.2698953741088899,-1.0670565921973976,0.18417115644188065
0.34877323782432706,1.5730327950565781,-0.190080409497626,0.5027788265742247
1.6054862045456455,0.5813377552395823,-0.20835239540233258,0.01559249092766374
-1.5937013758676584,2.272307380153824,0.7229844104835417,-0.005728133353949275
-0.492491965538582,-0.16975360099311554,-1.0521510407391284,1.295400408937591
0.4509575681393899,0.7889792109066918,0.06783181279542007,-1.5036809191182434
-1.0304524439233302,0.6079195592632246,2.0739173642854367,0.5145379391392632
-0.28461016392842486,-0.539837192365225,0.044969494532411176,0.8272828913636131
-0.6679968664862583,-1.0527321380390904,-1.8175081131186421,-0.7138926065336605
-1.012136671319481,-1.127077362315347,1.181933673530805,-0.9370042232708098
0.013976756429620048,0.7279184399695061,0.5906216436122264,-1.1284179265135799
-1.9787979631503831,1.2060292133547514,1.0149174531735359,1.8887955966545888
-0.7428264716383844,-1.17949818148687,1.1563836151130815,1.184379844009292
0.6731781812410862,0.6076458061983228,3.772861791267375,0.03613883785661111
2.5082798158050195,0.6971125933266626,-0.15404914060187097,-0.1807009155213603
-1.8193618992450233,1.348021465831249,-1.5276104872716412,-1.633366640259574
-0.22567841768340724,0.22531679100531216,-1.10021743226761,0.39140159423653387
-0.9181439055441112,-0.6344178209096117,1.3370921663428148,-0.9394820892724846
-0.9120747364534783,0.2906553094180833,-1.2491517029420096,0.7443504682782832
-2.994041538926387,-0.7102000524717079,0.2243078839495919,-0.07306249339506436
1.2673698863623328,1.0244051494261621,1.4574369185092424,0.608064474998223
-0.1408031719328354,0.6958605723658421,0.7510126062560784,1.5965913652362946
-0.289535897219996,-0.33230928380686614,1.1547207860354813,-1.3402871108160417
-1.0174484762115483,3.055265139421307,0.6078312594655512,-0.17759775272768036
1.9286204087028034,-0.6187963357603721,0.8611352798094969,-1.5577080233199578
-0.9885965754437175,-0.6048894928477108,-0.35580166880392355,0.8403562060506947
-2.2049365416099262,-0.4389807134169273,0.7434278762580385,-1.1220344596493874
-1.1017322026802598,0.6618238731013718,1.440417828158297,-0.22532447461322586
0.9198091159800165,-0.5257511914853008,-1.1676887740789808,1.3209379253819642
0.9378356814688337,0.47947222508574733,0.4524540378472511,0.1248055307185999
-0.4301572056660914,-0.06365907460690307,0.06474439598284268,-0.18906180786778717
-0.013160986098437964,0.2748167460808295,-0.34220013279602807,0.40201196295524555
0.5119371934418988,0.06225125043283748,-0.3053554142043424,0.6289867405657754
1.200856746175553,0.0550909561746931,0.37539949713456555,0.08107996007016745
2.6604988420958966,0.4491565146112992,-0.28488979139588566,-1.0004156649590965
0.47709728063266493,-1.4266404049043373,-0.10737486356212993,1.120276772315462
-0.474006775890131,-0.7869146550910071,2.204103621175177,-1.0883468320417466
0.06897047669041514,-1.4430274709867392,-1.1833099832390743,0.30210375752309565
-0.4921147826532012,-1.402345241352847,-0.4641853009495049,-0.4002434907434664
-0.7080804519176047,0.002022945605565129,-2.537280294690872,1.2723527875636376
1.4182500707654817,0.7634477454481662,-2.216409904382748,-0.6042066998270523
2.16086614366679,0.4349802892951095,-2.0805013724834933,2.218713076700546
2.015707505454167,-0.6162831979496237,1.595155839857754,-0.1675022794961518
0.4223338748524996,0.2888763398294023,-0.47177603405381613,-1.3097852833131376
0.8700625726115155,-0.6590792163764561,-1.0344408010876205,1.676837047486717
-0.8172059469295371,0.820337654443772,0.4969471872574162,-0.8822166482740187
0.48573710265429376,-0.6819482836492599,-1.2508431949632182,-0.10084093806499826
1.481300857491323,0.34827112441152813,-1.7299198216649578,0.2887192636068832
2.827044077505545,-0.5694709839813582,2.4878277329241287,0.2954959595940093
0.1827602753012454,1.4493065672560095,-1.4475886397748752,1.7392050540230015
0.7002646722407733,-0.3710027748333797,0.2006205558365563,-0.3704908190431651
-0.3584475604381059,-0.5868739347961037,-0.1274735774413468,-0.07183116269939477
-0.4193583737546856,1.1900253007519452,-2.0071145140293676,-1.0018092476181086
-1.1691114827002151,-0.01848844191503645,0.9111601490570613,-0.05544066099046315
0.4547532593907623,-0.5787548378917945,0.5023925129814478,0.20502734245622653
0.8759305910177875,-0.14583933931159007,-1.103348221356993,0.9880884546828688
-1.4833951709685824,-1.15890566088189,1.2230857242703645,-0.653345681616261
1.1725794786827635,-0.7609758918322432,0.7753825861340398,-0.45982692396892755
-1.5734077107032247,0.10274843785212323,0.8272115365965386,1.4219274494572018
-0.687549297377758,1.9728974774855341,-1.0937132874678615,1.4510819416074048
-0.043397256410690234,1.2380301977389327,-1.643278946078721,0.10904707281166265
1.5907310093456046,-1.2943298362098101,0.20060121919804585,-1.613599025468803
0.2701312627295017,0.24320600555846,0.7974657395592933,1.780189890760072
0.602921668142605,1.9390084891685377,-0.6919420581504626,-2.8947393267971337
-0.21985678334763414,1.3016953974331729,-0.7228836370959476,1.6482321787056273
0.41191210472684825,0.4719988138186756,-0.6917177267461418,0.23720597394071885
2.1093666167724323,-0.3014015591804392,-0.10625552031788829,-0.1138648759939125
-1.0499438183741512,1.0769177260973484,-0.17629194240013507,0.8951530585585177
1.4390065000733447,-1.2634307907479914,-0.40312614358572724,1.5293499943957485
-1.040481437549891,0.30779136253856787,-1.891483423137484,-0.059586815538053006
0.18694173818107057,-1.8254791386572458,-0.5542949105177895,-2.372723869081448
-0.7720185522780213,0.5072952657664275,-0.36363401638261167,1.9526704056828732
-0.830728208613243,0.2947871692599999,-1.9114310255152707,-0.0038467488060500827
-0.14902891637236151,1.518952349631639,-1.103577720269477,-0.3241601931024111
-0.419674403407951,0.3468879947018152,-0.12708889523076636,0.10189827413570748
-0.309895494002367,-0.5021643652159491,1.5855152296877255,0.0881238589130257
0.8617715248570169,0.39027799102564525,-0.2848561582171258,-0.06145017831715894
-0.6444274083153788,-0.16872366632418978,-1.5387207402101497,-0.34446411260820214
-0.291751448712541,-0.14121329111653647,-0.18531228236470548,0.5929880283962423
0.8378769202591737,0.9572613497341596,-0.8896707631460736,-1.140923007241682
-0.6989543867951807,1.6014475263747305,-2.034455572546908,-0.7273341150053445
0.7036795201368636,0.33485437607833707,-0.5245427579308887,-2.1067467465273904
0.16681951276861573,0.23188092997220108,0.34811827151805974,0.9699502545128498
0.20728191394816547,-1.9063151298212397,-0.5974598660968424,-0.9863502304580624
0.9468238001527584,-0.45754553188604147,-0.8418702725401043,0.05779847902511817
0.8642247646068045,-0.42502552510976677,0.8586956930847172,-0.09752212555752178
0.08350065898896962,0.9104892280008032,-0.6158910596417935,-1.56753985702807
-2.0001820325787483,0.2896932552379669,1.1010507485272623,-0.7717379390388485
-1.085125934980963,2.4551736978028016,-1.1759259578007377,0.06379443696942577
-0.06641211552397576,-0.12480904466924174,1.0414529654261846,0.41043842410775694
0.044855479430212675,-0.7367727892156247,-0.5299694588889289,0.7936194280678371
-0.41395918317412544,0.8862918147641378,1.8458010307727386,-1.2755901466984776
-0.5317841764988807,-0.4259212872628419,-0.7818295820019484,1.2602316973822685
1.7642824251502542,-0.4430585752509939,0.04135417894567744,-0.9779666984578972
-1.1223460029897463,1.0080303104334918,1.0663904081130395,-1.110367866832005
-0.8994037472709842,-0.881696662848396,-1.2441933895139734,0.4141144096483751
-1.9155600748737238,-0.4552278390095492,0.4638035175702855,-1.2077926702348574
1.1368043624148725,-0.3630761957470706,1.058960095356618,-0.3736146818423553
1.2716564914998545,0.20630525711250974,0.3469192054210002,0.37402673851992985
-0.23526068121648328,-0.4617885566516238,-1.1650876713872216,1.8874234826464835
-0.2480196910747813,0.8254468599322722,0.9605546073717853,-0.18967290508157317
1.5116668489709866,0.6156092337803486,1.7703505375847666,-0.8249218706438896
-0.5863061959790702,0.653818678188038,1.37256312203084,-0.5167455124856073
-0.24932348047977135,0.38195169928290074,0.01873177840497418,-3.537190509809281
0.25837561697145406,-0.20714444668922405,0.7062643608315335,-1.46986301504274
-1.1276047644129468,0.7137401085253636,1.0384185907640853,-0.14654531814315402
-0.6192346973494712,0.43200216457836665,-0.05693618498599258,-0.27958801392778115
-2.194966160432423,0.2391947607617394,1.5534754777454105,-1.2452628491696112
-2.559351054706108,0.3174564275261183,-1.5595916427751366,1.4551050267778265
-0.44534725467312103,-0.4170302232671156,0.7647280917985032,-0.6286119857177536
0.10318419704529942,-1.3247111747303308,-0.6236230391855723,0.4507828626239579
0.6009470444797691,-0.6951746399469011,-0.8405246514217423,1.1871333412204674
0.12531517039790793,1.5072268859578697,-0.8155244837604673,1.626903572195051
-0.1991780607399642,0.5655122635827983,-0.38182494276361073,-0.731391050478423
-1.3720600824728522,-0.2650140993030572,1.385746223577841,-0.43843909687513555
-0.5383521195604268,-0.35693155745361305,0.7747733140128614,0.8914016903558433
1.7794520522872206,0.9205714659086239,-0.9611120625654118,0.2898393097067289
-0.4707550649104756,0.2696340664361543,0.0844420858708117,1.6990450501867682
0.43705281923104145,1.1794032191150945,-1.6055015368942758,-0.34281810428108783
-0.8967572428293039,0.017373924973792903,-0.681334097421534,-0.09787027617224177
-0.2789847478599308,-0.9013016898127575,1.5195726120345296,-1.1750723320094802
-1.2819064074639348,0.6444058459877162,0.8226090926849828,-0.46694792590919126
0.4020655126965477,0.02018789814294372,0.14263751029479868,-0.9262483022644385
-1.179837221345815,0.31311969316362614,-0.44224650832201573,-0.022487474791209182
0.7039509648719174,1.0185413914664432,0.9550328758751861,-0.2022558819671314
0.8110040206725456,-0.5512964708445648,-0.3683919414895773,-0.4894832367270838
0.30916220638265696,-0.22183895396186518,-1.0544708730981665,0.12122064613953805
0.7973282364031107,-0.1251295077032906,0.7055938064679056,0.6951619316707154
0.4930214091240128,-0.6757725164115626,0.0952445137501286,0.06638556962504435
0.7361012790785968,-1.460945160227712,-1.1687331894017303,2.0177786932337054
1.4730649546328862,-0.5245371534972745,1.7957268451650517,-0.22161455312626255
2.40612829985873,-0.22780611980967494,0.9836593547258234,-1.4132432304865494
0.5393009142355301,-0.2240324830856305,0.9927640746417323,1.2162892567664039
0.7326878827793977,0.8393856669989572,-1.3461191658299194,-1.0035040381101492
0.19500728261642145,-0.6182338143238021,0.6483365594784144,-1.021696741503288
0.34845096488611443,-0.7244332274013655,-0.4176416403450223,-1.00667652847625
0.4088888609806018,-1.6248853884989205,0.8474847830185792,0.8765316988300771
-0.5739624902605251,-2.4480812500836917,-0.8470658905493007,-1.3556423317708832
0.3123567226078303,-1.1357068824502807,0.23320578062241443,-0.30213575759934186
1.1349005287121894,0.04847867180572438,-0.011386698371603476,1.395795352642309
-1.37730037750892,-1.3015269256916782,0.15039473845828027,-1.3710247973036662
-0.3491254437337565,0.0426581860462595,-0.9588420215458618,0.3383817319842353
0.5055419751066519,-0.35898274282338255,-0.27959289484044175,-1.3320178319204508
0.25876540586966407,-0.896125466214655,0.44234131442583563,0.438148778957671
0.07180907900123636,0.05905059348051496,0.984400057983459,-0.6183533160048009
0.16757721957208535,0.21231866484581452,-0.15611081271178628,-0.2842661574015569
-0.11346886882351839,-1.3564387105457412,1.4046517225902422,-0.7297106419769269
-0.6294261510098651,0.21326965598008266,1.3415354307887013,-0.22932304620431523
-1.9683207030023544,-0.9898523707509251,-0.02069130749454568,0.5134337447592902
0.7718214536259798,-0.062123019712214435,-0.125377860704137,0.6208913600263279
0.5080410331256728,-0.44775254745064963,-0.24330598705555345,-1.4546316051369172
-1.427224350575567,-1.2921528834385594,0.967003196233667,0.421675078610184
-0.27246742890388914,-2.091674392479676,1.484560864995447,-1.3759504562291465
1.2137385710125834,-0.4608460683040906,-1.353277996201786,0.18048751199140736
0.4602188470929639,-1.8712030354252958,-0.795401607671231,1.0016675638630648
-0.7794242905206687,-1.5456033598132302,-1.5470632502065533,-0.13573544360837478
-0.8645288497577218,-1.2811002628592303,-0.11552475114712288,-0.8844473389370956
0.9232079302944509,-0.0212704410271177,0.41239608786125737,-2.5833243243120627
-1.846921396353193,0.3253965776840541,-1.216286838748374,1.5640862343425588
0.5807474447689372,0.45234100985219555,0.03769387106699684,1.2350099765363796
0.29573298338891163,-0.01593325136873707,0.17023149405206775,-0.5587061152405514
-1.5532663147248074,-0.37983951677451633,0.5534854844450066,0.09492219847001811
1.4418764416730965,0.022129741779850196,0.6851056749815998,2.0395658678451465
-1.076792918997748,-0.5335849961574507,-0.6021415386308927,-1.086209561660303
-0.5559203678753502,1.3006855018176626,0.6884752155965699,0.5449583680340228
-1.5194526995258195,0.39639022144153835,1.9845620498346503,-0.40195345192044274
0.16783405717998964,0.7616595360171393,0.38363512722134374,1.1931640433844668
1.2207614495067334,-1.875044774086254,1.2083862912239562,-1.180657783127431
2.8864117857027822,0.6428437531319923,-0.015877509351593915,0.6567369622376634
0.9514102631057619,-0.02986500586791997,1.9270778778665794,0.13916291074054116
1.1291875157354196,-0.3057286951764377,0.650834504032984,-0.4627023259373991
0.1586399421800793,-2.875943906750033,0.30827034282375215,0.9161566297892709
-0.5950024575910614,-0.7257504441151093,0.6156200797687098,-1.0275383654062418
-0.4675589836398074,-0.8898732053555612,0.16799104391053377,1.322630815928383
-1.428170177239086,-1.259344088519019,-0.6466195751933169,-1.7589839043344226
-1.2368012399888442,-1.7641239579015786,1.7256155803574567,2.1721875980670737
-1.7354800682091809,-0.7402599788169691,-0.005867138807637861,-0.4227358899832052
1.7085559049654193,1.721187288039671,1.5490417520619768,1.7837939079059362
1.8181820297375149,0.5677090750680215,-0.06369868035670594,1.0471139134807472
0.08158316083311398,-1.6544454816879948,-0.17982718700311387,-1.4166986847671987
0.0430977352653342,-0.19603668808752706,-1.265978316704456,-2.3614360831647168
-1.2161559050102986,-2.646440414497054,-0.19338597625810103,0.9334090634359367
0.8907337288977678,1.1504472237341867,0.12159133269729624,1.0608611208004566
1.6384076217948265,0.5397669609721455,-1.2898055851758865,0.8944383074392821
1.2197639875947723,0.7165499560380958,-1.8229301505831357,-3.084263015335329
-0.8847191598813796,-0.6756519354097907,0.9748738996118871,0.915181450044209
-0.20408991983558408,0.6368186997656196,0.26429176772256974,-0.22945867406107878
0.11329280620340629,-2.7073530983983796,-0.49137463767829515,-1.4168818800836802
-0.7354929671068978,-1.146822629461491,-0.24269068612404093,-2.2162135796111704
-0.5240335416167735,-0.49326362535537793,0.37876949481244004,-0.028403456637913875
-0.7816333349626788,1.3294042769705694,2.3315087873256024,0.2012588134120406
-0.16503953270714625,-0.6826699080640958,-0.3509917534809463,-0.5574767295008195
-0.7891252872908602,0.8749388666646477,-1.0263003303423264,0.018189848501593123
0.42338719648433076,0.6310986310073142,1.2838497556708461,-2.1787482895795063
0.5166761543074467,0.42851387774680033,1.5616922701320592,-1.5422460985851612
-0.5151407636607439,-2.000888921466924,1.1938329924079283,1.3522658617291927
-0.5995639340986721,-0.9055119336788744,-0.5986682444988,-1.3421186594937584
1.4625479515128985,0.6308192544821003,1.1777008683723273,-0.5097090373899454
0.17080698210394832,-0.058577502035920055,-0.6262017115825143,-1.5005423520976415
-0.13956311464409032,-0.37098693762570883,0.6056883341907108,-0.4766169556668659
-0.26014462936703275,-0.19192789732214102,0.35931486770677606,-0.6398103357283925
-0.6723097535663455,0.7404152581172251,0.2932857872886318,-1.3244644905305287
0.5752906680211332,-1.2965399655485794,0.3303424153623732,0.7200124487552467
0.6054215346704384,-2.7416537103290604,0.4350020458156276,1.1455697179723143
0.10011407804304717,0.20565843954066537,1.69429882021139,-0.3075600196636185
0.7621695740468998,0.47318174789743805,0.5097785847654036,0.4398075559269621
