-0.7608104721265423,-1.2189864421780325,1.2640003079752473,-1.5922669111560903,-1.6144491221219404,-1.2714360962400582,-0.9732321643540469,-0.36619551430857367,-0.39698988122837087,-1.0381888078379533
0.23851167977882842,-0.00838520054007312,0.023594120640831627,0.4121785233986544,-0.537636432732836,-1.4253560432726096,-0.6826465265900831,2.1181802220842814,1.1604569657077703,0.8440046689704238
0.5771856673899386,0.7472689905263931,-0.0652972533560328,2.739276140469368,-0.36382031252738106,-0.6573971421250284,0.5281260056120024,-0.5795085977212775,1.6548722201454646,0.32932364639464423
1.4881802994135425,0.21349535865755773,0.12424026249011774,-1.1160185075111284,-1.4049784394234324,1.2532340829000999,0.22112894263743094,0.8175606686067896,1.1539174418176965,-0.8016061011420554
-0.31472324623563436,0.41941341549138067,-0.5554706203500973,-0.6830394200143974,-1.4903400419843842,-0.3985475939504138,0.4679951229124634,1.064245538893921,0.9944502139526343,0.03235537927965798
0.9928846665567765,-0.810762048350331,0.5417990892192743,-0.21428574467621192,0.10540496547026387,0.5272698598387935,-0.4908858053029002,-0.2415165978375342,0.3065194134907214,-0.8793711718158903
0.23764550852970692,0.7881445036058504,-0.7066100804292954,-0.3545294731462254,0.3881577387245559,0.8928024712648129,0.0701382236211982,-1.2454039234888237,-1.7348783649070654,0.43371271057797117
1.509255687941565,-1.7745026573890694,0.8113875841155385,-0.8635487157021948,0.6539904119495148,0.20284265041646501,0.04542471193937269,-0.8810756548501127,0.8958722809627532,0.13520970881681968
-0.030966277146733688,1.9010529747265743,-0.36233432551852407,-0.585418888842811,1.2453755600829695,-1.9865270096036038,0.008439943070418983,0.17684261683780012,1.919490170944182,-0.10644897065002867
-0.4146451803122978,-0.4973037054910768,-0.9565343803064009,0.8774732338037748,0.21953491851176365,0.8234837255949105,0.4081870107381585,-0.3186292829749124,0.10997643003294236,-0.1818778271518529
-0.17280002865346092,0.4397006106529925,0.12057567019654858,-0.7466762507346306,0.5203818197262531,1.1269349738469734,-0.07982076472978739,1.851297656358478,0.9840957861963203,-0.10946388115799789
0.05174507968059807,0.7944170021869568,0.7926418406869313,0.3201443928524062,0.00558206747357247,-1.0228573835667623,0.10852432097901585,0.2152160332351012,2.3706989005915875,1.3225327134556801
-3.0774009440012295,1.7532247916625476,0.444204653568358,-1.1598226039598185,1.337146384757929,-0.3348900974288203,0.6920659557722708,-1.3802700419916083,-0.023772842908210693,-2.177138722953788
-0.649244427932809,0.9647004820723509,-0.707249872335631,-0.6857307737703586,0.43871487244023183,-0.7642662273015995,1.0470259548813123,-0.7048469804187366,-0.7424611485602665,-0.10850678201072106
2.0872434931955235,-1.4807085382064484,-0.1670143896989662,-0.1898684291613637,0.6311906370904914,1.9435415714982525,-0.9452454893243398,-0.07631888466489727,0.7459600262101577,0.005536384971137179
0.3721887181730886,-0.26251008694511746,-0.0010761179991402435,-0.3955305372293388,0.3623896589541414,-0.42936876784168554,0.6933576449507811,-0.4057353371577273,1.2101273861688517,-0.13635375637205427
-0.2875337580364444,0.25854014741847825,0.0246837120054889,0.36496433451476046,0.696857305864571,-0.24881409183019507,-2.0428934340319116,-1.4027347484123573,2.074326475405583,0.2844203467465889
1.5287742324641505,-1.2349580736353567,-0.8041226662745977,-1.231102538395005,0.12680403063510026,0.46783625578514876,-0.22001194087801193,0.8942240148845123,-0.1700370670220363,-0.22097432251681817
-0.9821101807343795,0.0668613623189831,0.662141238265785,-0.5254230199815914,0.19845843166811541,2.119933310176919,0.3320981458519897,0.34486777686139053,-0.40236926554651786,-1.0516655585135284
0.31273040929768414,-0.9432724361984496,-0.4461608461950855,0.48684110709505685,0.38911342713612296,0.052080183083558856,0.9952830278152638,-0.5339676907061549,0.29506121236780775,-0.1853721653952614
0.09978414365840803,0.24168370902422776,2.6576985556485333,0.3395122828896976,0.7030727063877659,-0.7542993672078987,-1.3978795173907863,-0.393482227126737,0.8310674488300958,-0.5429428004671473
0.3603734048237365,0.6224469882826021,0.4859778532913495,-1.2543517517424823,0.2533699004680648,-0.481148331102207,-0.1290187652305711,0.19056233118570914,-0.7334885917040934,0.6531883565783678
-0.9609372281373146,-0.7944381248539213,-0.386669303135223,0.4588894443284449,-0.7708606643448676,-0.6349767357984387,1.76085458881641,0.5129432158489855,0.45221228615454134,0.2720932381812995
-0.43689255379309216,0.13565374053734,0.20996767927027554,1.3599878372480063,0.01815248090713213,-2.0402252284699887,0.9700770315226693,-0.24177216276517527,-1.5417313985546524,0.5723651896246901
0.905270678832384,-0.5519311663312677,-0.6785973772952256,0.7294856439104479,-1.3855480358060963,-2.118212871338042,-1.0564343930597226,1.0071501738332045,-0.46221567523501345,1.0753900618587753
0.2963911601117731,-0.4697781752837086,0.20447154636695322,0.27976739606392953,-0.7608487314832938,-0.0685168676948814,1.0339016994250425,-1.2996232013320943,-0.28622016868485334,-1.4911820986150177
-0.5454785859054,-1.0341034093492192,0.23521136020006767,-1.3295371711509627,0.8691029453443179,0.6654969601851889,-0.541531412711416,-1.4790814869999227,-1.8649135363612266,0.8125199064414753
-0.8602630531563736,-2.062710081368033,-0.3412907933058077,0.2393965969380605,-1.193593318740539,0.3700744961810259,-1.7141154030770327,-0.9405332981047501,0.201549660423009,-1.0011105166221068
-1.1437020358495384,-0.5971548096598618,-0.9931190527640078,-1.112571471097143,-0.23407878196084259,-0.3144466305746765,0.13529944012307077,-0.5623348955510056,-0.8060000250978454,-0.07163041019215176
1.0671156845214378,-0.08172921417444758,0.6042617268588976,-0.33813842166024916,0.5511720558649185,-1.087587180386254,0.11819497970119437,0.19693797539515073,0.7361656944101471,0.9451558294871417
-2.424234242240431,0.7947746730731833,-0.019670200649146728,-0.26694152742568666,0.4099101950138196,0.41902674267952805,0.12235892875974083,0.8164960198369703,1.1602643152695387,-0.6194035080899367
1.263734464571478,0.441449215952199,0.41259436097642366,-0.6496457403326217,1.8858350522574328,-0.9906076620860347,-0.41702203208695143,-0.5265672320970732,0.469454905617948,0.5350654402801547
0.1737753382090237,-1.0708097592458532,1.6797908250916644,-0.2193228483726377,-0.8084215099756261,0.1668514855077213,0.5924387512441115,1.0625656342261798,0.5274870795037596,1.0810328684742614
-1.7844302425861227,-1.1798777522849955,-1.2428573334987556,-1.4954899915828235,-0.11613471764064971,0.6357254137683033,-2.3370926831869405,0.062398028159836694,0.13832899410198185,1.9415507394070908
0.6291772033916742,2.479157584428257,-0.7216393367655106,-1.3433740894632102,0.9606681742501852,0.1740474700153133,0.8486963222997093,0.22308445518876166,-0.4097079973211056,2.3852970869430945
-0.44568292540104615,0.0052943902744735346,-0.838567043723142,0.3683583902081953,0.6478075953197739,0.9308966374580214,-0.2974571651853021,0.5567927090990872,0.14563101708560797,-0.877912630079632
0.40580367059443795,-0.24748744510051224,-0.12328105421707508,-0.40608195642866485,0.03374716641944499,-0.27693281886317883,0.5444010963101475,0.411835406430957,-0.15997579100160866,1.2052880871060707
-0.6383144383087059,-1.269038354854805,-0.8980862851846881,0.16649879596542785,-0.815409613937196,-0.795922566734716,1.161395135499344,-0.4336153215163962,-1.0670205833244555,-0.4639596995474703
-0.7475980990740961,-0.7062233209628954,-1.4018739095277506,0.7537519211297943,0.4615203742890593,-0.9633809529824954,0.6205223332653385,0.3174839279917941,0.8555658656558813,0.4123141433490159
-1.4305824356596823,-0.9804148119329389,1.4196467427936967,2.3916959421703203,-2.0583110017110875,0.2843621734585118,0.20956874892826002,-0.5964241794350477,0.937549124132964,-0.6341688987701126
-1.0350264373419986,1.066619359520842,0.2105431807837076,-0.20022809819004012,-0.017824602018631324,0.38458964336272977,1.2857806102431975,-1.3234270529363674,0.07154601603530578,-1.5080076279534542
-1.0103627616558761,0.5941460316086601,0.35907453600627526,0.429603782239883,0.7829951087374528,0.7017236723305009,1.1171207005541572,-0.09477130367023696,1.835760389728542,-1.2689233773829678
1.4313349334103644,-0.05906791614589662,-0.23375494943019823,-1.027675388852444,-0.32384994239931586,1.1408985725891096,0.43180655173100974,-1.3077543596202077,-0.5517103289239286,-1.151914710281207
-1.3640665613235912,2.4120192527284114,0.6151380797571878,-1.5380343811041421,-0.42896046911429153,-0.8840771424228663,-0.14682318299901206,1.5095148866200991,0.08627470633257707,-0.955671577151486
-0.8758028879424085,-0.5948014908224033,-0.06698406725698611,0.3824873145008783,-1.3450862117736797,0.11643067154512844,0.6240346110842642,1.0124359197885076,-0.261906853787573,1.343127634909292
1.3818179227085285,0.8293485351065002,0.7095081001995749,0.15564150193075915,-0.6803244800715045,-0.7157429711114893,-0.4284749099727235,0.7580775077555189,-1.1530025632455223,-2.2728011097501324
0.45001862096699446,0.38171768346209456,0.6902353264805073,0.04445396895557896,0.9925735815982706,0.7363061530947526,0.0820092531010425,-0.08411238541368822,-0.4240245179106259,-1.914590437209565
-0.9157688152766633,-0.1970067734765132,0.7317798919621307,-0.5852875070656121,0.6908759613849254,0.5565978404068006,0.46355643508923156,0.42163813312689224,-0.8123629571335591,1.8361605915725805
1.1762808372320968,-1.5261042159177478,-0.7669917575053586,-1.4858361138619132,0.06889093877121426,0.565690362687516,1.5075274631977422,-0.9946174275565671,-0.558924836254369,0.13018618930560477
0.6100583378079661,-0.9653459373566264,1.8338473628587495,1.0588270627382874,-0.9864134300094538,0.4199916960733158,-1.1859093756824826,-0.10350633998717441,-2.059344801722341,-0.7062569741428598
-0.652443065495951,0.6261246141805994,-0.1842246109743802,0.9038311165387469,1.1579956087703809,-1.1454321734193538,-1.0508098411856168,-0.571225725712979,-0.10390455940524469,2.2861804552795144
0.1144847341891022,0.5065145922851539,1.5044867817695542,-0.21106457460307396,-0.43183313512371996,0.9141543927966213,-0.05546319719056844,-1.4660141495820158,-1.505592339205614,-0.026924639156558666
-0.7690347596960487,-0.7648588516422137,0.5519165047287148,0.2055283151766601,-0.2801428119574103,0.6251034910431851,-0.5842243995979023,1.8123687212241617,-1.05068143711058,1.5119359716899574
0.05237749579302759,0.6494967198424604,1.0569011745788626,0.7726380154783403,-0.7645532249940721,0.17154199309612297,-1.023275590822508,-1.0447524666772978,2.1453798693776855,-0.2744135334946793
0.31040606157905914,1.2163028994248015,0.6086883899230912,-1.8164799303865746,2.09748760104025,0.8958118850264056,-1.2143721321432432,2.452533913626,0.32745156463751046,1.0997890441901688
0.05545208096494892,1.6143466439726608,0.6488401037532441,-0.544847484680995,0.2505607736245926,1.9510010591193363,0.6530378776269734,-1.3669466707871032,0.42466461302191005,0.1390363319916087
-0.6829769725367445,-1.3803104346684432,-0.929475665513243,0.13509155408386683,0.1641728540726069,-0.1282845305460602,0.9652560488799145,0.2103062191859612,-0.7354627718589498,-1.4669599604258816
-0.40130055141746285,-1.5185190835777507,0.296674158479889,0.22395927737558208,-2.817112185329237,-0.8485337466383662,0.4524688839335933,1.3936678141298866,-0.20176556351004749,0.18163164831547624
0.9285065186252602,-0.8865389793893028,-2.586546293638989,-0.41748619584449387,0.02412065952695548,0.2123530422022947,1.2082160115048635,-0.6795375095239349,-0.057257071138926405,0.3199868187874166
1.3915830158638018,-0.0036373911936286698,1.5964867911313751,-0.31462017272532034,0.9104593528173214,-0.6500645243666779,-1.4940055186832522,-0.9333513324170178,1.758808088463296,-1.1007704990326044
-1.1845350536242865,-0.596526861408109,-0.4674854844899563,0.5213822886034394,-0.13880609160173035,0.5302659198170188,-0.033435758650903584,-0.27251031862602415,1.0810325097073805,0.33747610231237596
-0.017141043666617534,0.36293907550068155,0.23400672535109804,2.692863753221881,-0.18235839994847167,0.5305042108509874,0.14171732484404623,-1.4059395547865676,0.9334053690605288,1.5447804746439717
1.2369739394653685,0.6612712609079162,0.358841295602041,0.3997930594731493,1.1403871296645098,-0.03792351540559237,-1.2018725404493764,-1.5708806080372588,-0.8856839437199447,1.8484196615178048
-1.278922756538355,1.1734337038480014,0.6221934842024833,1.025497846400648,0.1995201208617613,-1.0179942907511663,0.3167339505849911,-0.8964441665913658,0.620547365749219,0.2091417508404109
0.6291476645477532,-0.7445337644139775,0.5233102995489155,0.6285736738396215,1.395700544529028,0.49032411713130963,-0.14883048763962095,-1.103318600216699,0.13497747462033638,-1.2974684867923785
-1.4951524828723062,-0.6547903157984891,-0.4801133826468785,-0.546772077894639,0.7860166664110375,-0.3837634031852892,-1.1418306634105657,0.157323683789758,0.9814936621154242,-1.033826757066592
0.033581348874127205,-2.055356156589485,1.3732924667073663,-0.7881746873349258,-0.9372220048489862,1.8669415471447113,-0.7846334975570015,-0.8077081742426195,-0.8244370250177712,2.6441762903413153
-0.6498080459457624,-1.4021043281118946,1.5656256289415007,-0.03496261481867607,-1.3925353709117176,-0.48536478956015777,0.4862884257757817,-0.744928115865751,1.1781623484516277,0.164324317318166
0.2738974606668837,-0.13373541723423477,0.2722113165222761,2.1156585179025327,1.7476812477034018,-0.1849647992068578,0.7117367617380569,-0.5946495523880488,0.7943074674373345,0.044556199101823436
1.8975262215252275,0.21312826339260313,-0.191005873774983,-1.611800548234832,-1.243113506087713,1.748671430141597,-0.3509836537706375,-0.4141159900232785,-1.297065440413612,2.311086004781288
-0.946132598042005,0.7376009694782842,0.8631016709457787,-0.10886435451534054,0.5147165578974563,-1.2667403302564681,-0.1896350159789106,-1.3882182065064899,0.9377291830656377,-0.8033906771010589
-1.3608257786522333,2.5852279673136818,0.46050755332768095,0.3602990546165644,-0.7605430342253946,-0.7895675786294276,-1.6457653303876674,0.07225659401951545,-1.5171380396009995,-0.5058111449696857
-2.2714348083537708,1.3081095137366343,0.4048516939435667,0.31175926413706395,0.5915376851307923,-2.26392160726825,0.8374753542140994,-0.8480058402889594,-2.0464957545035953,-0.6028700640765294
-0.9564892543272823,0.4570921385869426,3.2244930444605058,0.2952061214261558,0.8456411488897609,-1.1738688907159824,-0.4623275322269003,0.8974526474886445,0.576904083520693,0.8792164593289852
-0.5752176238739862,0.34641336207939644,1.0273980557337685,1.8820373266802768,0.6567718005934652,0.12989521789686986,0.9856522854764298,-0.33332014224614975,0.3784643823091738,-0.48667551736474907
-0.5185220171514339,-1.3170302787893513,1.0754532798659406,-1.5787482224690983,-0.26302691087537683,-0.6356762093985994,1.6937318767336988,0.2857695062161081,-0.6235610892383768,0.02725771901574636
-2.176288474518528,-0.08587546103673009,-0.08412076634747791,0.00021949397162842498,-0.43618225073056993,0.023379400787875673,-1.5658822788898064,-0.28962613929051334,0.65005232678281,-1.1421242679217571
0.9207746321610063,0.5436478815983605,0.7125810258763315,-1.5794006811715313,1.0635742221830027,1.6322943577750848,0.8714548647762062,-2.4004764767295423,-1.5426319343945158,0.7595918827562563
-2.047430104838145,-0.7319189605376067,-0.648492172537204,2.5362467188123734,0.5668094581267319,0.7684000939817627,-0.689804811991513,0.12407948437386025,1.2692850855616116,0.577150332045677
2.199504468181582,0.29143603967148235,0.749782950785956,-0.07073856509755229,0.44407636139255235,1.670849558460446,-0.880484680039373,-0.8946938517300754,-1.077141813481217,-2.4957176580445513
-1.6354549822278095,0.6822064552012612,-0.3188891063635344,1.685853909894125,1.9499578792811196,-0.9590074361816497,0.5992651817464196,2.031215941332498,0.4172566525222116,-0.646012609946764
-1.4665718214316381,0.5767613552782448,-0.19444291258001395,0.9781543803843754,-1.1546934523350494,2.190766050249276,2.226746232622811,-0.2930253241061681,0.3112928191504228,1.4189783275527517
0.6686512230221568,-2.0550557487568657,-0.7737932428049505,-0.5969497043233678,-1.1502455796581876,0.36678880368020134,1.4994410192111787,2.660069442098851,-0.8382946189241659,-0.6667837394819931
0.6418306524829082,0.44444292924582235,0.7117652263408915,-0.7640248034934881,-0.24270889274230195,-1.6008459009043874,1.1587823045020276,-0.23829538244428813,2.0976241373723408,1.7311728217536992
-0.697887195904478,1.2443229359070498,0.6900875179106642,0.39599745330577973,1.2625196468987527,0.44002451713714913,0.015877655974346785,0.2545987510141408,-0.29778209508843334,0.5632552267500129
-1.5169583157449693,-0.5024704221446089,-0.13016275894346174,-0.5066408753074189,1.1360133640214352,-0.4999143134340218,0.5520267176278538,0.7917230888963632,-0.8473020078582464,-1.1982273860184336
-0.2865332626751229,-0.8742650727453954,0.9619668820378088,-0.14569514212796325,0.14169080360380396,-0.4302755374999508,0.49462898775998554,-0.925885708526653,1.0912819311062083,-0.3367189662789089
0.32724273896437317,0.13293598985263572,1.7497543220648495,-0.6560773348576951,0.7419344738395888,-0.6301520889963981,0.18625301385148404,0.4750167026630996,1.206421823005755,0.2594775736571444
-0.6722325090040321,-1.5987858290859893,-0.10516388824108575,1.2053056766954469,-0.09748660627126274,-0.9251880152291936,0.17500900719177273,0.6277402483252118,-0.9059445842911631,-0.7206484318194345
0.17042612309168298,-0.17066635256936735,-1.326374099612159,0.8979370512524719,-1.0311185821442754,-0.23678722366279606,-1.5136773796338994,0.995926342545176,-1.0051964055363773,-0.46927164342603767
1.6471339548721677,0.5403286235284082,-1.0402454783918968,0.08635829057220026,-1.1123412059845827,0.7110671788390545,0.06924514365471376,-0.011263868707950847,-0.20895108140404903,1.1493797472791036
1.3364981564725043,-0.517571776973126,0.11733840456132742,0.09953540251938633,-0.9966182657055405,-0.6821584713990217,-0.6592214711347553,-1.3502343994949302,-1.2770697572151637,-1.2056743448364642
1.0481096933091758,1.161723407759282,0.599538381012851,-1.5904482170196734,-0.049303385099063755,-0.9992434620779609,-0.9417887706426762,0.059252883610850654,-0.25446933887424816,-0.6954052659997121
-0.07197742488669999,-0.49462207282365606,-0.19258973624848,-0.15401655120596022,0.11705460357139333,1.1498064974131275,0.341259030619044,-0.047176295218590326,-1.6033394305186697,1.81884509614611
-0.2128133330593689,0.4765712655939514,2.126738872776579,-0.1897243731844304,-0.19050151362491527,0.21967966988291368,2.4039117308876863,-0.9849707036089645,1.2877102758090926,-0.1476972652286842
0.5231906539120899,-1.1802510621098838,-0.2933389375076597,0.4888857599321676,-1.9505713427492508,-0.6935884164163792,0.20276398595432651,-0.8414769132468444,-0.5696098132478142,-0.5672575465746309
-1.5552560581005346,-0.48769048295365636,1.1817100197513486,-1.4717756718198454,-0.46426872135780517,-0.10844577976289119,-0.227590015588947,2.0225563477639192,-0.45808052364816354,0.8346353946522914
-2.035004177404168,0.31661686740867867,-0.515053044824001,0.2024085029973839,-1.8209769898992687,1.8685612397439744,1.4395661868949923,0.16573756132521839,-0.3935404641786604,0.6070255134898951
1.4238280752760517,0.7666917233122883,0.9026952153023862,-0.9500800175682979,0.6626285887444625,1.4894512957174828,1.0958615153934843,1.078967387616471,0.9443855851796384,-2.3575013279285866
-1.8723071748618596,-0.5850199237667041,0.6867637097775688,0.20742494474790493,1.784028499692219,-0.4050511151864192,1.5945034629644912,-1.4308733040261996,-2.2654310524852344,1.0820250965275495
-1.171787355402546,-0.2904658086714204,0.4386998188845522,0.7009281039888519,-0.12218048222116688,0.4444472080378515,-0.02023710599245312,0.5034374668779559,0.25989334789610957,0.1789106289763281
0.36017306420450274,0.7519658649284666,0.18343439560998875,-1.498570724035127,0.03456169702418641,-0.41107708492633904,-0.153645408710253,-1.579774394570628,-0.7507859442224034,-0.38451372600986894
1.3727012479055891,-0.07739478506389104,0.884115330431943,0.19208916280770172,0.13898551750496735,-0.540889463955143,-0.6621811921454277,-0.3299638747780329,-0.4528685985859705,0.042578079953951534
2.3596654194895836,0.4034926075943706,-0.3964212278739163,1.2555637893692602,0.10358226035817798,1.850345132688333,0.10564886725203332,0.687517308778483,1.5981438274724797,-1.1052784473842698
-0.2124355223467752,-0.8259999190646281,-0.7590334237013507,-0.8557009442312129,-0.3756272627372637,-0.32273475088113435,-0.2986985791997583,1.3672325467873334,0.5749923846860849,-0.37543123085085567
-0.5017198052748768,-0.5470188854291275,-2.68877794562597,1.309938198996207,-0.5478054159914009,0.1852728456582986,-0.3441439300548099,-1.4582220020205492,0.1937794665423905,0.48736766999616676
0.5698287399319321,1.862897866625165,-0.8310233592809123,0.7222389638938029,0.5212785939843315,2.0124781690741265,0.9443725161372386,-2.4264010060267176,-0.045807086079939566,1.443974948277843
0.7211275461737838,0.23853527018779683,-0.5198175195601143,0.9486759475370496,-0.9728794784577937,1.0105222448848092,0.8906135341335298,1.4430613566839823,0.6324028883371632,-0.8018119908088381
0.18812122509887436,0.8483719882493946,0.23554001978243463,-1.815819817125775,-1.1839892694199405,0.014546285617835126,0.003607040560765154,-0.7628340830269627,2.442757668947232,-0.8310984597888436
-0.5235869213731664,-0.1060323154353751,1.4271799381897774,0.7117988578059057,-0.4869004711219294,2.3821540395781975,-0.26146545127259485,-0.7550472220105727,-0.38143363344469944,0.06153754102114924
-1.7272094823118824,0.04096232397241251,-0.09718219212940304,1.176405936451231,0.19301891735935192,0.796825531139228,1.1373108685832387,-0.21010381490055918,1.1392427752976204,-0.04277451733497472
-0.3708159114284259,0.30148974336487144,0.2032334932622126,0.3915555393129449,-0.7971040583662384,-0.5774262309014234,-0.6561140619818641,0.3394907036978501,0.30839976571352573,0.843274516607769
-1.0435037695158924,1.331565373038154,-0.35930392987735116,-0.10990270642416515,-0.3157372487631487,1.2403087666396297,1.2533643801782697,-0.309600513065316,0.7450601260338917,0.4393896454638222
1.2262561520492907,1.3036556257662704,-0.46285684264463445,-1.2524584494588569,0.3921587205349965,0.008678624697593298,1.9649439466710557,-0.01890018840779411,-1.017016431807715,-0.8996042969764535
0.6485059935735186,1.445638275498037,0.18655055898288458,-0.5887098505886706,2.275201451882738,0.4379431126032951,-0.0516187112536458,-1.0051402727373067,-1.2503360578544143,-1.1694755491876339
-2.668435300841258,-1.3116236637859826,0.03393259519747381,0.21601709623676957,0.8843620412169759,-0.8032940998798536,0.46955037519669607,0.10996613490156046,3.0386775856263206,0.49570352648926214
-1.7836170307119277,-1.0786306690418517,0.8374444267954863,-1.628632280415176,0.2867836478879153,-1.6898484540842549,-0.40776704818258647,-0.5503797839830307,-0.2777855220730684,1.3541693852923116
0.37574758311350775,-0.12025619104304279,1.7492888673794733,-0.11817528454330507,-0.52379231550322,-0.2252945515923649,0.05130528540284774,-0.3825116916893309,-0.030248777411225114,0.6275757090488482
0.3374135322886896,0.9396290003500651,1.2566635143155316,-0.9757026195597996,-0.5423445884401195,-1.1728726055434846,-0.5281418395987989,0.629059092585782,-0.30759955626434865,-0.15419125721056587
-0.1771156466580304,-0.23856926051549207,-1.4223977172255031,1.443376239385933,-0.5965827175601656,-0.2744287894985359,0.8600796115673707,-0.9214757308936943,-0.6471614746143114,-1.2959703126495061
0.7417918061588477,0.6232145744715936,-0.9335288173163304,0.24726200763452788,0.7372701243074012,0.02047659663237962,-0.9332404487926277,-0.4773636420995045,0.1143646568497918,-0.02481404958681136
0.395718505822232,-1.158452928423992,0.8271933578137621,-0.025702563211073205,1.3808300407133054,0.6368990674782926,1.8043606660791014,1.3582482075210158,0.8164872394705283,-2.3554251103143717
1.5879418203026674,-0.9063934451237856,0.24452266421812266,-0.8844049835896072,-0.4701496385937519,-0.7204164605537514,-0.472111375118459,-0.6925212581645008,-1.3971488865485886,0.4273087558749249
1.677940683603476,0.5942804188889255,1.431438549399622,0.471961350378413,0.9046346895480973,0.14045853098808564,0.10624580072061592,-0.3329994417294526,-0.20641307526642147,1.2593332088132179
-0.8973596510863961,-1.090322798269329,-0.006395543978098315,2.154215650400914,1.178964842052455,2.4161959577112366,0.3252353929064634,0.17631659463174792,0.655243874022169,-0.6343772766004341
0.7770051108699824,1.0937554678922705,1.2405773986064363,-1.118397550587439,-0.10954060862252882,1.224549511379249,-0.45447066905755584,-1.4328381428930714,0.22552990319547708,0.02466926841677036
1.5965269133473168,0.8385535505141821,-0.3599196750073609,-1.287738336641738,-0.5324642783031401,0.47820935553082156,0.9441179184601154,1.330658988992872,1.1253389986343756,-0.5505887783513268
1.0433719199815357,-0.3060255251142205,0.3626151950843056,0.1434909060388585,0.5735449702243434,0.17319551286032717,0.95673527109088,-1.7733941167849236,-0.8489467011979631,-0.8333107514273849
-1.0404559846668706,0.08177104902587545,-0.09680426491819268,0.8268663437080924,0.10854809945200769,1.6184789004108535,-0.3402342566694302,0.971225113291307,0.2697482993619477,-0.5400526546066312
1.8552519991587437,-1.095804101713663,0.1200440953837206,0.46269113778425686,-0.8603110769075664,2.2227338673303905,-1.2831516102139693,-0.16790859220158064,-0.9908106605203794,0.14412380287444626
-0.6827876215473264,-0.5641887199002361,1.3145141190730785,-0.40607297522089714,2.2072813572176604,-0.03162968899177982,-0.027731669306241317,0.5451411744518144,-0.02879892707418403,-0.45268837196227113
0.5539756079270538,-0.021401625526851938,-0.6792674816745468,-0.3437052341012384,-0.804675891885454,-0.7266091520178379,-1.301805908784193,-0.616631569939715,-1.0194306616378142,-1.7713318571508891
0.3774173853611817,0.518475612499658,0.9689549914879635,0.9870013663850253,0.09171680864539813,1.1490915671575157,1.5816757789493314,0.322728741489309,0.8932159261638575,-1.0129438740019845
-0.6900736563503295,-1.1168424300497397,1.9245392110672932,-0.07937630508641422,-1.462478816873173,-1.0717996883802028,1.734989152476405,-0.8415403670500672,0.16369924636893482,-0.8701115456861747
0.40136358320993337,0.1479839298799575,-0.3045765758694667,1.5224049385483664,-0.95183885622205,-0.6018079078653528,-0.007668277051102463,0.6661550198216405,1.3498105464827632,-0.5729167019692004
-0.601484756062227,1.7596909331920825,-0.5354685037360629,1.7562197909863027,-1.8293909114712326,0.5272748245329316,0.17507425344147823,0.13134904046427334,0.27413489175045114,1.2006065897238665
0.956486844312714,-0.8272278872777336,0.5161089529120044,-1.7091898907250482,-0.9440965633957448,1.6707506274425818,0.40321119097313685,-0.06276184434659277,0.0600851864946861,-0.6688302125198557
-1.2692456876385227,-0.6845125389028857,0.5119802217288472,2.0046621109282294,-0.8993228082697567,0.8337158312570871,0.18096152250253555,-1.4365873540225995,0.8846017622104758,-0.29513013998880216
-0.558496844779362,-2.0524345633411274,-0.17978580356525595,0.10597574682335993,0.28899136164613315,-0.10115651259293881,1.1263260150864836,0.7598094433263216,0.7832177431603804,-1.9102324249061566
-1.3397644716496862,0.2378603764723836,0.09197756241551783,0.5232134118695594,0.110007843038875,0.6629259558813351,-0.3465386865808074,1.5854198284296042,-0.81720967988453,-0.5618684230696549
-0.807804452019534,-0.4732116915034352,0.05132829605093083,0.27582543253397596,-1.0734718770725944,-0.6282115585899706,-1.1086455382049463,-1.5833811627869112,-0.00807935820480164,0.9021874654527626
-0.403233617086331,0.5679704713597823,0.644678355078806,0.902077308315231,0.14171452567542153,0.21000385451732573,-0.7956379796775641,-1.4431292221656384,-0.5753907551515257,2.5871723113968237
-0.6036215915315932,-1.9098016255747867,2.3009804963282727,0.5592977288097274,0.3296099574516256,0.006761080882855823,0.902104602883148,-0.5911803100001566,-0.9499024363512811,-0.18967278303000915
0.4243564811778478,0.84374452874426,-0.27609394763969647,-0.33588967521331686,-0.47149215942893724,-0.07364859090247325,0.9532163859389043,0.8104132783600538,0.8665024487554928,-0.5777210937367261
-0.13192188553120227,0.19183917182641516,0.8806267275286037,-0.3755760746248594,-1.2323075294684456,-0.432706373371846,0.018916416945115856,1.0775021662831592,-1.336351724781941,-1.9859439798948966
1.0216169318094375,-0.548785637770504,0.04986918599764917,0.01866597142639364,0.5369401618999824,1.2905945331531572,-0.11534759006848025,-0.7552205429686615,-0.1786836613185834,0.24724760824781952
-1.394026604543679,1.4390327311821423,-0.6850053818344801,0.2204832149216442,0.1262132848894197,0.8320880433001152,0.48453496085549236,0.9989317619614405,-0.9581602488179356,1.390652980771798
1.1094389571769425,0.924798150847895,-0.18857024467578434,1.293546063334544,0.13722167131513005,-0.8094155536552371,-0.9418007882890045,-0.16218464843786667,0.04755079183166866,-1.9028292248460217
1.2776341875406754,1.2158703792290193,1.5511519545934769,0.435155187129319,-0.6312025540948836,-0.12937678832674454,1.7506523012723687,-0.4840137301339287,-1.4462310731395878,-0.706827511387814
-0.11989534940478119,-0.11587102850132044,-0.044521999445054326,-1.0959239465848536,-0.08447783354345359,0.47139077334873886,1.479423994176442,-0.5003356968240485,0.3422737684295607,-1.4451216331882457
0.415469701812833,-0.06300503600723223,-0.5596069987776376,2.480635515080067,1.5244436015352558,-1.0577978496162534,-0.6940535432801537,1.942557949495895,-0.03083239258927414,-0.20195732667527888
0.04376681999419363,0.5669879410285239,-0.7882075726286351,-0.15025213303362436,-0.2257463605368611,-0.12029117988517561,-0.7741540121628172,-1.5720113136135927,1.3084764130746795,1.6219763638178561
-0.5913060613528188,-0.790299475812637,-1.9994211943161941,1.9633421078743045,1.1613811913815115,0.764348304804929,0.9262243957494181,0.1469961978321008,-0.9525639399996496,1.1035804651950705
-0.6074321132923775,-1.7459863196713117,-1.7168891251962513,-2.400469938421264,0.0621119673258689,-1.0205470990732388,-0.42095072040992704,-0.4035189818192891,0.5713222813813166,0.5724009446833238
-1.4170756588731634,-1.3719484608929,-0.3949658028649245,0.2354533279974394,-0.9095944202400557,-0.719238629249326,0.6107556079838067,0.011060194486148998,-0.7027470932668535,-0.5280822073988609
-0.7871960696929762,-0.3010584190796553,0.009454048891888807,0.7078146814076448,1.0857661552144353,-1.5337392666960998,-0.49754772139618747,-0.21565589918863406,1.6962644535492823,1.002002708220066
-0.5149599368012112,-0.7239937445925938,1.8205663162642338,-1.2051112415224738,-0.3383514049214927,0.758869563113581,0.6639911014552005,0.9532351416315691,1.3265502140958634,-0.6294056247109755
0.8925675762499397,0.2774041998122395,-0.37478191360584234,-1.2232421547291674,0.4525652239640788,-0.05463458703588355,0.5710649086000384,-1.6825713928376038,0.5141227830164854,0.0158257012212146
-0.7039342025015768,0.30473851760292675,-0.24672931752482813,0.9733695306918522,-0.14114501870050972,0.8650571688466416,-0.5576905318757694,1.1714444522452137,-0.33135379237941565,-0.09248839937391218
-0.02924489370813617,-0.6768821857659275,-0.6131354304153154,0.8796196226262692,-1.5137744254585277,1.5263408787226809,1.2961868584222185,-1.10108422916528,-0.4157911941328564,-0.4569734312305547
-0.27380525961018326,-1.692354998190234,-1.2697274238747158,-0.8251138969478952,0.20767494651983032,0.09399547044888915,1.1716885047656702,0.5636192955143968,-0.20907072553053657,-0.3421409635210371
-0.9475780232775866,0.01607436382972376,-0.603587438583608,-1.9963490623843088,0.6567263858355392,-0.6009269778267213,0.4547872705732202,0.26161411075760455,0.17253073941265365,-0.3970753542533455
0.784170974311494,-0.8469839434101516,-0.1968242726211228,-0.02377476911863465,-1.0390962281571747,-0.005868856845832819,-0.09567176020140293,-0.1806155519341021,0.24878994955210593,0.14786365427916642
-2.6803473349444307,0.4485910253007544,-0.14289272680904921,1.996396885553231,0.8338819667180902,0.343954832527908,1.5537979660347148,-0.9323496484012791,-0.5701158725678956,-2.2131919438814553
-0.9905632938785026,0.49880471796322756,1.1077082008697328,-0.38006336674778485,-0.8123359114059473,0.8423019746251037,-0.28319972574361085,0.8295045376967413,0.3466809991327771,1.3986997758628121
0.9991380009116025,1.5822191472021325,-0.19164088136544954,-1.2545707675498623,0.4165035848500072,-0.39967706434962746,-0.26247222240128043,0.4914920838900563,-0.7372924765327263,1.445476565090478
1.8572668781764665,1.98914612158246,1.1921549849062545,1.1737545611511504,-2.5950540190782587,-0.0700931842747933,-1.251656564565668,0.17520514820066943,-1.0173244320895298,-0.055532721044097004
0.42136027191080955,0.39154949976540954,1.017275752493408,-0.9142208294855798,-0.22165102723798025,1.2597623746726796,0.42503082671415543,-0.22012733115486274,0.19937089471161137,-0.23633369175828334
0.4179165927291697,0.8218212869862275,0.6757583164516046,0.5740268924589077,0.1690774666865845,-0.5551108806886701,-2.7042155159040013,0.6072752016591673,-0.7364890559933863,-0.7352437931622616
0.1831244449554435,0.5971848533526143,0.17126738212721962,0.6013036822382124,1.1224762634102345,-1.503317840835375,1.6108615736105227,0.5210346159798254,0.6420944162099713,0.44782444369540364
2.27791149577481,1.031342107622822,-0.7077881610816052,1.0284078519213142,0.07130139818908023,0.3832597201586516,1.1834928999783678,0.3113651015072849,1.3074505096961835,-0.4283941040364326
1.1626065768687903,1.3705051656189267,-1.28141688891788,0.8478972879315289,0.8765825359395693,-1.116594813522411,-0.7393844953387307,0.23118514057710593,1.4970163330458555,-0.8904851884581184
0.42725458578798453,-0.23355661738534644,-1.0973860415421866,-1.0251472326056084,-1.419530160449705,-1.2531341749926908,0.24213979526751453,0.7445916548555278,-0.9612166611339571,0.7096079864730704
-0.8090019758595892,-1.7941095664129154,-0.9494212891781657,0.4858911008461532,-0.43128309592529784,0.3249359976515578,0.3111454625564682,0.6316145587812758,-1.0914882683747777,0.0011920493424325113
-1.5708389131501908,-0.5315920211783206,-0.051972834417044846,-0.42192376653560104,0.07427927245322687,-0.7987753469010185,1.1903877741444133,-0.9861148428974681,0.6107246685155646,-1.4566190137104211
1.506605104568394,0.19542803733826006,-0.9013905074825104,-2.098058198820203,-1.1407324509196575,0.8900693015759459,0.09169609410635023,-0.17606176410179372,-1.5715985087581432,-0.5200296471823354
1.4584122002485413,-1.1322700476894851,-0.39331372257520486,-1.0345568770838154,-0.09004209997755228,-1.7796004252357676,1.008052333306554,-0.34336110456769436,-0.44815560862463405,-0.054221486576911164
-0.5453076344340025,2.2915538663423596,1.59398353630096,-2.195294829136755,-1.0271167508644827,-0.568607074291688,0.8197989826225124,0.6202583830275852,-0.15850315313026142,-0.7767370782497937
-0.6506870993250254,0.6944128437481024,1.3629873579442258,0.642383050482792,-0.7699830658654081,0.38931424524059144,-0.35791093587370953,-0.25500550686588797,-0.6207178330869982,1.160181091663922
-2.2686566594810187,1.3327690696028875,-1.4365856706936881,-0.2941147987219653,0.9711256159268201,0.6318010951407732,0.7939018450663259,0.4200786285805662,-2.739176428051157,-2.375019784502666
0.39839018855720937,0.43985709446458465,1.5748179464023433,2.495561724193828,0.5547704676515561,-0.25017596739617975,0.15729503357467828,-2.1506858364800707,1.0673636281528984,1.200929068688228
1.3381117167320988,-0.11891496084576457,0.44963378751017224,0.740994123311532,-1.271118836302738,-0.9773964224561297,-0.20101737337496403,1.0553824679325743,0.8111320706717253,-0.6218775320565152
1.1517013774455016,0.5322941406745368,1.1377089099801772,0.4458661507309735,-1.6472964340920262,0.1997552446937189,-1.1650170488905034,1.0609283027818952,-0.18595910699547383,-0.4703954540957713
0.5594808497652445,-0.4949728038208523,-0.03839390034034358,0.42070363824725593,0.1043890826390888,-1.6004846635954684,1.1150987798733603,0.08118393459299603,0.2799076940432239,-0.17274439029651767
-1.155602290727691,-0.6318954441768683,0.6113435894174705,-0.8885768185934624,0.42253849388956044,0.007391716071721859,1.174739919253679,-0.16453712885734367,-1.416743416295581,-0.4860397697237165
-0.33027608307731604,-0.7610596037681757,-1.8274457123716348,0.7141168054933182,-0.09076094438302781,-0.2659475642848434,-0.9638785719700501,-0.5629633270648821,2.043603588732859,-1.108755287943239
1.3101194226087827,0.8572232774345446,0.3068817841929646,-0.3994196034169812,-0.4132886600751078,-0.6602285589778452,-0.664738373296988,0.6048817586415827,0.04776858614235988,-0.48506289675996517
0.5719214715331025,-0.9510192757453862,0.9766429170568757,0.307470075023406,0.10358035716972212,-0.43777295883151457,1.8987322826865538,0.316337985396351,0.39686941552419763,0.6106237142730754
-0.7230919712134809,-0.07014141519155245,0.16757391145124137,-0.04876113267259222,1.0934835959563294,-1.761925561623518,0.547391955038455,0.24718467147020065,0.1970519271634827,0.8832257037746328
1.2254933912884898,-1.8182211941626867,0.26277198917767985,0.5141126278428341,0.873434139089662,-1.1636012015112593,0.17264390307580116,1.0981534555200247,0.28850409331884935,0.37853884575686225
2.4595538569681974,-1.6008254935776751,0.6183428019393744,-0.719642748568518,-0.48466146116721753,-1.7826983263879275,-0.442088782940884,0.5979829992315128,-0.5947014420289095,-1.8989637174946126
0.18069652368593414,-0.27180088906587463,0.10231071130482725,-0.7928996594960105,0.02836779698145036,-0.8509928940626553,0.16358205188839633,0.33057072940181775,-2.0305875367295245,1.313196076919924
2.9697089384423467,-0.11575280817035273,0.17171243982661732,0.47224668961814437,-0.10404392198398357,-0.30162298823469574,-1.0446646481936386,-0.8059917586111665,0.1707203910743845,-2.257993012687489
-0.12182363573877515,1.2390341557612994,-0.5847760244094392,-0.30588946315948623,1.7453743830433364,-1.295278920525553,-1.7647687490608388,-0.008255297200559963,-0.668620624958785,-0.4131875712029736
-1.3664592716745536,0.9235237183648105,1.4114180579453737,-0.14505367249542428,-0.5232463364297382,2.5243216635006784,0.7363982541220849,0.9165738197939619,-1.056076417199929,-0.6725098169951632
-0.7832509184306012,0.4350308544512588,-0.2151838959352199,-0.21698566460438917,1.256030507554551,1.152968758401366,-0.6164816251274381,-0.3788039923811534,0.31493352593138685,0.4680282320447555
0.6131557042258148,-0.9179066041851437,-0.0958571956915209,-1.4581992211618364,-0.4473486213241348,0.7639821060165126,-1.682061934540656,-0.607882612671874,-0.8746422886185946,0.8485690122196217
-0.013986021283194332,-1.70494597229559,1.2940482221169642,-0.7034180001272818,0.7439922006091758,-1.014715243077548,-0.35140230663042527,0.015555273373627249,0.29902019479927067,-0.8490986416709486
0.06305780523655774,-0.3458723599770774,1.1177835515541878,1.5035737684214394,-0.5725633917326094,-1.3667478639288742,0.7443389634880032,-2.072675728848166,-3.582758470992372,-1.188523032343509
1.910627128796084,0.08292296788847148,-1.182441461559295,0.8804987667175629,0.7592769473287797,1.3720221544432918,2.162482917374487,-0.39205583243056047,-1.214518624968591,-0.23046860662166588
0.49808558619065435,0.8001413022403873,-0.16443632854870244,0.4675947243976256,-1.7285814486153088,-0.7642979415793257,-0.49760916633112434,0.16162735997912211,0.07891212404357488,1.119377303809963
1.1149130613043707,0.9610324417504771,-0.28956356676221945,-0.7546300016028255,1.615391894337786,-0.17208703676420226,0.8276951199952786,0.43611626600936315,0.8899869403238355,-1.3674193127895458
0.10694831399053387,1.5626840320354827,-0.4551402585795989,-0.06615793492741069,-1.6813187335326816,-1.7399163058489182,1.7990662874631622,0.23362624712180274,2.8469280984642853,1.7307892983673132
1.059455503015946,0.4320003673799602,0.4111856566499309,-0.40179017727043176,0.2711686761690105,-0.8828818746661201,-0.3632224522966677,-0.6931724259886919,0.028961509704045537,-1.7944371742896614
-0.8212801707006527,1.4157750591745468,0.20254169979447229,0.2768755509768008,0.3088182437676413,-1.346704326320537,1.6081655971285898,0.2862226428576748,-0.010228809670711532,0.1585441942457529
0.5981467270441074,0.6098664313274375,0.9401877315858326,-0.9205286456721867,1.4091100592884198,-1.0350614815180526,0.9793746684485176,-0.26622464115240924,-0.5640129718524495,-0.42217066900109496
1.5049059185888412,0.36514888433330683,1.240674320490784,-0.11440833378493034,0.7646434265735571,-0.1253448742781919,0.4944414862801746,0.11498139028191168,0.667991653575349,1.0460871812678416
-0.7592181662408218,1.4664135603418214,0.7037185582101264,-0.5832099620169078,0.5315492661261504,-0.011342095085702266,0.08455735498456207,1.1568304771831348,1.5635546138601206,-0.5463196466174164
-1.4668825967950005,-0.1899475685247099,-0.42968609171314887,0.4318331384473026,-1.663672117487912,0.17082232704647657,0.7237993789146127,0.09154106585195006,-1.6360517266024268,-0.3153778764758779
-0.5917395325184845,0.29321663000947507,-2.0713160311595527,-1.059678424392133,0.9107231904432861,2.202910409155986,0.29835749466853423,-0.08216371108053644,-0.5949031957794667,0.49785443734239226
-0.5631714347690995,1.118768772664892,0.2704264061773765,-0.26526975174655953,-1.8985415341571708,-0.8001288422747357,2.087481849467395,-0.34779293070973716,0.5537413650322481,0.6015411871315575
0.04136318842839273,0.13085477300463066,0.34994820561458395,-0.2867455338745887,-0.21467489151590613,0.3370914099849855,-1.391885647144091,0.1392019267590864,-1.6076143454912644,-0.03500738067552249
0.8686616328479505,-1.1681471070923013,-1.3282378933560628,-0.20080823657551417,0.29785863580704947,-0.6744013937717676,0.5328795055821569,-0.12688074236711264,0.45278795523629073,-1.3489117938626436
-0.8800527561957168,-0.1400148265229153,-1.4927194541986761,-0.3470604277978082,2.5264205697385225,0.21459405987953104,0.3532652769458485,-0.6975766400932863,-1.6764661871413442,0.6925492459622536
0.3620263746742112,-1.0182656432172734,-0.05857247937535995,1.1773518194366164,-0.7477900462753384,1.2847152746876604,0.4810237247371485,0.3794239060034064,-1.3459754584236692,-2.334483895506779
0.05194636452373069,0.49016626516376993,-1.5369816593521914,-0.8944226517224605,1.246552372306219,0.37874751655660155,0.6084532341677564,-1.1408439081591066,1.0873270939520014,1.1331055887713068
0.5031859670633,-0.5219279731741946,-1.5367941054958965,1.594015023568721,-0.8953039185531836,0.5557571278453076,-1.5290509272508976,0.5082057561370463,-0.2086449187498925,0.4272959938153612
1.8311192541705754,-0.18783924729019288,0.7551260204928268,0.7966501996753493,0.6539467409359071,0.5575847440771692,0.7679276064065674,0.7715639239762783,-0.08924768869255824,-1.4294836085725813
-1.353152880022738,0.10578274703700472,0.7617921372651358,0.9523160060390291,0.9519872524258148,-0.6951238744035992,1.9296848798903319,0.44734699540380735,-0.38442941300891026,1.3374512593019068
0.39144621239191263,-0.29489049929309363,-0.65425995941314,0.3738560882569251,0.007166368416030447,0.7647218638153881,0.039365551378990074,0.48385733910376505,-1.4878249872935791,-0.7047496267573815
-0.906067150262823,-0.588690628758575,0.7220258364926763,-1.0772171135227486,-0.37268506968045717,-0.9384876906916804,-0.6228880074424062,-0.6555795656030019,1.644117449145438,0.2885113700037886
2.1613696483363185,0.274631696056468,0.2275407061985961,-0.7394116269238187,0.39559318233289087,0.9888310883153946,-0.3420726840134194,0.9941670879578113,-0.8782222220691486,0.7441591149759709
1.144725911536303,0.4194000428331786,-0.5994617108886349,1.617643299682014,-0.21745795376912294,-1.2675662635801468,-1.971708600854688,0.6354836347321503,0.30777001781010105,-0.006938056579586744
-0.5242025127954849,0.5723367683628802,-0.8168006353745687,0.7226454202750592,0.073660119392113,2.22258604800807,-0.03823085529674792,-0.840498816751885,-0.4483773440078454,1.3157104402616182
0.5849256246211135,0.4183346140379168,-0.9767872258715126,-0.14811579722704074,0.37436004036058235,0.7328995692021689,0.9812410598632858,-1.242426034112202,1.7654752314388065,-0.22307962075873347
0.22485895072187043,-0.3074762476261522,-1.4854804555469907,-1.2313680370872255,0.8422876947459929,-0.6247161935779334,0.21576891567193918,-0.2525590844981031,-0.5133480089100089,-0.6918230112694941
0.5533525430928645,-0.7993320910643583,-0.9361605689721588,-1.4095721745780463,-2.505326790109116,-2.1765092633845997,0.5252814188675171,-0.7000888351552825,1.0483838620619066,1.0712730551763225
-0.16120327941975843,0.11137479026386493,-0.12572867099284166,-0.2661326167280679,1.3159272467231655,0.9001024245227877,-0.7463854660026543,0.22081254884190796,1.257134691478386,-1.6427890821943638
-0.06709196594318492,-0.7011785369159415,0.26389753893687945,-0.9106385836985813,-1.7011386679542955,0.36044775385885175,-0.14879004595878353,0.8318902425552412,0.04862869654792739,0.0240185146489257
0.7464683505978086,-0.7011818945631801,-1.116128691150278,0.2172076178862667,-1.1672690156150993,-0.9547662663003399,0.012996298625018556,0.49660157834058777,-0.6937562754051638,-0.4564623736079828
-0.8884453869488299,-0.9480147521451477,0.5881693772205545,0.02974075229460682,-0.27288684158448684,-0.5088472959189222,-0.43691120141374745,0.03982836711025675,-0.08737278031224802,-0.07242958227878198
0.7752042913877887,1.2103501600899733,0.3527785157448858,0.2636973737924196,-0.953355655521679,0.8039195672895117,1.2169265009473729,0.9529695126623586,0.9845643367382596,-0.6776035026637787
0.5996003688775577,-0.7037194735373821,1.2275132812533005,0.2253097077828966,-0.387932331785718,0.43531893303451263,-0.3997701838216798,-0.18280412026509774,-0.971366855172926,-0.6628017788588851
0.38839253598546836,0.58017171498764,0.026609079519897338,-0.28715214595792626,-0.381842559586731,0.3155799011018013,1.4400400438205805,-0.7548008349184463,-0.8025813414139297,0.20913975728863557
1.8083395344569948,1.8716410598704254,0.06298113380640435,0.4168102076057132,-0.6878209083584879,-0.7010224522950256,1.2579877704416813,-0.7540293602807566,-2.8763089871010266,-1.4751580883269442
1.3171710992253207,-0.26339075021697045,-1.5583239126383364,0.4363650037319074,-1.0209817311277216,-2.067228689701715,0.23789479492559276,-0.6926788356556178,-1.1295035478255873,-0.6583223383344748
-2.073549831860323,-0.23993397734890365,-0.04890798883330563,1.3946339639380843,-0.2785091421241109,0.8854732049049441,-0.9878833744381283,0.021292656282761363,0.09128477802675453,0.19123514405285671
0.7444143460642476,2.0309641742078863,-0.1954161859395256,-1.7650619481394896,0.3925958241818506,-0.2056942262740752,-1.635286289771807,-1.3498499751410495,-0.09671358638168497,-0.5940463152090723
1.5638603422131887,-0.5263478595294728,-1.3226878120959626,0.287123579993749,1.2643239589363813,0.873153257214397,-0.18232223729714253,0.657276307459878,-0.6957926743411401,0.768281528631216
0.06069159521462241,-0.7042296471821792,1.506897937094333,0.7906849011243366,-0.39901077287937375,1.532220369234128,-0.21473578767430612,-0.7394655241257964,-0.2614476266508498,-0.8489165722062809
-1.9248927384071455,-0.708981549106815,-0.24399129054369767,0.5787178521136508,2.4103732047121325,0.9822173575554978,0.079387156969855,-0.08521250484583812,0.048291350806394705,-1.2499917910003444
-2.66581777634745,1.9973977101131355,-1.0271308217155664,-1.1863262780789867,-0.9335024777837744,-2.329916259869315,0.5490916789637103,-1.2124741175554885,0.3411050412464095,-1.0421941613899757
0.20251370780868033,-0.02972743337640854,-0.06662795398977409,0.7876551567757147,1.26704008870491,-1.4384561272653376,-1.730634799836419,0.21361635923962524,0.901554749672573,-0.527437406858675
0.044132662922193124,-2.3657502457585378,0.4517457856095246,0.3078081025622197,-0.06971532100378428,0.1987151159760344,-0.7684339311413619,-0.1331241524405259,0.49833048739005886,1.3440947645024424
1.5672395957399792,-0.16673478313306878,-0.549282511340568,-0.8141948711460738,-0.28060629191365766,-0.08090430232940284,0.5008516038724878,-1.37694673454654,-0.8433354411581027,-1.6883706925430377
1.1255123386646098,-0.6325077589095808,-0.6290834491722352,-0.488188346866483,1.7533338276269907,-0.0891380247146144,-1.3435953824371116,-1.7420434835240863,-0.980172548660413,-0.5093007722358288
0.9044433111546937,1.4971433467270294,-0.27855933488244045,-0.519174235741618,-1.8741531558694693,-0.41479940812447796,-0.46179464224900757,0.5250449010680562,-1.3963561603619377,-0.1823879713850666
-0.007346557749258906,0.045060772378846675,0.0867379148552908,0.15869520657884514,-0.39764187800119244,-1.1916583390186868,1.0414682623708145,0.630369442665507,0.6739969706099703,2.324066740687754
1.1095747393856985,0.6191326163600015,0.784101678007055,0.08287638269339599,0.26738657725784437,-0.4392040191402627,-0.5646194746427877,-0.24598970845730103,-0.42944115412376815,-0.21029203292009296
-1.0036809003029261,0.40633802931570323,-0.5568749107463998,-0.24684813761953228,1.3579616795073552,-1.0708318325760147,0.49964772496501736,0.7894714842573165,0.6519120925632287,-0.5586559042068606
-0.9657583930803074,0.4858019203627252,0.43845271377304224,0.8523369144014372,-1.0081563712521167,-1.4382266486890896,-0.8588642206626429,-0.4048958864920974,-0.12604487953921242,1.2030779617575553
-0.3349629032514761,1.079705696147252,1.7976755043966457,1.5101642284145913,0.592640515772761,0.7993759074955724,0.3883156971637288,-0.740932492036318,-0.5378140632619781,0.8415705791991878
-0.16678906298118878,-0.6437683714739866,-0.39614356941681006,0.6187293662607617,0.7494772108598321,1.8887557232940508,-0.052206947186794576,-0.1131879554650149,0.4351362888964704,-0.7852917513145518
-0.1086191034969957,0.8995130295886806,1.6250535739545555,0.15945714006063827,-0.9310115687803316,-1.5025042751052384,1.5211732768231698,0.7947342879090988,-1.3432459128727718,0.03167614243283382
-0.2929418735613206,-0.7365344190547475,-0.2988767058604974,-1.6318342876079865,-0.2314002796713816,0.45547831862315685,-1.0254199469674987,-0.21254625633599675,0.19020220460063816,0.9642716481474066
1.0070758595505198,-0.9703994243836978,0.08202026884744325,0.32973321936385697,1.3116591975454934,1.437047580705678,0.3766884926882783,-0.5519937996399719,-0.9338992989175395,0.6092165691559317
-0.7625083555819729,-0.607116534064019,0.644831910649669,0.4944451871522923,-0.9136454993855649,-1.6779036129052995,-0.517438306017332,-1.7351002779796405,2.12911408661515,0.29084050541215506
-0.9610715173240988,-0.7910520001977028,-0.6126532005227475,-0.45398336579588455,-0.5733100712901962,0.26389008301267347,1.819732221613902,-0.04538505609153199,1.468656470416881,-1.3984370547620022
-0.5388556268109645,0.6586084910922495,-0.3364660259463918,-2.1254069267117504,-1.6602891471588899,-0.26044599613486696,-1.3803362514081277,0.3029595211452879,0.4835070439745979,-0.15056720475360352
-1.9829093893544076,-0.4660910974754285,0.34866095704852246,-0.7018276113493432,0.9574479401313037,-1.0757530273264304,-0.01319481385387072,0.39532927541991103,0.013249000820942667,-2.0095983058665703
0.5247475554918338,0.8337361489026658,1.1577407070926211,1.5788404038752701,-0.9419515795224165,0.23653134241196194,0.48613038598107317,-0.06294062517352646,0.9651469382484849,-0.2103939110349958
-0.6904797860376252,-0.25157554109598707,0.09256777637106331,1.4938170838364784,1.3783305735992737,0.6921028846623989,0.8641503669416035,1.1826484201756264,1.3863595103723008,-0.4277403593476382
-1.3914065283491182,-2.0425105912908883,0.3356239182509626,-1.6957278003892116,-0.1630045467274099,1.684902539703006,1.6613213430050795,-1.0481604117650984,-1.4385680220703956,-0.755647611805597
0.5553963805326894,0.744846725264365,-1.1431204496784437,-0.36346528900725267,1.1328407469015291,1.4961085086408177,0.6012465677055461,0.48763508650117815,0.18586231476141918,-0.8291680951914535
0.15409851686095963,-0.14688071377309142,0.0837623849732925,-0.903179410583805,1.4163299978096184,0.5548637736533916,-0.6927152629661276,2.6341851520605206,0.3864149025446982,-0.6809282977956366
0.44099311542326514,0.28826724119054037,-0.023110323345492248,-0.09265875746375007,0.16092377772754682,-0.4485550866635002,0.14392795430217198,-0.731541663262421,1.0943973411543446,-0.2766053955418778
1.2114188663360241,-0.31323085861053324,0.30427024243442025,-1.1825446312067187,1.0087698511464565,0.21442157969270842,0.19407972346339528,1.3933680830283348,-0.18278766087138534,-0.534585803952173
-0.6788071726858874,-2.635444021401673,-0.1666949308136494,-2.376999323443799,0.7903931292875751,-0.43884307428501546,-0.7867535569736358,0.18604087717882006,1.6076903217720229,-0.7719206228154042
1.7757097217498972,-1.2050776591576629,-1.996703040141692,-1.1001607673831182,0.25751768210649906,0.16602924843711397,-0.17780630878423634,-0.4353624065398212,-0.864526585003513,-0.20306332997931506
0.38338227071461617,0.3454898784022411,-0.7679840661436145,0.8589175949791332,-0.4998233473043313,0.5042808207306018,0.5289844450247074,-0.08387918010091541,0.7724612625148968,0.9069326813936562
1.4767031461258295,0.19649557415388239,-0.128736206236845,0.6253664290550449,0.11907981469852422,0.9028040442304712,-0.27607893835486147,0.011548011970655091,0.5491890754914972,0.9825661173254134
-1.0519690871458445,0.03224939291987123,-0.4143543340502568,-0.5226258460058835,-0.436228649917414,0.082093592107415,-1.3900218137346065,-2.6107430978346664,-0.3616600079308276,0.42633053997729303
-0.3181082838036209,-0.84018812611665,1.357580976289399,0.2720639462278374,1.041393899826316,-0.6285767506553251,0.30787999962169665,-1.548800468232121,-3.8978818502344965,-0.8270195753415338
-0.09250887491692113,0.6898428493474901,-2.190931871457255,0.3575964611761876,0.1293173328879057,-1.631506678914878,0.758954576910342,-1.9023295100681819,1.671052920111797,0.5430550993544885
0.6012710555884176,-0.20294015816606992,-1.374328047001859,1.7474914002982387,-0.8277122341487545,1.0629786768275746,-0.21054771155938978,1.5371409791226545,0.32091751538867835,-1.1964687647558434
0.04626984509533917,-0.7746524440682848,-0.5412146566067707,-0.48731539193552587,0.3602985314891085,-2.655750686178342,-1.1964967327224612,-1.349697313029089,-0.09631681686228188,0.9507044313798138
0.8378323983937948,-1.4842722794066414,-1.594000547121088,0.6227497604785966,-1.7137910071388474,0.6053636596131803,-1.7271405507315818,0.5150074210303394,0.055926166667154914,-1.3159362368901826
-0.3428412258875919,0.4965273034526799,2.1389615961953083,0.009801998752434309,0.9298796751762625,0.9527485030531628,0.02873438939641652,-0.5494424788395987,-0.046881248791471576,0.14944699379526175
0.2987695941613296,1.3287809938745305,-0.6180915781613564,-0.060841362138613936,0.325196254938591,-2.410846799148551,0.09418566083161622,1.289413835322304,0.4183173473222907,0.2139723668425887
0.46454581915318105,0.9142274152908162,0.983273173940822,0.23628305920548756,0.5577939304240461,0.9273810165593771,-0.7334536940588661,-0.4025491159559308,-0.9813863169037813,1.8308533241837703
-0.43508657805161294,1.4481428034565587,0.609411117630306,-0.7281860691915887,-0.676732411630189,-0.4922651421871954,0.9885273380245037,-1.7795097804820863,2.0983495888695702,0.8607194906293602
0.3737481820787145,-0.22358829049583204,0.6202912508414119,-0.5704493357885471,-2.116413118004609,-0.8529166351645839,1.237556431086211,-0.41200181896172255,-1.30837042710805,1.5112551563108867
1.5881574381996466,1.1072979531263352,-0.2137617326422483,-0.49293955226811287,0.43789214249715575,-1.3492777799276126,-0.2819315041853484,0.1718520423764939,1.0249868115493928,0.1665921588034977
0.3743420363572253,0.25431117446879353,0.05922545968420051,0.42687563079084145,1.7941747885892154,0.26100368937683693,-0.05545123922703669,0.8576525206868025,0.11652625894244743,1.0616716147855134
-0.7215918836120041,-1.0884709530469474,0.0005057082393616894,0.5175054875979159,-0.44451033209627244,0.7877847835474802,-1.0379863815732067,-0.8286214677145645,1.6554624979656036,0.6988394518950394
-0.9629565239580147,-1.109093938886906,-0.033375514694790664,3.011287218547281,0.0622924831371198,0.8536441216320877,0.0726864173025214,0.1476355100008376,0.030643500169034943,3.0623284195337535
-0.5587640572971068,-0.04198314754348837,0.5668414879036103,0.054588697589379565,1.1947131078873343,-0.05066742207807002,-1.4917506219215606,-0.17502494948256409,-0.7452505940299408,0.23718799176480204
-1.2153939696690597,-1.0018440506182604,1.300557183921334,-0.47794321548402285,-0.9783585848431428,-0.15522677370243482,-1.1659963391545174,-0.26753481516258426,1.1652186205072945,0.45732508447129205
-1.3282415843976507,-0.42064419195949176,-0.41646698592656,0.7414231229779356,0.41361608767675245,1.601611316262398,-1.290185769579664,-2.702695910080738,-0.8152484297636975,-0.3895978198527169
-0.7731501963797284,-0.2869386306203582,1.1518964245683014,-1.0672459683044278,-0.5748588760022544,-0.25052752541453976,-0.9631434273657044,1.5855952073252644,0.18785772693324942,0.7533351777823585
1.7859907027802089,0.7723519093240936,0.3527926286320793,-0.3396733444024287,1.3184354393208089,0.2663749130311844,1.4617101499443328,0.2671530275673365,0.234318698203603,-1.040007674972408
-0.16023956132495842,1.7950844004756865,-0.2593868834273365,-1.2726983975211101,1.6041032174464707,1.5834656999222498,-1.1275244755188396,1.4311410957018256,-1.0688992908726378,0.2705362710972691
-0.184640448154767,-2.3899189948198654,-1.7103246213510002,-3.6084632480409304,-1.0852481308503916,0.5546421664441111,-0.3594696049039342,2.441119600384579,1.4512128373997544,-0.3410520624458982
-1.6130884581231237,0.1136862769092652,0.19834270777303561,0.6429763855374416,0.42950377864474765,0.2039638361223723,-0.697107385727056,0.29352347596972633,0.3693334710591686,0.7541919989632635
0.016039185888419773,0.3566818083297614,-0.24138793657345398,0.2501224505422128,-0.5743430894350243,-0.9154290600290385,0.3548661781296007,0.5005185443792346,0.6810780689259079,0.3505577415489867
0.17043716400362036,1.1032576978936648,0.7198595415016539,0.3277635998826595,0.3742870390585776,-1.0410063335566897,0.2619094825771169,1.7747452526418612,0.9770340644778961,0.564114950518179
-1.4609710721481,-0.19385412527801793,2.207959383145142,-0.9031884782011356,0.2613225281800783,-0.1036649531678006,0.3687436525531368,1.514961353468654,-1.5424509035173313,0.7687649886834423
-1.0921990649125601,0.11018466599229179,-0.3717467585646065,-0.04827419584379895,1.0680387005114673,-0.5307956217677291,0.4129837190917272,-0.4893239076200994,0.3588713394148934,1.2210355558821104
-0.7621408882595812,0.4123296876267013,0.14353710845546921,-0.15905701255726298,-1.1803617839428915,-0.3207955840290032,1.4294597110881537,-0.25991253072255194,0.928924325241424,-0.12254246977514256
0.31510468086933596,0.5769138756417493,0.47318532664856205,-0.5526656710547558,-0.45328408751904403,0.4460779298110749,-1.2563899729758903,1.2058289077284403,1.2028395923486277,1.522406153001593
0.5208726138034404,-0.49828213509508334,-0.40454147410988084,0.9532464733750584,-0.23205872928061316,0.22515753320182533,-0.363136928652079,0.07474125187520314,0.849993506797709,1.3326222390612366
0.7101174777280247,0.04044315101099463,0.3687751804828091,1.1916689208316185,-1.3813508597631137,0.025818834869963937,-0.4340626863318032,1.4579987316697036,0.23109250439000595,1.588096562808025
0.9388752580277091,-1.3118967596552498,0.008572528755727863,-0.17311602720404975,2.3278627423876013,-0.3137093542363082,-0.007456814565652518,0.4070781045636561,0.15770513768753222,-1.4404082037874029
-0.6892222783059099,0.2463362994991845,-0.7707082786705756,0.5100933773874236,0.06328863407923742,-1.1310289959320357,0.32007073375547707,0.23998997989514853,-1.2801756277660754,0.8374143916275129
1.1883346563305073,-0.808996563312923,1.4128044682618681,1.0218026009346857,0.6964759978686351,0.22710435977721757,-0.251719282472257,0.43182506247193064,-0.03656967611234896,0.23563249496851857
0.0190744342529418,0.04543182953518215,1.555440191137472,-0.5450605076404709,1.077706296860881,0.3000420308726331,1.4854458412678293,0.3620789808247458,0.3762615391318986,1.172164206408378
2.4141735847311065,-0.09671076641894669,-0.9070547636353725,1.773695936758561,0.6776560331592205,-0.2157451824926803,-1.4992986414540954,0.04047025991628086,-0.31044697354245704,0.10164877815297242
0.26881716853275583,-0.9330354428125792,-2.012084443511173,0.21014880579199444,1.146064412499374,0.6904758779580932,-0.15511026418098212,-0.785022618574075,-0.10230637199647809,0.096348238639218
0.8796847742712771,-1.1687878586649232,-0.2718321318163232,-1.3845436054131834,-0.3951048219663931,1.8211293936082624,-0.49761981110935527,0.4567173958661261,0.13407001848948746,-0.5596720418322848
-0.55670255154932,1.4733903810855054,1.2108401437173668,0.48820906296480066,-2.850443177895745,0.7260094558790978,0.9829213967603964,0.12490777099540731,0.28380121346867937,-0.2639461432144836
-0.9027741450079976,0.7202842228711375,0.09240874585929289,0.1626638597017259,0.6119874089784066,0.6760332408967364,-0.8202261161716674,0.21714314542108099,2.2642881211948556,-0.7185260753985149
0.24343844533670184,0.2037681883679327,0.4545368906069251,-1.2827180663786653,-0.49953417253779286,-0.43739597055586843,-1.033808926299905,1.7548312891387206,0.794898210201096,1.3410094187507609
-0.7288507262808968,-1.422067293448019,-1.2434528984035547,0.7483197388462088,0.6663437616483288,-0.08728182012003492,0.29432137440856765,-1.8436954583102703,1.0603271049012861,0.46383998619052696
0.6552138688565026,0.8440779134883446,-0.26862692866402954,0.3266098859121494,0.9976968597619004,-0.4793816961343216,-0.538383256147185,0.6288732987458014,-0.1532141617284223,0.14063807267803113
0.37859781516461954,-0.4526100753968015,-0.30336944542082084,-0.8238624167106986,1.4133259229379742,-0.6081775128744503,-0.7279122893175812,0.9494280724629103,-1.9101664671144634,-0.7800001304449731
0.4056011808716127,-1.3408491653670602,2.042474551484209,0.7388226863299,-0.7539602137666066,-0.39410701083574434,1.5680004125632605,0.39370212001710525,-0.26037564946168235,1.2843442487286545
0.42611736658080246,0.3234006968609551,-1.6808971789244262,1.7766953671504528,-1.2986983754941863,0.4489358931812115,-0.9615519391945331,0.6009738087263926,-0.7432095888182915,-0.5422213078627727
-1.5946779920911411,-0.3592445410486738,0.2747112585180421,-0.5960069060789805,0.6350141825399978,1.220233918793593,0.7961714663696327,0.7720706801591303,1.1944480076486832,0.2578712062649685
0.770420032696148,-1.4939509572473293,0.04254323629074468,0.7351230769948088,0.7890099282569597,-1.1264344230813095,-1.4881203822542652,0.16693585259648272,-0.529431856439106,1.0998225234061112
0.7910221796664668,-0.5485976531696994,-1.2616194092743893,1.255878981985771,0.8275035174491038,0.8874947446549966,-0.417981586973362,0.10518429349982346,0.40725584398040365,-0.5302640344615015
0.8598205570264289,0.9846284482081724,-0.5322325296183327,0.39677244561274927,-0.8602713328206525,-0.04260788876428849,1.3650330201987553,1.3444490631070567,-0.17638914667702868,-0.6631589482558695
1.4745469914450908,-1.1321790976361996,-0.46966663203078085,-1.5927301418926367,-0.17597379134740107,1.4687337750348317,1.0375272725826568,-0.6699208131463066,0.1644179208959538,0.2424601614956833
1.3532155612137766,-1.551324881273948,-0.14213698030116634,-0.26807243305361117,1.4627514840480602,0.28194788395829345,-0.40859214214610373,0.5704019898592965,-0.15897477336014065,-1.8344620029837633
-0.3873542334012966,-1.2777815649703643,-0.18052702698484283,1.0830216846933387,0.3116075744035797,0.5643539837103585,-2.5518501186373435,-0.9464447477286305,1.5111856106053447,1.2206778041448065
2.411654452316513,-1.8732200428815993,-0.07362411447112376,-2.5421206963077183,0.6699083262214092,0.44681928436519547,0.6787757181262449,-1.0240683319935848,-0.586964214236608,0.20875213342345483
-0.33804816102644336,-0.7219751451173695,2.5126639567773683,0.6809728002449255,0.264329689750157,0.708565222063356,-0.2336729173296369,-1.0734751242563638,0.303337721298772,0.9575869521070727
0.7599798109110767,-1.279607316173466,1.2657646799032565,-0.8080239805221849,2.5951219153172422,-0.3387593100376921,-0.7690109933031897,-0.4955278863718329,0.13886661903133732,1.0310783151344551
2.142089498789947,0.5337186763839536,0.1620312157671346,-0.5124003527297896,-1.0911880464173582,-0.39170944145564557,-0.7628093951608442,-1.455838058461046,-0.594820250594953,1.3663874837526757
-1.6093685815519607,1.0885286106060663,1.2576055469768272,-0.004886465664319571,0.97195765103667,0.6843603252640861,0.17858712116223932,0.5720241379580103,-0.41203503010133957,0.5753992371437299
-0.6511971483811742,-0.7727194879028999,-0.4481390147220602,-1.6376222780394545,0.5378246727810099,-1.1400237050356177,-0.8135793007902093,-0.5748978551502574,0.2859101774689557,-0.4438640108101129
0.24785352878893177,1.9453543458208902,1.0564290252223438,-0.6724367378973282,0.19306504491540838,-2.222011727412097,-1.9756384317775408,0.2145930746342223,0.8421094266748319,1.7220701350807537
0.9920485288833671,-1.6865257406216978,-0.559352667031765,0.8316466998230478,-1.0948604146320322,-0.7618878114159365,1.2427671710475556,-0.8004368170256281,-1.2573640921211509,-0.511581842769986
-1.8635582728948596,-0.1884867244967317,1.0398568036552212,-0.8101846985865616,-1.3274231717931577,0.7682917030270578,-1.0863566452032074,0.10273756179796575,1.115306192517518,1.7887555501540302
-0.7864471385294568,-1.2173946614837674,-0.3140201191793474,-0.941664035682997,-1.0587869596061483,-1.7603579162948475,-0.5787843179360147,1.8256998884891134,1.4654394480403605,0.20060861506913857
-1.2274685465479127,0.11888062313159521,0.63933583703933,-0.47991875983462046,-0.7038628612831769,-0.3596113747366906,-0.263648514093595,1.5112118168107362,0.8512827987686757,-0.686076626327481
1.7476671559799795,0.39424367136849137,-0.32565562295066325,-0.09002880469121036,-0.014446634548608174,0.2146890296972793,-0.3506451441264816,-0.28064445745746636,-0.729966442901973,1.5988885590574606
1.4495637628023763,0.3453503576342587,0.27373952431783155,0.6835868131511531,-0.6107166445688678,0.4953894804754083,-0.22006050486210027,0.08040438006799631,-0.43207477342705325,2.6861270861707127
-0.17959471104904676,1.6064966887327827,-0.004739597551366127,0.01888567740343373,0.08732324964166827,0.14752302806438064,0.547028016815756,-1.1495060022028545,-0.3180784566740989,-0.6230805143545675
0.5806279953322832,-1.4639367088991055,0.44477394363103595,0.6313308988799229,-0.5773918067249251,-1.0105840442413005,-0.7827173072204291,-0.19737078083644144,0.20370346617103477,0.5335674642749334
0.663251235766164,1.6126687409511957,1.0690709407061565,-0.3657385566312317,0.13290112428533893,-0.4132509134938561,-1.718922147039029,0.3680733463317343,-1.7182589772929644,1.542584657957638
0.30496061219968174,-0.6878620537237844,-1.8196580980389088,0.05701404155433829,1.6913691504368313,1.311976668236016,-0.9956671286428996,-0.8883520923867809,-0.10101792697091272,-0.7113698232410629
0.140504407653348,1.3291364919567765,-0.6745286699743054,-0.1779658290806611,0.5194848300928934,1.6718160570508582,1.1550965725751543,-0.9848865551967768,1.3586840615936329,-0.9478373283267153
-0.6868485954906987,-0.08291464357443415,-0.2993215803447389,-1.5180289705999188,-1.1729580595624465,0.4543954862219436,-0.6890205381736925,1.3904906250693034,-2.09744280656522,-0.5157780540611018
1.4900589555583508,-0.639406105738553,-1.2916236616989063,0.9686534315896367,-0.239053863100083,-2.1756541551670594,0.8345652808525702,1.228819809571793,0.2377903595581178,-0.6477559251771934
-1.1879856558231319,-0.9653670127231068,-0.4288310306018615,0.8284079421091498,-0.1782284057126074,-2.1016137374186776,-0.5257086416244884,-1.6718108973748047,0.6301612033977134,0.5277215067870961
-0.5737567009321572,-0.21507665841846887,-1.7959366387595657,0.4393660272966756,-0.6670285738391395,-0.19864895647348052,0.9633673602869411,0.8647243513608125,-1.3293596476969054,-0.6900830207005278
1.433021443913658,-0.45301645332267876,-0.07098174318903801,-1.1268062613445493,-0.0025216665817279923,-0.08512213296697897,-0.28560854990915957,-1.654697549666381,-0.3105904459269745,-0.25943478163575784
0.99768046838444,-0.6976594747653807,-0.18809455452359192,-0.7961714725826805,0.1344732586794737,0.05197590411491548,-0.3024925559665722,-0.07123181645776958,-1.0083892751601615,-1.1413778180141163
0.18506996736678158,-1.2866565668694736,-0.4934891471972835,-1.0253719534543992,-1.7452427294754118,-0.4855642129400645,-0.44547086832970517,-0.6276783908828276,-3.699566521742538,-0.23305732185633077
2.264234513498473,-0.37385025745817063,0.2867789132049175,0.6874625534582771,-1.0661184220180013,-0.5029081063310126,0.9310719906627459,-0.10487065052086005,-0.8107119397194166,-0.665911295930766
-0.40298644876184747,-0.0532158677501148,0.7602456007652382,0.22655216798882602,0.8466357805288096,-1.874400721838083,-0.852816416427582,1.0767644351863472,0.14611371258886643,0.05605425024237103
0.5736418029497172,0.30962509345593664,-1.148387854281328,0.21873420147954772,1.1227827260413192,-1.8927011678875159,1.4849322405718202,-0.8354137460496323,0.7274247491967222,0.6419576468614538
2.096074527316977,0.795955481672716,1.3590439328130497,-0.6201999790661634,-0.06905388045137079,-1.0182280760185267,1.2365896209738698,1.6906722925601634,-0.1556637234940819,0.6220683318350715
0.44224430512872653,0.47961427719427524,-0.4993551088544862,1.018996958090162,-1.722989198185023,1.3806663739343126,0.41500007042151515,-0.6068519128346812,-1.1781590227721561,0.40221263393947093
-0.9812954474610146,0.00200127334772495,0.4351257861589675,0.31475749683982013,-0.5589957933833994,-1.5274985222084216,0.7161118945898632,0.044746293592644946,-0.765753054946834,0.20998383135025536
0.06331206621268907,-0.5824026741077176,0.7646855398237214,1.2509282260534424,0.4862694079523324,-0.41143881258953824,-1.5901255704869741,-0.6052913719960952,0.6431729735788905,-0.18310092151517182
-2.572329072008497,-2.255259786584169,-0.5448106386190865,1.1427686022768133,1.5021778729995805,-0.9610779877380907,-0.8816681675902818,1.3998126022842174,1.7899955807699701,0.8768956579928319
-1.2808732097725497,0.442478582123296,0.7448034066253985,-1.1986421501049889,-0.5092949912000344,-0.05605693417844904,-0.3385278573938628,-0.22001043480800353,2.1863564005909395,-0.4657254948289736
-1.8410730515975218,0.7596238457216611,0.679356701525588,-0.19761121742663643,0.4817467351788428,0.8750251959943995,0.27549855178515575,1.2127838926981636,0.5413383768012437,0.30078680089336557
0.1474487573402435,-0.07926156504139976,0.3001827201314554,2.0812481299463252,0.7801247781524673,0.2548404313211929,-1.335009873863298,0.8763979342291014,-0.002986471336721031,-0.3501141711977851
0.4841384449653667,-0.3371782496848749,-1.1348113320210407,-0.9448552077073518,1.9277718161249442,0.8901003515439782,0.3757427457847736,-0.4310597756168468,-1.533641728839088,1.3962636042788499
-1.5816279588541153,0.7281023179473357,2.4489825765241355,0.894302982105252,0.9430201952014317,0.6345424096584052,0.11696868216066614,0.5986323545060702,0.6031050602381797,1.6332272682244775
0.09371361078779676,-1.0745848137271672,0.3237109714180124,1.966620062711977,-0.14686332915952507,-0.44089302475708286,-1.3139936261466794,1.9212877096807894,-1.0532858979651938,-0.16871387480438885
-0.23321037843215411,0.2995659578507901,0.7234332783316231,-1.079431572622082,-1.858640872951226,0.3098952821754048,0.44951849166049634,0.5027794819971386,0.11248254921491987,-1.0742291929786194
-0.6621867956160012,1.2738040828882005,-0.9542334221716667,0.0012810395751200276,1.160731398902976,-0.5751621538418346,-0.33121246058758597,0.5866248591406215,0.9075476243484091,-1.6495689266075553
-1.3452390982479197,1.0967437147521188,-1.0823959449825078,0.10978642805248702,0.29301938008351064,0.08862400366598347,-0.05549806610674385,0.014030920464301898,1.5844360848754724,1.0167325096380886
0.8258565982725624,0.590849302520996,0.6232202564301387,1.2367661964848051,0.15858237493242985,-0.9651065659570128,-0.36066150407499903,0.601318137512937,0.7554031386030051,-1.0440913707959207
-0.14860636221572404,-0.18488068686919196,0.22645274166426985,-0.052536097650517644,1.6384753740475388,-2.4931744426403837,0.4607165465530754,-0.21739508738553948,2.238594146397136,-0.7885280472621709
0.9373692393778974,-1.0736696055867254,-0.7136566299357637,-0.034809256162084544,1.3898819010190566,-0.5439993977592485,0.8020450145227618,0.971694512966765,-0.5320514873238973,-0.2347856272396853
-0.35962660624438597,0.16583605775759483,1.0106301432943758,-0.19013521534604447,-0.7648144743845106,-1.368030822950481,-0.26778284686864673,-0.718667970476645,0.5715179382116709,3.9966369893615905
0.7580344664197978,0.6479781366117334,-0.02006722233737792,-0.4764389547160261,-1.4420625113222256,-0.4270579693724425,0.20954660316117235,1.4001960375873337,-0.6090145240341198,-1.1057031884226385
1.7642194965673288,-0.4048599813492353,-1.9751544074590484,0.4798041974690552,1.510215731164098,-0.7416392162413804,-0.4868783926853841,-0.4396323854121174,0.8270463054036242,-0.6288488094871393
1.8296718854321634,0.15875438746034665,-0.06017157905410512,0.8209596728117371,1.806900560869129,-0.37547947008016314,-0.13006774825503978,-1.6764840202195717,-0.7883080884645918,-0.4880925103224754
-0.4238690136194672,2.074328744161794,0.26324019473413474,-0.724573231524447,-1.1829690308076066,1.5444276884022268,-0.5293376969548732,-0.017172995057071403,-0.3374073370869804,0.7180093293120445
-0.2881448604651796,-1.3864757790107407,0.5161418477540248,0.31420398696808804,-2.1613686029545938,-0.48897342140135547,-0.43469742305278103,-0.8176969359472887,0.16919781818204552,-0.16234332149086086
-0.8552326042958891,-0.2773976386946922,-0.4706380343212371,0.6349480324305764,0.39947182059860137,0.2186077609221311,0.6673830494535752,1.481966432025939,-1.331048636567213,-0.5209209024671607
-1.2572845908031054,1.0742288267195637,-0.4532334450471542,-1.168496091430001,0.04244241143479139,-0.04122620500156751,-1.2162909783147855,-0.5071549540598577,0.3851018324418549,-1.1408423281484397
0.3302548805538922,2.7551364201756314,0.05122947206470314,-1.394629109534479,-0.3275400581623327,0.019194634286116577,-0.26905099501003454,-0.9719499082045131,-1.414342988550095,-0.6233443163943386
0.3463007204208043,1.437616185861998,0.910884315706595,-0.054277071285824485,0.2569008771099084,-0.17574247841171128,-2.6133933615843783,-1.3737333032514067,0.8982027507515289,0.9270430783780937
2.6826656733157477,1.3443390606788865,-1.2909768365710892,-0.948157928294898,-0.2919314993380599,1.3365411022300255,-0.24985836421516916,-0.3260059494638117,1.2472550552317347,-1.1112990277391506
0.32663603956598275,0.22758450835815783,-1.011509230328272,0.5105563134494946,-0.2749632426950176,-1.2728547175257263,1.5167699362409368,-0.4879013245272687,-0.2199406810240206,2.1042591537069772
-1.1923286526764358,-0.12328955831125585,1.4596127163434678,0.4750404135944061,0.5368831039423605,-0.5316190856571521,0.502557848944656,-0.15417618136266864,1.153973311138231,0.8653103303535264
0.5093297193500383,1.7289474687624804,2.3381958073393947,0.07665220624727286,0.2620024810582932,-0.4937780807541496,-1.610105853949865,-1.060296054839338,1.1194336599035166,-0.23416612871284145
-1.3107856242422051,-1.3721367963438678,-1.0486288706093874,0.6785738565469016,0.4163042083475205,-0.5407856114553046,0.5838319382602855,-1.4021796646511997,0.2368362506225438,-0.2660506870270478
0.37847035903110754,0.6200237042748465,1.0010783620656243,-1.6101401534426814,0.13073536487590975,-2.6699043613534656,0.5230137987694788,-0.584478908494728,-1.3892369302689087,1.273323919915879
-0.9407185773583,-1.542592161598981,0.9276369770951468,-0.5757600272495217,-0.3430500844181546,-0.7078557713844621,1.0939124044047395,-1.7547990289517195,-0.4267958731258286,0.6058033215074214
-0.5712399789994503,-0.6058135563801786,0.7026103436833978,-0.22700803620335305,-1.1455833382329517,-0.8219445991445514,-0.34767323884816786,-2.5890829904238046,1.0714918412090033,-0.16226135458977436
-0.5291325664868708,0.08147415600228526,0.07973085261849129,0.4226288802040881,-0.5367748520335384,-1.1414325726228087,-0.13686438904029058,-0.559523209884691,0.4775779998991447,0.3620747175245475
-0.2652142089734729,0.025428780112189207,1.3041460527468918,-2.3270137509555524,-0.8374121624665868,-1.1113792013381523,1.700438257270046,0.31634076839868136,-1.1540011382689213,-1.432099831742167
0.6901356608262958,-0.8208751696055588,0.1221943263554212,0.036057960557790585,0.6064675971489402,-0.16819916144511435,0.016048379273429784,1.05299214274205,-0.4603072461229237,-0.006655400395275714
1.9935936345628893,-0.08760859254338134,-1.6013853862164469,-1.7820591665232872,0.6170436965742163,-0.9231423958150722,-0.8169697408108947,1.3238057624532296,-0.6086833174795583,-0.3792489519074157
0.4321206981469933,-1.3921450280889296,0.47064239093228866,2.1536265824047804,-0.2816724962311401,0.900613928134543,-0.7742041111602193,-0.5807110826236733,0.7079230134796128,0.02161903736955597
-0.7838506705193069,-1.334786338117182,0.26574362979687904,0.43671140230803857,0.23066435755602877,-0.43994112271567803,1.0923714874526929,1.2843716455353367,-0.6614604178618161,-0.9087288703984853
-0.504512540657924,-0.507839573600646,0.860962663916419,0.11278821781530846,2.6454427512199508,0.6270018588395291,0.07235155813767231,1.8520035902787366,-1.5635025722116884,1.7300462329997737
-0.7941522214107986,-0.33172382697775976,-1.7580568230728608,-1.73450958271196,-0.8684983834479256,-0.7478519333869553,-1.9590645087784748,-0.5333175380865969,1.5895493643406255,1.3294498232077083
-1.104865217052893,0.19273145786881493,0.7799420565417237,0.6809408139630012,0.0057944603140329815,-0.839333371182375,0.7655288874870272,1.2715172781544113,0.24996721356941287,-1.8440045644910839
0.7811133783525264,-2.5447905331791794,0.5098000817836901,-1.6330734117149242,-0.13093046411651724,0.5593585247223603,-0.4640734471891629,-0.15828167253463934,-0.4726445940154897,0.1906232169526666
1.228266168316123,0.22248621214496722,-0.37414292918812475,1.6078369048367604,-1.1621266820535803,-0.1576502387937014,0.2703640281638754,1.2297332898535285,1.302936594506625,0.9736008776754216
1.0856967489134692,-0.15874729442329363,0.7508913478459267,0.569481609064536,-0.3995692420195386,0.027439541572327236,0.06442117343436501,-0.7032436117052349,0.10953125839451144,0.13429656410551477
-1.8097763385257726,0.24610303590630178,1.2345215520491266,-0.6447915693965472,0.15956937865214904,2.2266013149492676,-1.6432811216752006,-2.1198648655748698,-0.6477647245361489,0.09638844837006429
1.2207282130618136,1.3580333087811625,-0.2182069810372878,1.5381708617652834,-2.1030846647795256,-0.4420658813502792,-0.3279801377215033,1.4369082097605304,0.8700490693457423,-0.813942338971919
0.7097992783502378,-1.5462079399149176,1.4459667949693227,-1.8151113033629864,0.9501974276315888,0.32314482839129466,1.0671801103127558,-0.7072028349039301,0.7299096950320507,0.24834274558056163
-1.320998814798074,1.9293833323019483,1.1006573506322013,-0.4130996330811743,-0.613713883262706,1.0489506267906066,0.5973079121671415,0.6164642714136193,0.43060169382399577,-1.060537369127728
-0.2820722979410455,-0.6760298061289456,-0.5691524842551651,-0.012614922407942911,-0.47600108504698774,-1.402632881786974,2.5591031212612068,-1.3555727828854782,1.315906380294395,0.05300311609412062
1.2889717538753496,-0.7316641116569973,2.160551898754951,-0.39205218909796047,0.38095064796971245,0.8939350247203136,0.9500916593251635,0.5276791563150096,0.7203272560697207,0.5218557824271484
0.9700573119158922,0.06242291712597069,0.1433635998828617,0.12550416374747783,0.02505199341343561,-1.3900242667792615,1.262792355886942,1.1622305872673147,0.049667239832740066,1.1378216469481168
-0.10610814871733006,1.2165028404749885,1.6668015672892607,0.026861893454191297,1.1656398431226305,0.6114715048412599,-0.19314847157294424,0.22222681704744357,0.4766987948953672,-0.7516790913806554
-0.10679557198975463,-0.865047623335183,-0.16311485465207942,0.31840001131351314,-0.14894391759488124,-0.9792041089645592,0.1013782541604906,1.5699376611185478,1.7533621137795756,0.5744353674840326
-1.0109232438155686,0.9927571607849898,1.5531274884585098,-1.3380616442859725,-1.042215353210901,2.22480441658741,-1.3071561528186966,0.6533110957356755,0.35111994062739493,-1.4659280753859572
0.5623662996905537,-1.7779354074077194,-0.6022006891011954,-0.21443727913687535,0.3674183608373625,-1.4045728753569229,0.3575521899849727,1.568029876980214,-0.8994900981273487,0.9996984571699054
1.2426187444201826,0.8376410070579452,0.2272916007623966,-0.20286655511678608,0.463101479055213,1.5408172915289426,-0.659703436513788,-1.1608100341038838,-0.11089898753107258,0.2750778837180699
-1.0294006775701094,-0.17893245847576014,0.37903899701492483,0.2802301428666104,-0.5066042623537255,1.098963743499733,0.9980561567366341,-1.111967923946117,-1.553871181648,0.7354162560730078
0.18935187023019845,-2.1257561248735115,-0.0950900987083045,-0.12537096186769223,0.7860973642817739,-0.0410744836727599,1.48149535986673,-0.2251676537422969,-1.508565567325085,0.6013204929012518
0.3458909957930799,-0.35571216748766765,-0.8120140276320382,-0.10021010615701703,1.663485691472217,1.365907072260287,0.207915257687241,2.3455146747814215,-0.5439315193967398,-1.5487737765397032
0.9380163918230444,-0.14199349082020096,1.777675784330034,1.026813808188612,0.7603573449279027,0.40739906870388937,0.6384466793713912,-0.5915228290752451,-3.1541431111814915,-0.9062801851772297
-0.8117642433804182,0.12441096205936233,1.487645032684582,-0.7182596018718603,1.5991276035744755,-0.14054159101368927,0.3496582691564016,-1.5187457388867107,-0.8055444717864477,-1.1290575358270185
-1.02765750149848,0.5400394994012183,0.407533282227506,-1.4769477714888624,0.7690988257472074,-0.2367225216138429,-1.1730628240107883,-0.5677177836752408,-1.3856785972890626,-0.044092897472033474
0.8595846754571379,0.6619068146519362,0.3160808403684654,-0.9929321253184613,-0.8386114269647755,1.4144835343988513,0.00768500167324459,0.1686511086418199,0.8212721599654166,-1.1577178682978937
-1.9698744900620813,1.2206562675710153,-0.45768263747527466,-0.63981393355512,-1.3987109484706093,0.01006818653950768,1.4753836350547282,-0.33202908125620534,0.474962600799564,0.19151738000501523
-0.7006585869668269,0.9820748660492216,0.2850879974880966,0.4785863956950382,0.7744423886804249,-2.120362620639518,-0.3563615379360174,0.0838571604815566,1.0865113362172005,-0.6452889352747647
0.43085490949246597,-0.6378429233969789,0.44231024436928473,-0.4883409270683111,-2.451591600274425,0.6060140187170159,-0.8488223546871537,1.582044632017753,-1.2232271352196904,-0.14840617110894422
-2.201002353288681,1.4666508969881427,-0.5560665915064421,-0.0712128602946341,0.9268231758717689,-0.6365612404382518,-0.2691379529061883,2.0608449821057633,1.910395474509341,0.7623469193528434
-0.43698051426208895,-1.2606155285300866,0.42666145213017,-0.12657371311223337,-0.9669745829726127,0.7469286477910747,0.2558383355064175,-1.0255386486977422,-2.410561869749185,-0.5801896375441197
-2.603014833396118,-0.7660653904129208,1.3525619323140161,0.20002153917237053,1.0307258565939805,1.212591100717836,-0.5212729150983216,1.3316080693942558,-1.411931561085891,-0.29143019407918713
1.0381909949012176,-0.5649096524820527,-0.8941291668162018,0.8436824221258055,0.21350643466178318,0.724541095674035,-0.1982568965950226,-0.12207486865093865,-0.6616732037164075,0.7424910997717098
-0.902267205590238,1.9170409325048083,-0.3535798546811494,-2.4500795546539154,0.45938061465207214,-0.016243973065529178,0.05798061545912665,0.26758156483768736,0.6090612888238458,-0.8138664113258333
0.5547302822732753,0.7459805173860677,0.17162499072996915,1.09585075926408,1.2376528280696133,-1.0374942433714465,-2.1324934693465436,0.0631510855969945,-2.0129721823955378,0.5063433302188401
1.663205055360246,0.6774260955736343,0.9251220698451917,-0.2171439043461036,-1.850703907908272,0.61557927839529,0.5093020172627816,-1.3187754774413798,-0.11283011239745543,0.5169669443988058
-0.18340046346194128,-0.5586271964645885,-1.2342449509626754,-0.4106585021987171,-1.227138053196251,0.0858415401878196,0.2713517189502413,1.3540544495937552,0.08542275268680717,0.6913083962124217
0.004306429327324024,0.5267033457975608,-0.8606099183103206,-0.4461182229415545,-2.3243255651931305,0.4565683106736995,-0.11591636980177467,-1.05773916297972,-0.9210495804688663,0.21692055403969468
-2.062975872803204,0.0927710480516286,0.3220699959657222,0.03650882671648507,-1.1702025440834347,1.0240596954442434,-1.1998352533743126,1.1103798457370238,0.7388701737048193,1.0107192158330083
-1.3537352710207353,1.2655124044749235,0.3330930571923548,-0.9844540604661937,-0.5552265506414816,-0.9290374949098575,-1.1964782295683847,-0.20703836557348337,0.5494824315860324,-0.7569481751933851
-0.11515368972012265,-2.037960688199387,-0.7180320862174085,0.8687965159612959,-0.49861486526462195,1.6914959620939702,-0.2525166121953012,-0.23254226563516586,1.7539925594453958,1.4159463856673573
0.8902721459285633,-0.28422913868081523,-0.807158912276649,1.0340882432154446,0.31977600380354565,-0.13382788410606844,-2.345771299809449,1.9285341593580079,-0.2681840857408402,0.25773153478729444
0.4430229230257139,0.5710294263749567,-0.09978845461009804,0.037903336584149,0.9735686321927898,-0.12944171486273864,-1.7873816752531788,-0.7067213410955073,0.03550810774116326,1.1987122012929448
-0.3043204024624555,0.4844121606221849,0.14108724688031268,-0.24622208641321147,0.4520750453718887,1.391724312121167,0.31464608936428806,1.5209011469162013,-0.41336030374148025,-0.30461569738828376
2.616937720701002,0.15361999358769016,0.4924056515646965,-1.1125967117107562,1.3302768256154773,-0.35266472699748697,-0.41838823357038857,2.4180016097601813,-0.3147896539366121,-1.146176236177391
-0.13387902979893662,-0.0008917733651340782,0.3613644237738067,1.0468516248515085,1.2398562252690655,-0.43031416009538165,-0.7697558334943995,0.21746419914564194,0.5257387660913072,0.4890233939153095
0.7509533189601194,-0.5927158644558881,-0.0313951206542391,0.19143802164153645,1.399177923595751,0.5439633186327176,0.3519816555153637,0.7420415532126278,-0.5781345353071408,-1.019878616680793
0.5189879926559142,-1.077561558691521,0.9592585321789556,-0.5138301093523644,-0.464085932483821,-0.6409030095812734,-1.2750215808494207,-0.2882751089524022,0.52274690366411,-0.4054412663623767
-1.5536664685538202,-0.9151604039947171,-1.8345298676681234,-1.7037672656551655,-0.14303448481570613,0.27106518669529267,0.1667459762227297,-0.2954606895331091,0.2936419603879838,-0.7216307719140822
-0.6981367584327894,-0.5528697750521021,-0.7853140607233312,-1.017639118507153,1.2526773084636096,1.6460691979916007,2.292589814289337,-0.1189264856659141,-0.08586603752697268,0.6473783483655166
-1.6290009197832744,0.8517918558318532,0.3125459426926681,-0.1846650730009543,0.3397015561540726,0.23526746574487178,1.0980580938094315,-1.3405790361483247,-0.9998485666118926,0.9950030567678638
0.1523057342138225,1.1331822409127306,1.939593834030516,-0.6745183342063045,1.0440913085202321,0.5496776739236812,0.46564277871825993,-0.12036720159399257,0.7784175673678967,0.25000063351219876
-0.6422047202703813,0.7462478510010202,-1.1311000991711628,-0.4738842721522716,-0.9530772085555024,-1.3239959752515467,-0.5324992833982365,-0.7543537482220712,1.4172981178728237,-1.5756667157819237
-0.5914995533656546,1.402878452640971,-1.0408313332808832,2.054845522570325,-0.0012257699252687436,-0.17206076292444503,0.3137132732929171,-2.0764764191402794,-0.37796798892223865,-1.8104524071531882
-1.0676906678860096,0.6231658208763927,1.3680412369001131,-0.5188226894588563,0.783987958999264,-0.479065049745758,0.07604772550158691,-0.7636895882557349,0.020195863654695285,-0.7237475061021895
-1.1326593255079822,-1.0302653781697084,1.1409513726063492,0.005493548247693362,-0.7017551755210738,0.24709680084810698,0.12014250731953233,-1.1640302075334041,-0.29989557854770055,1.773147826947238
0.7639906579671053,0.7271923015266406,-0.05597848701964441,1.640678522150068,1.6192792188143381,-0.16786648162916162,0.14191162003568686,-0.05316609153711697,-0.8191135049809884,0.40353732384237706
0.31129936946926723,-0.0405625670667949,0.5950090504553779,0.24825664986216137,0.7589178529521489,0.7490332078940533,-0.5900032775120543,3.1656475575435827,-0.00790338401806284,-0.26078213337467027
1.011954741022519,-0.14902048642568438,0.02796908254996407,2.118032755939992,-1.6369967322299188,-0.38025926795805187,0.11279408133853057,1.9895838600651516,-0.5635168185444892,1.0484993502854179
-0.028784877756267258,1.585346704896896,-0.00927944031804337,0.07971480628848024,0.04217889750249844,0.5921062084870807,1.2873580782050595,-0.3316877948363684,0.30123920526827713,-0.4367128908259202
-1.1321660011061199,0.46173100666812417,1.346405510338076,-0.5268877889743895,0.3769003858494002,0.19005264310430822,1.19248268338242,-0.15342115582391067,1.2168577575221204,-0.165987954670558
1.3710353995604911,-1.3593266268421655,-0.36902691964351314,-0.8498519251625676,0.09947525904652861,0.28138582075770663,2.2125457918016287,0.17292003227219616,-0.16526112339090035,-1.0815204335195796
-0.8485374282149728,1.385501704596202,-1.847782713636752,-1.4293692765048605,1.9306223438448122,0.9993370708509707,-0.056986099525591576,1.6642415208344612,-0.291075763192339,-0.07742221321314874
1.2862134471031228,-0.31264067304661425,0.4542029529482108,-1.353289450112883,-0.1675708849799954,-0.1983160382623709,0.620784715091119,1.1569097505680952,0.47500939830621636,-1.900269797576111
-0.7121493038437847,0.8425473966499301,0.4711680757203774,0.37321159428254563,-0.6592162940364882,0.045463658671953636,-0.04067059590520302,1.05154623605108,-1.768728730082497,0.773828447868792
-0.2273983253633161,0.12029049665745181,-0.7183909946557683,0.9756541341116438,-0.01826150938854538,0.2489354463162208,-0.364508233606257,-1.360852250985537,0.026027883817355123,-0.5897256229960143
0.461152110190715,-0.18694089982551362,2.003708526839231,-0.19393820406749626,-0.33632687160037694,-0.7603889752217535,-0.17153134989140656,1.3254588589108727,-0.22271355851311558,-1.0906602700668717
-0.8050428380053212,-1.5470820308687458,1.7993826819017154,-0.07217499748680471,-0.3217030979545105,0.17111615300238903,-0.37502322187480197,-0.7280450393598639,0.7041807994896373,0.7338130749096468
-1.1197866723237118,-0.5198680190930466,-0.19008618817113823,-0.39084920474115287,-1.340163298743677,0.7783972466225758,1.7566991878039495,-0.1367524485565321,2.2507172650803313,-0.3687007245705406
-1.555983400144107,-1.7184810711769658,-0.6428842066875962,0.1880447184399484,-0.985430592615713,-0.561514823948726,-0.32701778354370287,0.027760695366921172,0.46580329093439105,-0.7151540755965482
-1.056843458904308,-0.34375409660016937,-0.18201964120264122,-0.5854610117263166,0.167086206939639,1.8226982414656614,-0.1803090882067111,0.46039695953322773,-0.020417020596697165,-1.2975246951096187
1.0893640248900582,2.3858153466507472,-0.7533712138039378,-0.12290944108542644,-0.014376130378088601,0.5497524864134021,-0.7234299375222967,-0.13901205276810175,-1.305144994312765,1.421756914286875
-0.5934716502738016,1.7167261218867895,-0.02342601863798494,-0.982183145673982,-0.5939574734622644,1.381749626149011,1.3629782812098468,-0.7283889471907751,-1.128199737451663,2.0112019010637376
1.4227304679057315,-0.7751410579634352,0.8112292665042085,1.197262769322378,1.2742298164740744,0.6338815191619088,-1.6406680140058945,-0.32349525045223393,-1.5717725361641008,-0.12085040834202027
-0.023322870809131386,-1.2173642289945528,1.0116677061437278,-0.08411344404838676,0.9507332571617197,1.3153999997569128,0.3111752937049338,0.06486178008939472,1.0992416125971989,0.49318818897184635
-0.6742341294298207,0.45287453688608653,-1.3854229769443667,0.895350558979962,-0.6765896918575007,-0.7367648534426214,0.6377568881390635,0.3335013256764159,0.12181234634978015,-0.4787298722244483
0.6321058606935511,1.2004650556181966,0.23234009175571846,-1.5321106160098654,0.2604668791678237,0.1299923133097812,-1.185514248535454,0.7211296669020589,0.9893356949777242,-0.3106538149868324
1.6159320775828574,1.14341942583036,-1.4501838881359697,1.2484322917353883,-0.262277746739105,-2.453909805494485,1.130426265599643,-0.17652945407608062,-0.05657487630970425,0.9384520421457496
1.6217651202301326,0.8360015312316404,0.815910545274985,-0.2482912398435478,0.0259345392916141,-0.510125641577274,0.8343802738037831,-0.6859501666983807,-0.09837992203057191,-0.5794067466152473
0.17113105905085862,0.5116339841083537,0.4925027947512085,-0.5954126579360818,0.3199120673115157,0.6884553489342197,1.3872058203637279,-0.22602075332942745,0.817487794458942,-0.2031825117447989
-1.4564383449890628,-1.92189018592291,0.17735380489019728,-0.11038948266383732,0.896284764686152,-0.5176845959885442,0.3131023913029346,0.7869104995640931,0.6355196836960807,-1.1931507115963704
1.1678277269063937,0.363489732275303,1.944848295636249,-0.1895831224588812,0.6809255334032495,0.08060985439874999,0.34665631431619737,0.9027226135605154,0.48543538332166797,-0.7435735928109558
-0.25226299211607395,1.0774881433979528,0.26061985626094736,0.3960476396422585,-0.25160134149703206,0.6741892615929247,0.165838535258161,-0.43477046586731405,-0.8724150889675213,-0.7324325981701488
-1.7568550827559628,-0.0692248706749822,0.9165915925350214,-0.7415060485365773,-1.014832656502037,-0.7835557255324316,-0.1988613373616095,-0.26008839079902285,-0.9740738666367889,-2.186347182644835
1.1275082297184615,1.111985861799473,0.6964722370850244,0.9764049885536831,1.109162829874032,1.1561496578760284,0.8344263459320629,1.6069201777612678,0.10029654232211305,-0.4980166682218104
-1.3402257180865245,-2.0432306831205715,-1.9013307373563986,0.3170378108021706,0.6020013755331499,-0.3826526438711293,-0.09798822855041835,-0.7405649956489653,0.44738719870510746,0.7728983027176439
-0.9659150072452962,0.11758395613059318,-0.2745722072073602,0.19586604400755722,-0.5072045041035708,0.83565958171895,0.953705492934146,-1.282090653802181,-1.09906874187812,2.5497582047344887
0.8176380323110854,-2.4957257381152944,-1.2954739107900675,1.214947294584251,1.0051446372316342,-0.9244110349502218,-0.6000146992435653,-0.08613751827489874,-1.4264474772325888,0.917850805068375
1.5860856802263843,-0.272416748270187,0.41433350584935597,0.6720272711887489,-1.7908066582245825,0.17144484338077876,0.842752299256202,0.21291751090712546,1.1191220097317243,2.251054363050464
-0.7007509237967305,0.10955700061405915,0.8758861444660813,0.5589325683440608,-2.384374850816595,1.023586309568944,0.30016939811699944,-0.6785641812913881,1.4997532317253266,1.152106115377131
0.8666946550651425,-1.182694674426943,1.2389734012712472,-0.8209079092134438,-0.6830476639277531,-0.9552473084947416,-0.010845599701082701,1.3936349370407164,0.14119382262851923,0.03179130106345529
-0.5763859301695838,-2.0135352926915417,-1.316478543137059,0.0527755520041404,-1.4281697167508036,-0.9661737662709661,0.4299711646979523,0.4384622798125417,0.8877470499434571,1.6065477358253895
-0.6117916955738292,-1.4436955691215707,0.008030152636758338,0.42826696426941696,-0.4438700178024005,-1.2492376693850704,0.7049170197832708,1.1634820643851078,-0.5965849201310021,1.1337027628934986
0.1014320800846195,0.04175932627317542,-0.9396797732087343,-0.18672847426348763,0.0548362411468878,-1.167969548487448,1.7800681798381208,-1.652463467311483,0.2749891510300866,1.6608183580769684
0.4907669084362345,0.43022229423252367,-0.2540995854799768,-0.22773207923706754,-0.09944857087388755,-1.2119285527571062,-0.24599297659352917,-0.138285362302688,-1.8639542376123275,1.1238782019065976
0.10830570603189407,0.9683877868298401,-0.6519327496951778,0.4414205072051345,-1.1336658247792246,-2.6376974317075215,-0.15799600982411147,-0.18818392609572906,0.35602263798448724,-0.16384816608837863
2.1403839181094333,-2.557002135314815,0.5611055372915332,0.36153842927668906,1.21666678894652,0.4371299335455618,-1.685690602825967,-1.7040517473712458,-0.6910091625201236,0.8603032614349999
-0.39195734048079045,-0.5413933257634755,-1.5425611379756037,-0.15645354806618203,0.791315524176539,2.366460828008418,0.02899318575803087,-0.02832838538701456,-1.640899921817342,1.760810242610789
0.4702188545685994,-1.6354104439945747,0.12120730138394407,0.08479991529018538,1.2354868876279668,0.4314266617414485,-1.2565053533805897,-0.44089673432468246,2.429683705602267,0.38133477911117647
0.9247933955596725,0.8412054289793579,0.8726998546429842,0.5633311259479563,0.8151384437691335,-1.0303715265329612,-0.40056856863985996,-0.009734209357443303,-2.204652888980746,-0.36163459582178176
0.003624540469051102,0.4616102207327222,1.3437940179884624,2.2045135509699123,0.4151710817508247,-1.4158868710572514,-0.32766667344500033,-1.2579117655257355,-0.3849668563380754,0.15454093824628226
-1.6492021791425335,-0.0032435099590270664,-0.5882852201136017,-0.20697065032730008,0.8837135094275489,0.8729241160922464,0.7898124293736914,-0.6017648167256074,0.9041662948136778,1.304701059037119
0.5310330576090488,0.7336999444503748,-0.08481771771299335,-0.08995994138784347,0.2035412679408569,-0.5145806980633207,-0.19550228679298387,-1.504111459168894,-1.3138378209056076,-0.7392863968336034
1.2952015759271591,1.281222939908901,0.5887510377446592,-0.8425867791197613,-1.2403981913706836,0.9085183429234378,-1.586868261613127,-1.0109066984846873,-0.9637613581258795,-1.8815960177037816
-0.36064738422975745,-0.9256104613106715,-0.002033442127392261,-1.8226101505253907,0.8915895491947242,0.6938154046374231,-0.6130899360362078,0.3839501974019604,-0.5428814823592235,-0.9743179299353985
-0.6190126841314277,0.03126771909866026,1.1742428651533243,-1.6788847983513968,-0.7432016887948872,-1.6338798405762658,-1.8669447578869864,2.254004161591991,1.0566454153085212,-0.6161248923008238
1.3811052064541132,0.3256517314783956,-0.570821264568983,0.44840884094981304,1.469970596386072,-0.007603269754838333,1.9448105134374405,1.1735307711076137,0.4213345583525965,0.3239630333560888
-1.3864613626522908,1.5235619720630211,-0.20375763101882954,-0.296089732344988,0.1655196038962929,0.5244506025258617,0.2710644979156057,0.6734868562964708,0.9846884389973735,-0.08953257202272032
