0.49749057406908903,-0.3802161538946395,-2.3167838792033093,1.6717497842561129
1.362688301184093,0.969739385726886,-1.3617458070320767,-0.21354375427595065
0.38757992199875146,0.1588172688235452,-1.6238156335517608,-1.5706437810926963
0.5399422680824811,0.3494352744377951,-0.02737783714182271,0.002928388018933016
0.21936835178220765,0.5813956399558744,-0.1883110992761536,-0.9229281877224783
0.3123889149267633,-0.42734546849489163,-0.6191503780509249,-0.1619393404272799
-1.203019308513026,-0.0704174179841253,-1.3926123505825085,-2.0573650062156834
0.195891111615774,-0.2536502736337246,-0.7521220155750785,-0.23336752663265214
1.5739876403717856,1.68767369406711,0.2774189527134679,0.152501186842923
0.11161196594600883,0.26276572230046924,2.0651549868436048,-0.7570206487862815
1.227466580395229,1.047826783728034,1.3730838205321194,-0.8696786264969754
2.2697797593889275,-0.3645326824104891,-1.883110347472703,0.016263949353476054
0.5901378416287434,1.0848509213287427,0.2681808583240457,0.7680880553627535
-1.1979207059409835,0.6930904211904638,0.13771198913289281,1.1701650049896335
1.1815475502720003,-0.911675423264062,0.3946118236832396,-0.07606237306702003
-1.1666978158407049,0.6506298421722185,-0.17557197283928827,-2.105453616569542
0.3268884612383751,2.358626922542611,-1.1783067290440465,0.959929107356742
0.71208674455144,-0.6440412735415367,0.4163378600754769,0.3977706879960992
0.5795385969322484,-0.22697975833700762,1.487123540764531,0.023758389110165295
-1.1737096958327318,-2.137690024624581,0.15378279499701772,0.8089598621451225
0.42441485756686514,-0.2551063689128335,0.44306079883290694,0.07313081890519288
0.5360293010162758,1.269678865355227,-0.9651129159010625,-0.9748675158777971
0.027443664519355124,1.672956594379048,-1.2999862407084828,0.8846575463068727
-0.6984090057494649,-0.7357430497549651,0.3755660651855586,-1.621993418566358
-0.14993296488539457,-1.5899474185000435,-0.7566976047344919,-0.43271554639451487
0.6838911746380569,0.09286351014229004,0.22004405120822965,0.07789715459733224
1.3005623203110415,0.961529946527605,1.3527159957802315,-0.8316800868937138
-0.5790420811309027,-1.1372008754045273,-1.3785058237687347,-0.0363987362426031
1.0906227024146646,1.583215512826151,-0.6300444180830536,-0.2507932455987464
0.14449548172361873,1.7353457575429623,-1.0684659202036244,-0.4568590618661115
0.4069078044045314,1.4066241223055398,1.5123829723286941,0.12064915533275192
0.4018491190318516,-1.1229711290234599,-0.1624952181402063,-0.919629222782266
-1.3663716894543465,-1.676925862427984,-0.9826987199667239,-0.17358042959307335
-1.002720953226972,2.1396944981982444,1.064094705651009,-1.4560082370423286
0.14800131338613967,-0.3845527666608165,-0.42726908368149263,-1.0449756505967966
-0.2884793540048492,-0.413168641393186,0.6886339292908206,-0.4185288558143792
0.07414872959075229,-0.1235847855489055,-0.25970923948343555,-0.15453243616620474
0.7898390632130725,0.41568895018561347,-0.11912338837245269,0.22952312411564688
-1.0569386059926646,-0.3020432561516156,1.0367997413159984,-0.409342700382996
0.3419284403755269,0.2414291667266712,-0.9592990402694485,0.4370874389901224
2.4527034917115107,-0.3098102451642818,-0.550108836163215,-0.9813719904216133
-0.052645583452538745,-0.9234336316974094,-2.1785837958659524,-0.799265422342015
-1.203233244860981,-0.40965222458230727,-0.9932985618278302,-0.037584702616379556
-2.2555142798706123,0.47466202100008403,-0.16756806424312432,-0.5948308489519775
-0.7466890818161827,-0.31000362340665866,-0.9496662698215498,0.4744117058961961
-0.6122951190881923,1.9808561692104283,-0.5952116215250095,-0.6242749676585952
1.1997857343085678,0.9153756306460034,0.3339751320362117,0.07302497205380745
3.241034556953869,0.38722569310067884,-0.98325156041794,0.5327304744325221
-0.8846178920726981,-0.1570477650316938,-0.2958954079235382,-0.08772394826284775
-0.1655718361303024,0.7974729451776558,0.008031732618791018,-1.2604765722692721
0.8155855236127342,-0.6889656089687867,0.7872193484465208,2.0161868993988996
0.5438778688525034,0.42742432037387307,0.9627976936826206,-1.7313069454473118
-0.37670350451402806,-0.1135412310232061,0.9971440826884406,-1.0587847633161078
0.2758287400757036,-0.5993864076187918,-0.0034407081394022786,1.3854642542464883
0.3326436198923068,-1.3765684042073814,-0.4188943488253298,-1.1849944955600529
0.45639700990052556,0.3574950869480626,0.5668417884434458,1.0926130446846558
-0.03752786258905359,-0.1498220544988017,0.6508832297827895,-0.3537630276161107
0.3385114316678252,0.7531530743754958,1.3607696966361524,0.7403404314657422
0.7926273996596691,0.5556732682063799,-0.22601239977453483,-1.1820355800992173
-1.6154129596432745,1.1805706229583393,2.1572581039924144,0.07080387318158196
0.382145478462307,0.03994219817407377,-0.09769138748402148,1.0150803466236455
0.834723603971496,-1.1214746287280137,-0.46580543308784383,1.256322362076967
-0.253456445598968,2.3495966052272492,-1.2400846460544368,0.7566712626146841
-1.115055900217442,-1.93715850603344,-0.7810834103788037,0.09123033897235344
-0.9860684041912142,0.45812054030406035,-0.49833326698871894,-0.7670858419959578
-1.4417071682636697,0.4107375258273296,0.045053070792197,-0.1213895796876717
2.040734368961203,0.049156077660488566,-0.1135498877611457,1.519174383207503
-0.5897039465213628,-1.3173751402723912,-0.40605397343081356,0.6020927588009346
-0.4809616662328271,-0.14967376443626354,-0.01849780449527702,0.2733552942052569
0.3113393977483933,0.3951861432220086,1.1165944280618523,0.6945541080089606
0.44069332155632335,-0.526887699541339,0.7644531264449848,1.3232676377399255
-1.425107942714259,0.5831733025679169,-0.4820178527055523,1.0372377919218183
-0.7819188280279517,0.8780336510094622,-1.311034312634865,-0.3091443027813065
-0.9828902488307854,-0.43047595140291695,-0.6067394121502122,1.242039037999515
-0.15777976425823756,-2.8983444635560502,1.6413607420806002,-0.5247972628004545
-0.48630770939506807,-1.513149434493568,-2.6295877373240257,0.1821660797817515
0.9042012119014157,-0.652034694180753,0.44135550794261563,-1.0427487677020337
0.19823818397782547,1.0478830944623858,0.5990140621958718,-1.2021754308883144
1.6974642786891991,-0.12963018280587701,0.6791682578250843,0.5821463239348541
0.12051399655764737,0.26967284140011927,-0.6221405024517495,0.051806662277777735
0.022227741196985482,0.7631550026132735,0.10373645790954336,1.0465475545013367
0.4795564885977564,1.3990925550604354,0.2665026780390253,-0.11818822466707535
-0.37602160732512097,-1.2486897214555324,0.20414348955971917,0.6626814193095418
-0.7971981064024982,1.45297661649299,-0.5402886307014253,-0.20365243792716398
-1.3801483807022317,-0.2128685218167829,0.690825398976009,-2.1341143907282696
-0.6953795990032717,-1.7216620959990268,-1.7682277127809123,-0.8162378761333534
0.7763872867098343,0.7103522882211967,-0.2897100492135053,0.15047763646499454
-0.6729211833517964,-1.0535131732416603,-1.1148425508499045,1.130139687402347
0.5066639698216043,-0.16323160801489706,-0.9242825780567222,0.9960600777808021
2.2705426198352354,-1.240757759216339,-0.38544806836157675,1.0196843371728146
1.0523869781333677,-0.5224570020755351,1.5066578212615753,-1.9480766650658152
0.055332773505962364,0.6959030077916976,-1.1530333211322596,0.0015166040303055126
-0.535007997696203,-0.5427605489234036,-0.07379496198320633,-1.6554627341688513
2.254439192762736,0.012253195366333283,0.3907719108565419,0.5082777466770287
-1.8110660215400596,0.1717920824737908,-1.1218821501000709,1.086532006646142
-1.3004819219443433,-0.7129043181150783,0.2063409941646534,1.1132381267269178
-1.674751581571257,-1.0162076146496124,1.8438961199798063,-0.25419099704121645
-0.30572552039602613,0.7416581974796663,0.8810384602408112,-2.0890463031647686
-0.013051975276511904,-1.5552108308876995,1.2028124842713837,0.17334602194797935
0.8829926436853069,1.5574897017885108,0.4778388680334553,0.20247725083000026
-1.5767109981192688,1.2302306676659995,0.6681263068176397,0.9644654982251524
0.35502953425007955,1.3142837229109947,-1.9068113677059453,-0.465807082547557
-0.8424151129599918,0.3946285491511898,0.12891029123891173,-1.7435457423803076
0.0611635230791377,-1.2646271050947668,-0.30639173315078017,-0.039049111880222004
-1.3655432111884334,0.805808533402472,-0.06974542819756704,0.7028898879989448
0.6788130713262873,-0.5068496310800992,1.4922211468411433,1.149281165786489
1.752843537506779,-2.1228795358385946,-0.1591415664615314,-1.562727326251306
0.9699351230246287,0.05189616168722744,0.23131670716819158,0.16857891713150935
-0.2851655802906494,-0.8823243759751528,-0.37257895730163143,-0.522050809215055
-1.6287558982048322,0.2082979323964298,-0.4891862337560935,1.0912303579142724
0.6947681180391094,-1.2025708920472058,1.173083483344591,0.7530616268541015
-1.351795120629496,-0.7812252063264952,0.8472540222504592,1.0440444407049976
0.24780855033056057,-0.2684634575186094,0.5603666098510371,1.195792642883185
0.02338588343299426,0.4986425254232301,0.8050673199335135,0.4532708265814198
0.8980272694794862,-0.08184459754581377,-0.22504247042830952,-0.5369915597165394
2.231321707707862,-1.3917670399432147,1.1189422714265587,-2.46838534842709
0.20893047068155354,-0.5572808500689646,-0.9198941910199918,0.07360717892785099
1.3666159404628426,-2.1221729094882114,-0.4919224591495467,-0.8466935553939309
1.5353567628882394,1.0545562015828915,-0.33859891253630103,-0.8778961999368639
0.06258460253513393,0.5544059441100796,-0.42717503447839145,0.4277834107710056
1.7044766371483018,1.3685217032481845,-0.7085234816045495,-0.37487548989141234
1.161966611343161,0.5790582058381984,0.5664313181960866,1.2925759833948844
-0.13659293359263314,1.1085228432802123,-1.4668477022771633,-0.8227063622091337
1.536205501748308,0.33512443070680864,0.11012360331533724,0.3503521994340253
0.9999855720355529,0.15801221879431485,-0.43477180497096224,0.864472986088263
1.215390509837135,-0.7452719675682582,-0.34980830231274523,2.63117645521138
1.4848012407474902,0.1196595945547304,-1.5430975759386385,-1.2753877459061171
-0.2351563742410045,-0.41052212727555654,0.7584329661421276,1.3311929939219047
1.5362292370993242,-0.372138059197122,-1.3156278181634302,1.4270979237867834
0.19046387970895226,-1.4668260268503155,0.8775199963849771,0.5610988385173818
-0.13711065611996895,-0.2117350810090153,0.5458664975395457,-0.4207695195185692
0.37446574652158787,-0.3927109671515935,0.4980999917413172,0.944302085630456
0.29909993883891606,-0.01543249164752406,0.5459734470747389,-1.189190466752139
0.15495213862373988,0.4199932106533498,-0.34815279085172995,1.8582668543876268
0.5811953205834388,-1.0148092120836503,-0.480533081684922,-0.5953971310850068
-0.33927896872359836,-0.9330140130505609,-0.8479898442063407,1.2911026270922048
2.7661016663711604,1.588613665100158,0.28206235505520455,0.3311006849036576
0.8304291832076038,0.5723391026964777,-0.4873588452368473,-1.3184256681855393
-1.7898820692028983,0.739553425439397,-0.3161811747309045,0.43305125895592494
-1.170096129473396,1.5312402606429922,0.867070028021766,1.6137260288028168
0.004808095469205198,-0.8169475582471946,-0.8932335947716548,1.281848369775158
1.0817606205363086,-2.0244021817582802,-1.6374267931079387,0.6006681042225529
-1.4598615127114825,-0.8994438557111027,-0.054580178211851425,-0.7093008608454636
0.25536683480532113,-0.6229952814750692,-0.11834965255906356,-0.5102001167625021
1.17538980662581,0.11922099037682503,-1.0630113831770587,2.0831357792301053
-1.085253639105405,-0.16168241382625168,2.1353180405469776,0.45371595223258837
-0.22364993633045738,-0.19315285925956358,0.6426684003252998,-0.12274654522815706
0.2749347471841977,0.23650385179440447,-2.4366441226274027,0.5490761159417984
0.46072784854336624,0.38000999219854653,0.011756839848586706,0.058182475103171705
-0.13598965828474058,1.4827479551084337,-1.1545229492181435,-0.05897639384421236
-1.1247589978718018,-0.35242488864522714,1.7775528068818789,-0.26810760199519384
0.5441540280343994,1.196587274154805,2.003457540223614,0.6022519982193592
2.9839512714571144,-0.3499938024196263,1.2240067278530036,-1.2467859695605055
1.0712862149821254,-0.17186809336803266,0.2660550070020482,0.12755261105247095
0.36927437044960076,-0.22630368694441774,-1.6751524836143246,1.5585519342056184
-0.021873390171152005,-0.12018232706094806,-0.03849785627642219,0.07607088072446515
-0.6113853965819238,-0.8927871749135239,-1.5538872698968942,-0.12609753888969705
-0.8793355822058407,0.13115892312812097,-0.40932704570700457,0.8096387434349102
-0.25942996652787487,1.8541664973700738,-0.7347345768961928,-0.05784881106904176
0.06938471867065488,0.32514950831272493,-0.4233338754592848,-0.13034404107421413
0.45347631766567903,-0.963326712055344,0.029119346178217678,-1.531880510172949
-0.711614380229608,-0.519944732502993,0.053023706645863596,-0.557245354276609
-0.0633450359180038,0.43500538532356414,0.7795424630326616,-0.8044452249235582
1.1838876766767872,0.27793928330433987,1.6767439084128115,0.39759297667408317
-0.23276012380621805,-1.541509931957736,0.0475656232117184,-1.4870244883423285
-0.7297762449853514,0.8547665972374575,-0.9415106707177703,-0.0830340608329618
-0.28965234247102,-0.026220388570349435,2.7128045202207693,-0.06388322989067258
0.05495678958010101,1.0307510685774495,-1.1538109907367808,0.23672834847420846
1.1636837731494283,-0.5068997942275553,-0.5561682047234362,-0.37228840547186126
-0.6880435323111662,0.5869734875146058,-0.5961947548487758,-0.9002221662322272
0.8427630853915081,0.031503687737087775,-0.21326908353713858,-0.38309512510522464
-2.273887386292057,2.7684399438378,-0.25488303237738663,0.5785153180123369
-1.3485145123891358,1.0650173930297084,0.4314618878291099,-1.212030536830875
0.4502532440088367,-0.5251764002466733,1.31145302476408,0.009652382908225387
-0.3162295134870204,-0.9499154207185904,-1.506513093565854,-0.3132108576141499
1.070134037097915,1.216591622295633,-0.5268776892126598,0.7703171647969798
0.4286265417421451,-0.29915120771229226,-1.6654457259395892,0.8168284270343378
0.13831643941989072,-0.3701589052055593,-1.982127721532627,0.7292268662124688
1.2193617391541764,0.26574688374535377,0.7465614972988887,-0.007892196950072466
-1.410866427972933,1.4766410560344514,-0.8871156399734202,-1.0313886200622606
-1.452656425013708,1.025675418795836,1.7395269314916768,-0.4643427480378255
0.16520873119393992,1.0476188009059106,0.7892965486080892,0.04909983360666313
0.33007058372331766,0.2626982303770498,-0.027993917656112702,-0.45438183025465617
0.5967049507233495,0.20791259258795816,0.8531290143460264,0.5416802672712269
-0.2787034849270744,1.382026390764782,0.4928795616285663,-0.11797259807852781
0.08169995668850583,-0.12940147710014344,1.5242868609685138,-0.6930579308663275
-0.22194102588264408,-0.23709105021807986,0.2150830596793686,1.586581601806738
-1.2604940235442323,-0.15138665208446236,-0.3905665850946373,0.3728184715255878
-1.0256413822460213,0.09140908643169196,0.13719532287219,0.5963920380741445
-0.2769368790458743,2.7969956132748663,-0.8875647100810858,0.8584217403583815
0.06298181795082489,-1.4979281206804265,0.10727236996897221,0.1555877653833267
-0.0988100032034678,-0.9537269852993947,1.1151410561410546,-0.18426924984832432
1.0601143668888013,0.9076343791759982,0.9650366595091749,0.33701341180371447
0.026641100353365126,0.18637262986141456,1.691442621403579,-0.07192979362558209
-0.04893258922209008,1.2220469781709018,-0.8416439009196214,0.4082038978061987
-0.400044553025217,1.164698284033949,-1.5188724303999208,-0.16648169875746535
0.13181290272253884,-0.4573743628355246,-0.5539647633285713,-1.9481446617189255
1.2076019691194397,-0.26624611308945045,-1.5475195765211722,-0.7946529352594998
-0.4745179506048535,0.480461941987977,1.332925853068184,-0.28054933278025385
1.6428492723870822,-0.5049385931576637,-1.1360645324933625,1.2331604863035905
0.7961084513251643,-0.15108876501080354,-0.507725345749713,1.250328951667041
-0.5958416837007191,-1.6711664813604086,0.5996441056701871,-1.9928909385861147
-1.6571020129543903,1.7393477704467493,-0.6485602925434738,-1.0462456397959095
-1.9539562484787085,-1.4448818264653194,-1.352009472610192,0.2743628534490646
-0.4756885001931359,0.3115587018901001,-0.2819180810505562,0.41907215894656513
-0.24398488879528304,-1.9299242043391571,0.04760480186956474,1.550745604362441
-0.07343119070464668,-0.8694234994381447,-0.9690201530466414,-0.1748649162881658
-0.3435343075847046,-0.5732722064257824,-0.1275292230719539,0.2859726909232233
0.46990094418409084,1.3694163785483062,-0.2317116280977022,1.0849908469752254
1.2295521301833927,-0.07968281206053175,1.1189471140809202,-1.0905450084843915
0.15039759399095995,1.1239702717453541,0.09479603735611342,0.2981866201795656
0.24810666339957196,0.36214156405041403,0.46868451863065547,0.09852697395890661
-0.7589453244854327,-0.544342355626942,-0.21261260007443986,1.7069140082888827
-0.24607030386499845,0.7742078531728042,-1.2238318119936276,1.5692091748843444
1.2168847334867967,-1.198127328123693,-0.6875090381326073,0.2638611660713344
-0.36528124191543054,-1.8821938431920497,-0.9927434227943954,-0.2557486287560285
1.409367207953129,-1.7032709719181016,-0.5664437069099326,-0.10341408743527013
-0.06858189838483701,-0.37832851702623077,-0.4573754517261141,-0.8556072691976124
-1.5345348182368506,0.28680430698975345,0.041971277576364145,1.3820642431202457
-1.0292460828120489,0.5378649016922104,0.6957329364260667,0.6246642447861169
1.1645244313967489,-1.2658170791721908,-1.294369100228921,-0.4207087589998295
-1.7887514872178238,-0.5452278139798367,0.37442041973209284,-0.6886915446820459
1.5988598604998916,0.13835376567188012,1.133557363752033,0.32559516209093
0.7352657003037557,-0.3549999973752362,0.10964581236776438,0.9365614091828834
0.04300921254021613,-0.6282241368550189,-0.2650114701745098,1.3001155757328187
-0.09481171920981454,0.9306168478773673,-1.104011956907307,1.0801643489558848
-1.1678097119544877,-0.40581143441709316,1.8528947415289827,-0.24888004560796842
0.672815419801603,-0.8116902566817251,0.4482963359182,-0.12018437753848162
-0.186580501934936,-0.6210840501200874,2.584527756076479,-1.1394468683462313
-1.3589980476299173,1.1361011749643664,-0.02884926138414783,-1.1192411529867377
-2.1217813371438283,1.1150900944343105,0.7679447462816466,0.6194630474881296
-0.5387614963648624,-0.36160260289400403,-0.1954486218261499,0.24246730447995146
-1.5744293047869737,-1.2090857293731865,-0.7216508586818796,0.4971171480971412
2.0461103124794326,-0.4245207776423979,1.6722467421030898,-0.07099133833791456
-0.33519305394826115,-0.13945237280018682,-1.0966995923699363,-0.9337254789275287
0.06927534709315655,-0.849413002745662,1.296559104646261,0.9353599614771754
-1.75785287343875,0.2703756342595928,0.962393936215444,-1.016954685561117
1.3961460675140587,1.852580557232377,-2.342018072732498,0.506666713757908
-0.28852028167015786,-0.6223447359907917,-0.29263083103974513,0.8268454683480805
0.04623132159948038,-0.07385727140013047,-0.18886683287542846,0.45544997316259916
-2.6787746782952273,-0.138571913923605,-1.354042953304719,-0.18539399355296515
1.0785270738648423,-0.7488906494051092,0.48415078244912524,-0.06402902730574185
-0.25372892754189896,-0.8527907504033525,-0.2450984148614416,1.2921167662814865
-1.1599906338393868,0.03284978237262361,-1.0279063605263346,-1.1461096373465949
0.11058450373935341,1.7970832615837342,1.5449613019447892,1.080772535690216
-0.4466836987335808,-1.5906061636837285,-0.24981557942391744,-0.16626139840280776
-0.03420547319767556,-0.49990471749455306,-0.9170060377729436,0.030001144041070786
1.1209187550424808,0.8322826996379872,-0.4509182430463227,1.6007797709331804
-0.5834385042505372,0.04346702904493411,-0.3065512478309039,-0.2930177243783026
0.29946216088206995,0.5614763908474546,-0.718983275120864,-0.3886950267313783
-0.9929711457662914,-0.9022884684957218,1.3630224294532818,-0.1949436583451346
2.4986584411673216,-0.7306607961168468,0.38906360478260826,-0.0814916169550639
-0.4523204233370076,-0.7101217243222236,-0.43144302569999937,0.03867690764815628
-0.6638057551394965,-0.820940809305985,-2.269003593624924,0.3975586776222834
0.4366226395800348,1.1008873345258545,1.5747740849389678,1.8879395094199163
0.0639388794278493,-2.115615965036766,1.2714032862685165,-0.41997305660794737
2.197545072793561,-1.4517076950411376,-0.1263412509219283,0.1917228578081147
-1.246365715165336,-0.2777738780651035,0.42805760525194597,-0.34111363059709593
-1.7715184210624906,0.6020564540640705,1.428216677008496,0.49078097380468305
-0.7064372584233821,0.6686458486166049,-0.6737677458484216,1.4418966613796451
0.7379284418751324,1.1157887112329972,0.9611670412663399,-0.7539425475717662
-0.8777689031311592,2.252628812741756,0.26037635087239985,-1.0501835704726301
-1.4511475733765375,1.3728305068297608,-1.1009476171445922,0.6564817909160604
1.152219241318082,1.1977692135474636,-1.4251156089860244,0.17226995896056332
1.1600532320754242,0.007024475249516601,-0.38146590996706686,1.1586910609245042
1.7434406604013646,0.28212993966271455,0.2353122083209794,-0.8867347289576903
-0.821673322900747,1.3164325017933394,-0.6360707656270433,0.20911981704737787
-1.8054704762102143,-2.4629504112123914,-0.05847154143380924,-1.8860351282019407
-1.5549531208129632,0.2631875435879216,0.8558717013215061,0.529378967180432
1.0003585943556264,-0.15525983815936353,-0.0012273870633812752,0.6823972219998247
-1.5832830954083985,-0.4780686379041686,-1.0179496376017694,-1.627282408996017
0.4725108497637337,-0.09331049205599043,0.3461139510611574,1.1528324425949275
0.5514461622648861,-0.9776290877004653,0.5109652322929691,-0.630528403258837
0.5957886732910764,-0.26252578502245616,0.6433006132104503,1.0082910846221735
-0.886100373886197,1.0606816133215042,-0.1894308592535101,-0.32755614243115344
-1.416869517925854,0.7825607390349529,1.3606001158252277,-0.1177397524505659
-0.19854985098335592,-1.5682930821653036,-0.5846366116209109,-0.08625035616980008
-0.6584474373902008,-0.16318684551003246,0.8774758526769232,0.4030934225381631
-1.2987986741554012,0.23461134608761733,1.240566143032738,-0.5361435350300088
0.6185383775713481,0.40508434474813326,0.6226110926691865,-1.338091149303868
-0.650693684378877,0.8703737506140614,-0.8904854825178926,-0.7306010316738742
0.5451406440572647,0.24766234978346577,0.2627479581100374,0.655583108159636
-0.4893904808278169,-0.45527360855416643,1.3853533524075738,1.1170514029188356
2.7568572108512996,0.27530312419392544,0.8195795646123051,0.19941322539566683
0.8106017234244058,-0.5998406542239609,0.7592881944241542,-0.30096259150674726
0.38276626427036103,-0.6252198114666884,-0.3147893641575069,1.342798299631972
0.8533430553319917,0.5148536351762237,0.5474582778735432,1.0246659378617156
-1.4212380980599137,-1.319498508034643,-0.6052314122432811,0.30071902314809534
-1.0331840798058454,-0.6547169025503644,-0.267817337309205,0.8169278242582703
0.0015518378725595235,0.5788503281096156,0.886667547472192,-1.209823141325076
-0.6154478606826881,0.5994486837847531,1.1294179684612833,-1.1149669958838022
0.6807723398790535,0.16634301090162085,0.9643541257827466,-0.4518940308098574
0.768187422158452,-0.2670137104560483,-1.063413411681234,-0.7252688249295962
1.282976168609125,0.38168929399096957,1.27430741555893,0.7539482160711042
1.3351788643785552,0.2891350887435237,1.0114004156869396,1.2672802633665168
0.25145832736767876,0.33394325126877833,-1.2140411366650168,1.015392500148519
2.1345682351635777,0.2522860126454935,-0.5172573910205307,-1.38479779868809
0.07939660597088757,0.23930773794338742,-0.6543825337533906,0.8341286430010734
0.8296123379684298,1.4037530039778647,1.0316418978127075,-0.021496288801680873
-1.219112867104549,-0.31658067053416283,-0.33534850414200423,0.5620148776070423
1.441229651466995,-0.6052353512079849,-0.8448773709257796,1.5827021648066657
0.8452688730509058,0.8646402157686273,-0.06752643020974317,-1.1958262797844639
0.7619759791297029,-1.72188411718909,0.9261061808644341,0.6626992351754
0.12773647492521578,-2.743993529401257,-0.12974853088647947,0.9744169820554067
-1.1191083150767318,0.6949619070901203,0.06632304587834552,-1.0537958939074106
1.822319060869717,-1.215666046642908,0.6725549873112873,1.059490655195595
0.011616663495669935,-0.38682702250336937,-1.8989892838615192,1.0610081349015708
-0.2956328347073246,0.2158531784287284,1.4485608858478318,-1.035725458645078
0.2426880625946846,-1.1341393760178582,-0.025990235778074022,-0.7417690071588166
0.034266303002581204,1.0929671903199198,-1.5900277477843023,-2.1885776554772116
-0.8572792403407493,-1.1107129528705568,0.22795018548227627,-1.193365863867116
-0.6505599539211059,0.10074024720274942,1.2159774118862987,-0.15326884046145897
-0.1592570493111765,0.6580564782676284,0.6957654113925869,1.081540752059887
-0.5141445408621226,1.153394743335944,-0.06436183012597123,2.19699367493453
-2.204330394008485,-1.4005270017270348,-1.4399321338981044,-1.0193931748556682
-0.9409945083329759,-0.5831702586900799,-0.5026555234615254,0.15638067822611726
-0.41476426611674155,-1.6136070092016843,-0.12284279815709899,-0.5546167509133753
1.8726515073864298,-0.07781473361290316,0.7335176357127517,-0.1074822354033363
0.7471079113523654,-1.4657033397863792,0.4910389910913945,1.2623775863091042
1.0743740899525076,0.7049268943020217,1.3824762070389172,0.6070910377569162
-0.302118592358183,-0.05254014150286897,0.19618464961513482,1.0139604037227117
-0.06139413612192877,-1.1152627375540265,0.6364312640859172,0.7661935667042473
1.5680060091900203,-0.4700163175379045,-0.007774218409299591,0.9027724274540596
-2.289505248174748,-0.31245871616063386,-1.0051845475914296,0.491237014241395
-1.3189757039175893,-2.56269949915645,-0.18310370420522018,-0.36332061364486434
-0.3309017367020318,-0.44040588776525696,-0.08231196319799816,-1.3138222056935558
0.0029039556726169913,0.3572724620067331,0.02752977577364103,0.28563924489256154
-1.1343590754711685,-0.5403999436789357,1.0669852120900778,0.7477892969587642
-0.15359817942829965,0.8195416173472146,1.3224131610906305,0.43678316209091855
-0.16588721597043454,0.8081233337800097,-0.4788118948028141,-0.5022376740357043
1.5045378231058446,0.2707026649888454,-1.814854865218311,-1.281830179045384
1.2253126927121125,1.102894514874558,-0.9200638040740682,-0.9814567409940351
-0.7514850364479896,-0.6443474599719686,0.42807915740952457,-0.21369841544979162
-0.36731273167454814,0.8067510039910882,-0.9804221730296158,0.9268281468274445
2.305319595319827,-0.2452088553376783,0.2625959573658765,-0.20397616783549458
0.5365163731098905,-0.17828512685306766,0.5489701634436054,1.7057307264449795
1.0450092295242719,-1.194631759485847,0.4243110282984172,1.4758640386443558
0.7531183985244199,1.2181479258959,1.5369873867498292,1.266054066880361
0.6111018202325768,0.04388854429992102,-0.168788284390594,-0.6473435179679142
-0.5991734592773855,1.2521286658053836,0.2726584570813525,0.20450593291329883
0.8744734708565052,0.14203516960004603,-0.9060732354007627,-0.9296629759777363
-0.08985821716885244,1.5022430066536816,-2.478037563664802,-1.282478351436718
0.5393875782734704,-0.3183872184346363,-0.05088235101363018,0.08031268118124933
-0.33075412188630554,2.0198409403374296,-1.4209443764303,0.059099486095931894
-0.15540315332168256,-1.5464736842460365,-0.04896041466095836,-0.8209412719305419
-0.9026685059650925,0.9645209689606996,1.5675832039989233,0.027536552582551284
-0.13330695162644754,-0.39644542347878353,-0.3223307187477742,0.3199599218519488
-0.5670292419708124,-1.126248056581053,-0.7838585808187745,0.3746078781739569
2.250201343537389,0.7081823384062391,-1.5915349940984778,1.4256387801818764
0.6467657184937984,0.5076144191101966,-0.23571802353368942,-1.536293006378075
-0.06451575283806882,-1.1000563080252892,1.549696334372009,-0.8818511724190803
-1.3762413865161423,-0.48736182227823965,-0.3017065451361303,0.821290456887924
-0.9614400163222372,0.13525332460877135,0.8150149987925411,-2.2946285230229133
1.387000364902174,2.0163479614518454,-0.14899973048462886,-0.136696817008692
-0.678437247712573,-0.784536472694851,-1.752999606979687,0.29892370226515186
-0.022520099904180465,-1.3980032475948703,-1.0271506179253689,-0.3227850944022957
-0.5594505570670232,-1.441576232115703,-1.3304226624773667,0.15025230017774574
-1.54055884774127,1.5071357388072495,0.19704278407921977,-0.6396828745076665
1.3632031391201704,-0.06520174048681154,0.039697833739344775,-0.01688018241284428
-0.03323297098910667,0.22982190253525234,-0.26050485196602347,-1.2980259229000202
1.0542377732485877,0.549587209113348,0.3333673553581229,-0.32440946767864814
-0.8652494483732808,0.8268670264428787,0.3464616169562886,-0.7242921832802188
-0.19228737631419413,-0.22188128667185816,1.1408877778300153,0.2026871061591244
0.03055589230729828,1.0801848425876208,0.029507721788954458,-2.6947836697315153
-0.5412399699002016,-1.2816193758139314,-0.07578789079072094,-1.7947761403933449
0.105700483442152,-0.8012548862096468,0.008141021990172533,-0.2186820132145685
-1.0504593726582445,1.118652517606499,1.4742384853256485,0.4552541497713155
-0.09663987436896697,1.6175173845311526,0.9028328195016412,1.193565103841136
0.19311691312464915,0.7277833553790327,0.2170624196143221,-0.5717449151211795
-0.49421739094887596,-1.0602435505974963,-0.8894386305213837,-1.92298982584381
0.5966845565531737,-0.34559451936683766,-0.8304196245157424,-0.5279899132327732
-0.1022253131649432,0.21721134304987594,-1.6832823815685156,0.000954784377545884
-0.7535612240679637,1.41690955789457,0.46479175189451505,-1.754489615944273
-0.5700082350949203,-0.9715310869280407,-0.04789566053395943,-1.0553996385062856
-0.1765082336177473,-0.662858586491347,-0.1956117482997336,-1.405910524604663
-1.120234010010428,0.04984666234324475,0.4850256935967313,-0.5965242426673081
0.07635676866783359,1.6024282222941808,2.2770857202703945,-1.477076927900851
0.8976467794251566,-0.5251659650546034,-1.7454580899106857,-1.9076512727856318
-1.0711153335769237,-1.9374921700384664,0.25554900440510714,0.13350968537238533
0.16037815036895592,-0.6248271494694828,0.2608852419604736,-0.2164526235640224
0.08393696452379873,-0.7303353815479433,0.7657010642998983,1.088438157555421
0.07155763138653658,0.782695529929853,2.1512029585979793,-0.10517209765061467
-0.635138927599552,1.0425155930670453,-0.04803436896118676,1.4854261516799654
0.5938470894691754,0.1452532830761865,-0.014696207141949982,1.1776787219042182
-0.1734234731256708,-1.02580595992458,0.189632712023186,0.861300150622333
-0.5940277682977878,0.7193088743814868,-0.5283011531128039,0.10149050116122166
-1.8463302486616764,-0.401117368510174,2.23429810806983,0.3076908599640651
1.005679554938671,0.9330568084583815,-0.642774666011422,-0.7874970741036723
0.5919603931460998,-0.4038211108084922,1.3399916615183782,-1.1395677771941606
-0.20124764535401393,-1.2325823336863475,-0.2117997058966419,-0.4836440301507252
-1.5446467692217198,0.029326517923065253,-0.7231465849024753,1.4398990299689212
-0.25153916956053685,0.7354649972449645,-0.04698582605095828,0.6991873566467096
-0.16492592604192904,-0.5584839125220682,-1.0028571362097571,0.3101891106842731
-0.07716401173205237,-0.3726863814051747,0.4390507005018953,1.719377851989354
-0.7744022510141069,0.3537849894275934,-1.539596684322294,-1.2151603697481383
-0.005098703587163978,-0.41353372489585477,-0.4849188525180527,1.2843088751243086
1.1802624018861072,0.7545166115146322,1.6510441838736096,0.4047581936583669
1.2661032497322855,-0.8096247466964676,0.14602473433014015,0.5543340184352253
1.4498705630062203,0.4363822715071028,-0.38944045373128877,1.4574384748858193
-0.5923500857714357,0.376240488227436,-0.1980239884834336,0.6759744363394161
