-0.15673435702890193,2.2914861743022468,0.3279869861670506,-1.0376624741776517,0.42041038297806255
1.0064350493534315,-0.5732681360718497,-0.5455068081815521,-0.3398198106611737,0.9286611866991279
-0.475082449971239,0.7839869595441805,-1.071320319381609,-0.44378965583368435,0.3573022894467225
-0.7542515773123024,0.0650134114328293,2.5545407870140973,1.1482463872221569,0.8891612320171672
0.8268629868348798,0.35813578592920875,1.6755631890018192,0.6389659251649265,0.022079596654595503
-0.22486882032674876,-1.8025872531442806,-0.2386530395549964,-0.7793390136201824,0.8507159581433471
0.9272773194350107,0.3313386284055853,-0.7974606021532241,-0.4104982677852345,0.3016228971677236
0.3371250475023824,0.2903977357593662,-1.4274941777811903,0.4987265803550114,-0.0032750414837111287
0.9536017102599011,-0.03059414113036434,0.22567264294059583,-1.805275588132526,0.7012987954696971
0.081164639874586,0.4160598360494528,0.24444011009986122,0.47925877900475067,1.8253447213361476
1.625547971402632,-0.1637205757550452,-1.099015189031306,-0.08261875036411581,-1.2431509541686785
1.681518085821383,0.901843435665827,0.27661999083881694,-0.39051426329281586,-1.4707328691108192
0.625776131826349,0.8173551191254241,0.10857373880080091,-1.127801082398181,0.3744172166444814
-1.0167167252735403,-0.7904063952688082,1.6183453802413004,0.5552150895063782,1.1387647342920977
-0.3806597324533119,0.33541475131848186,-0.17245206330479343,1.1589797250365497,-0.7901507855672726
-0.747474450204864,-0.47969887904926556,1.8201172209744727,2.2772405770096102,-0.5306442994811963
0.44985229147522543,-0.300799459379169,-0.3180975643464315,-1.0458755419984742,-0.4010079722865299
1.3210815279166048,0.23302576072291098,-0.5259444943536167,-0.31555152918781443,-0.7896728964464309
1.0731102185217782,0.5335911087947754,-0.6359709623655005,-1.6281244627706717,-1.067249258956864
0.6487915868523519,0.0016404590003450989,0.9565821638757344,-1.1302894851205258,-0.7011723237682683
-0.23499685025474204,-1.5922328175323006,-1.2597522379505128,1.0615797793844803,2.117993252536531
0.4203861335871958,0.9460495555176159,-0.17022496037438575,-0.46208426035415334,0.5957132387593949
-2.1893067344592727,-2.0044425235999794,-2.436621537974141,-0.9398785260130432,2.716708813764756
0.881378549350995,0.2470889854240465,-0.4926132140359294,0.5443178819487281,-0.7950372463375343
0.019390821813389143,-0.14364639648401167,-0.324575087936618,1.1150369401392046,0.4809104181430449
1.766877582972601,-0.09696001608333839,-0.6798213981666384,0.009790511084450754,0.6969046196808234
0.5803792245556936,0.13917461839164855,0.47850790118095454,0.5264921793064645,-1.1522911285104047
-1.2815018281428758,0.03727280676771219,-1.1478543349247299,0.6032850634993101,-2.1512325876698104
0.5395388424269013,-0.24294694969498815,1.3690230220274016,0.9995463701408499,-1.8450174947568638
-1.5813371012464588,0.1499664858947517,0.4783684498725088,-1.4975650222419392,1.1594181386115185
0.7841915514381979,0.859180912634843,-1.7763888345283263,0.3918246219680599,0.3541884249469121
0.0797156863097227,-0.09933130718404214,-0.2734705075967672,1.1858217675420692,-0.008036362803328386
-0.3703710538913403,-0.5139583449540563,0.5184765464374925,-0.6987243625239158,1.2582410569733362
-1.908586474440642,0.40167773325390616,3.0583758691803284,0.09675983723938142,0.9010111106234561
0.7852393720202111,-0.8471688699180926,1.7931085974038152,0.4173448534139071,0.9836943051141244
-0.6161861334022066,-0.18938556792606892,0.3977488182390817,0.369770016013979,0.5733530870220459
0.3198488792985645,-0.08887785730900492,-1.9057539978021316,-0.77555486615567,0.5887254601518725
0.3412234792642414,1.472188181900209,-0.709259632368159,-1.5465418564207107,-0.43910050485650015
0.23117910631784075,0.7304316722593677,-0.07932577433388599,-0.07624367889060348,0.3598352717244296
-1.0737290561860264,-0.32467571874658696,-0.2789615555799943,-1.0548451738063394,-0.06666703094279618
-2.329964643896642,0.6778916556039944,0.2370417735847195,-2.0462682409053397,-0.29976887275584474
-0.9969267165714368,0.22095524703054792,0.20901355081453613,0.5155763040596653,0.9746859110619802
0.786691146683896,0.15356596216390592,0.3290688346774237,0.48021204610496354,-0.9504238261752839
0.16930007333926786,-2.0296238892675893,-3.070342142762834,0.16460471023892193,0.3594590837517661
-0.26803421928622023,-1.1677921169131167,-1.6951049934597435,-1.0112898550157414,-0.24540017882588797
-0.5402766416849005,2.2489188291474513,0.015522066989883098,-0.5726722835901086,-0.4589060809621858
1.543817391592443,-0.4201925646863363,-1.9780464817587637,2.4639537292135705,0.16321318866729256
-1.9864337314370406,-2.7125921858386417,-0.312271771090651,-0.9401098157539108,-0.11764512412071355
-1.377284033708379,-0.6803699457176823,-0.04486561196109662,1.6406140197094634,-0.4036737042158747
1.826931309201259,-0.1702423095363903,0.7970747598631726,-0.038253734741797614,-0.2177212274914846
-0.8489663557303657,0.6596764547631483,0.40329069792956806,0.561238888979043,-0.37367281528035173
0.39753827469702596,-2.5724772533383335,0.7585447472172648,-0.8701686395216179,-0.08801674035954647
0.0723017364111857,0.4259522625202647,0.05494862672548996,-0.6654728284881363,-0.7787070406888726
0.21069209283909174,0.49410380730904396,0.1526133125875837,1.2209525701934874,0.4319210674710317
-1.2865141734691523,-0.7383378616818587,0.6435711741368372,-1.1621784909650938,0.4755441697413983
0.19495448469639648,-0.9793704261621491,0.6161138812357183,-0.40006462398926573,-1.2405109417760796
0.7725548982978789,0.3074521837529699,-1.3265035530774902,0.7726950519777117,1.1858011273254316
0.3324555815536785,0.5110606970846667,1.0282276612110184,-0.05553133684843821,1.09610090469293
1.0987104238079797,-0.6380860845775856,-0.5660678281472368,-0.18207132689540206,0.9862389756033284
-0.08804028220897629,-0.39173281399547827,-0.11149133156790361,0.5418926228068618,-0.8131560180293296
0.49123035693571426,-0.09205501354155833,0.4055586222096675,2.441851989116694,1.5052048253470376
-0.5658234074442621,-0.5605359552770246,1.1439526195222944,-1.9462836725038684,-0.5291123288444161
-0.2700734388855743,0.29786506297858917,0.01680516849084884,-0.4391299570883227,-1.4555793582693337
0.03271492115381786,-1.0832790275534285,0.4848353142473314,-0.4732597623735329,0.048812631541518256
-0.5795850001979005,0.5089337970952813,-0.6912375226987116,0.6978180849273146,0.21919054696587167
-0.6787703161928657,-0.23076193510093299,-1.0382076383254453,0.11224618183067217,-1.5190377943580335
-0.7966179496678201,0.23275499580917425,-0.9580931054544667,0.6436134204130742,0.35897584673022986
-0.502532494417018,-0.034085082373080396,0.972010917075158,0.36005791642176344,0.9795105610546528
0.08436419760962081,0.7726277708756473,1.5597089606280152,0.389975506342224,1.0342342776361546
0.5927878947559685,-0.6526622012338316,2.1920542740690405,1.047978795715725,-0.5332929397048496
-0.28042057831165446,0.1466883372344978,0.020788128703795955,-1.3194869557425886,-1.2002551600420261
0.5842188375082692,-1.4085128853474544,-0.26180783364060867,0.836737879072597,0.538591778996163
1.2234016472529403,-1.262116522369855,-1.0837265500850395,-0.6573870831573256,0.36306601548573725
0.1461325830854593,-0.4258783546250563,-0.6892917349858376,-1.1253288050707122,-0.6472343529655973
-0.11621924468713979,2.3744586452208436,1.338439113937416,0.07813376982043979,-0.19376204081374324
-0.7899535753840409,0.6190808270046299,-0.8110605162276993,-0.8445082217140937,1.7966034124301535
0.9812935091673488,-0.5020988157225512,-0.9821887272327153,-1.984557772187582,0.026202930719699143
-0.9789157157950972,-0.3279807071832347,-0.7993434024980954,1.2156603393866792,-0.7298132509544123
-1.1847005287818457,0.8033844871183962,-1.0574252275074614,-1.4674181368417993,-0.28860290183088083
-0.19265414986867152,0.2774396822919427,-0.5030312504530645,-0.47186160719471726,-1.1141976764607526
-0.12243720426969516,-0.9134234075051543,0.5212919874845683,0.9967705880436369,-0.051463981129008435
0.48014497159600794,-0.4141824825333086,0.9330165647086954,-0.3831645779542827,-0.4420606152922745
0.6348510221370841,2.0311795710838556,-0.454551040975231,1.2000879756065141,-0.09592189900468961
1.8293624122445058,-0.9099656586294024,-0.04853726211345236,-0.8134687449384077,0.037150826952616275
-0.7789273976379933,-0.13906589088135032,-0.810602130451417,-0.8711922182145725,0.4442960992963313
0.01610068201727666,0.6964080822615412,-1.8812779281253846,-0.9120667728723847,-0.23054227652944176
-0.15045874657226002,-0.03896497578823122,-2.5896264897608106,1.3783817226190351,0.6243457908757094
0.5791727627635226,-0.3820389542298783,0.5604090194720645,0.7473094156412271,0.3754709123648302
1.981382449894536,-0.5601319014521817,0.9143188305354669,0.3032335448258339,0.8344535159126715
-1.6250734486249485,-0.3593652082739344,1.694918066495795,2.4837418994425033,0.41513864439915127
0.35357376593374973,-1.1441723098732473,1.2242587376413938,0.012468082842969899,0.8184766139776594
1.0244837008264092,0.805963346069225,1.4881540372549602,0.6213871133645118,-0.5133113076891539
-0.8557768224713778,0.23785119479826572,2.287817279304232,-0.7514425002869439,0.7313421278204693
0.07919557809668248,0.43627672884970486,-0.2585562896237907,0.6637296304221857,0.14023186282541628
-1.0451532637792262,0.38122632674073914,-1.4959970783066086,1.3122106377063005,1.1298604769881733
-0.9002392220910732,-0.6920276092236682,-0.37527934303503313,0.18153207661209386,-1.060637957038767
0.9381556807772424,-1.045297549953114,0.7994281845705196,-0.0029191760382692427,0.7760085193411091
-1.4440251200728766,0.3371227309466728,-1.1311100523004332,-0.20694696679741745,-0.004852706669972934
-0.2588668236131762,0.401869296742541,-1.0158639195832444,1.1652444520044107,-1.0329014749091991
-0.3660921975324749,-0.6918486073337176,-0.6423367997643575,-0.07227332863602096,0.10699211686927253
-0.06382000631296264,-0.2399922549186644,-0.41569107715347103,0.918724307577074,0.2471682681705653
-0.7124813810811226,0.5720318758783853,1.3208131851269593,1.4353011235049102,0.8983560101075799
1.3872662247000755,-1.1857218997961017,0.963498809697908,-1.7685896276915045,-0.5993816403669591
-1.0699634953959594,0.024815605492762082,0.1048854261568668,0.1159257552658632,-1.1946609359740854
-0.6291557884909265,1.2441637912695118,-0.08680833652978377,-1.253378046312981,-0.19587110363187338
-0.3951726496874196,-0.610273226761814,1.2120938918185178,-0.0032604470719521427,0.6956822036157734
0.367474912457932,0.05029413370897559,1.3393017264205076,0.10665265772307167,0.7397385597389555
-1.6843575895993887,1.8622012431103288,-0.6541070216596188,-1.2481635734408385,-0.10083131541557548
0.5389223737711355,-1.6521711086267392,0.2854205901785797,-0.9985193962670221,0.01685688142274202
-1.0367258023607735,-1.7016322310143186,1.952965025613417,-0.09060146532575494,-0.01830652204028251
-0.4476053222896127,0.004475469543482729,-0.36335419105133265,-0.6400654421784965,-0.44923933332563826
1.5123872663635956,-0.6678504408590604,-0.5746222144920416,1.2506534825767353,1.2700285163106124
1.7064878575785114,0.5873696070230533,1.747022842011671,-0.45628440641170226,0.561201027647091
1.6708394267605085,0.3540552831549422,-0.5908404710271417,-0.6562008831371029,0.30783456848244956
-0.1940199004636695,0.7184702460946908,-0.1732908538272536,-1.5786196497406622,-0.025878330998610786
-1.3250953929436748,0.8290696552541418,0.6835799191564097,-1.0930454664821818,1.090844768176657
0.8463177254050295,0.7681354384969848,1.649389441149099,0.07456961019795982,0.2661952419297505
-0.9455161650026024,-0.7199964096874059,0.8412778993838935,-0.05426722859331246,1.8436431378991698
-0.10128902999856106,0.8298920900938335,0.016689245263158486,0.2607813210348558,-0.6808822420966717
1.598025972080568,-0.7310170413051709,0.1647136650250351,0.8428910098996908,0.696187167644129
-0.143024817302217,-1.1202367549148522,0.7132812072339019,-0.6118327993867682,-0.5661803966696772
-2.118414100619719,0.364924012506742,-1.3091911204791244,0.2786959314336164,-0.20840678212515415
-0.48324768515164296,-1.5489757610167534,0.9378872280651849,0.5157421697802227,-0.2599457861697051
0.7516408889039214,1.3786387942347813,-0.3824944690317073,-0.9541500584650775,-0.056075447903505875
2.348216943886538,0.10110475949672976,0.5101609154252319,0.5229482528150429,0.9099898957680537
-0.09141848382247277,1.0832551033974427,-0.3016360047582712,0.649296515034305,0.3816810505315302
-0.1446102843350393,0.3054864118870325,0.6218616993501427,2.061737777186708,-0.9327924577066133
-1.8586099012245991,-0.5339516490136087,1.0180595833579653,-1.7557742192865313,0.1816331953566637
1.098982596077033,0.07168608340955164,1.3050195456380944,0.1303702952292059,0.6987304019767979
1.5941408143733198,-1.2804660177476477,-0.7437422747407513,-1.257756134662119,-0.09452138719962368
-0.42160940504519634,1.3076119683583782,0.5613225765787268,0.6962134869584512,0.25920013491121946
-0.5017959647738691,2.6287934730109357,0.5293142681227758,0.7443001219780684,0.7420137672321729
0.11907957818607258,-0.7586195966966345,0.32823350729324613,0.24656694163397921,-0.5289891596148075
-0.9799645524013846,-0.501981668687923,-1.5033074073026003,0.27822847996858235,-1.0882135626140426
-0.21504332179990973,1.859339477863893,0.12003330663703321,1.560323590769366,-0.3104420185838701
-0.7669559350090668,0.6091586716889946,-0.9687249297449404,-1.8466053666079991,0.8579800848093343
-1.877184485485399,-0.24231379667119401,-0.26190244051565215,-0.07090279438173155,-0.8673750676313519
1.20089157474482,0.25837002885530147,-0.7619323036234215,-1.1964782504898865,2.1117553197836982
-1.394174365363131,0.9687906512858508,-0.9793738989315011,0.7184932979915132,0.5240547353514612
1.1660936407794964,0.45526088988343405,0.0908513274072153,0.5693223676980903,-1.2915596850864421
0.13938547835259862,-1.4059356315477984,-1.008559796633463,1.0086665623614839,-0.6096967617004678
-0.45930365397233247,-0.4403714375140313,0.33635969374302804,0.6300841304869055,0.09919088844864432
-0.5016851483922915,-1.248916956627279,-0.2624286374051908,0.7451834722062683,1.3955162857802952
-0.23384445652041005,0.6156153785903976,-0.7462308340981063,0.9617154165350424,-0.5730461873529514
1.1336289323469941,0.7413467490502428,0.050847919629047354,1.7363615841622422,-0.24317579979244774
0.1797149003831292,-0.864723366900606,-1.004697085441231,-0.8936585797595904,-1.4165955517122815
0.031752983570049714,-1.198800643418472,0.05525273392965477,-1.0061912211049806,-0.6862107173325738
-0.10287009125962959,0.36440145998646867,1.2025987715363016,-0.3290164753932649,0.2767443232194107
1.5017271606675662,-0.467452525801125,-0.8917414786281274,-0.28574497375727886,1.5692170824820335
0.5627005440475468,0.24467120326361572,-1.2843835538222488,0.745137394483549,-0.6517635039935273
1.1360603800214617,0.8324277025473992,-1.0057566607256778,-0.49572950117530995,-1.5990822847956099
-1.8760132878531806,0.30440091575808825,0.46125430921176275,-0.3922015940622937,0.12511642631076375
0.028480973457868906,-0.014998638380344516,0.4716343926264299,1.0694755021041655,0.13760494590230588
-1.6185671037478921,-0.1397235842834268,-0.05171224239812056,-0.3108841516580231,1.2212576491411244
0.22730820285288966,-1.436662666335717,0.232441600779385,-1.481599576857909,-0.863863054694712
-1.7943007180443022,-1.7146454275767853,-0.06856766095317027,-1.684275726724352,-0.16144980990160088
0.7771617566869068,0.17848101698437616,0.406109657405229,-0.31326398424388907,-0.7490932080391061
0.03277004911121487,-0.04354914683128528,-0.4540501093096243,0.33576111369154915,-0.42647731701345093
1.0085698617530592,-0.8052340648472452,1.1678858717514262,-1.6386402500864494,0.9297032967593524
0.8368689611965555,-0.19735924066956648,0.8706844763126613,0.5746393771999487,-0.5037391241725262
-0.670027502362111,-0.3517529451632022,0.6238310164041752,0.23517730319112845,-0.10466196347035783
1.5944835275430682,-1.4193931278939058,-2.21793345661129,-0.6818184526534792,2.0057715063650927
1.5399232574880768,0.6028432596069263,-1.0909146916920052,1.1949177984206512,0.13048625736760397
1.4701048303431465,0.25121237407486685,0.5063873774840987,-0.789703451109812,0.591038561505433
0.5859547835350839,-0.050759663728891284,0.7622630233051512,-0.07940813209412999,1.5029527514409278
0.4488781989481638,-1.5344419929559885,1.2416146089104394,0.1414846093251498,-0.34418482641002157
-0.24198694531487594,-0.06834636965032605,-0.8323428837574884,2.2252083002732608,0.6617744531993466
-0.659333521759275,-1.2180429565596051,0.4023645377143268,-0.021847350983999318,0.9069415063258345
0.8844107431283453,-1.3649882703008038,0.548885290804364,0.5738227827636282,-0.19018974793809518
1.07494549047801,1.669601725624547,0.4180051162219308,1.359900550744572,-0.9941810852048845
-0.6356352828417882,0.22107732030104243,0.5186123913750076,-0.9442815891074876,-0.7650515436211841
-0.7664339748159611,-3.3550679979437597,0.9892086906190064,-0.9659189184940841,1.1440365683479332
-0.6588268555929879,-0.8808501208641863,0.9388170974121027,0.9413160106299018,0.46828784032837983
3.7933721516972927,-0.26934146980059304,0.19611894074753639,1.6868025729196487,0.25986101072803325
-1.5536847174344373,0.029206427571927877,-0.09352250173816788,1.8133526543409133,-1.5293991479064306
-2.0474422720849863,0.2784449605570952,1.266099053431568,-1.0490716902354302,-1.3964722828412734
-1.5426851234275154,0.3283832083353196,-0.1822186940647501,0.937002791086396,1.0753593581969316
-1.1208137823212527,-0.3806166097736139,0.03431563008255035,0.9117773248446367,-0.15732648465387214
2.6110117219593634,-0.8347114392399435,-0.18205622485647616,-0.6980036357369279,-0.40902177486005165
-1.6493410385949063,-0.11732614632516201,0.47030138494279666,0.6898782022194837,1.0752544433796574
-0.32494798599065783,-1.7753367698966154,0.62706660701236,-1.2261648413116675,-0.8981152521031083
0.9705283776820584,-0.5894014331948257,0.6853812668357423,1.2714515945145823,1.234357584220091
-1.2075680075461606,-0.5606921762493406,-0.38865406588054485,-1.3752061049334814,-1.8926652192493103
0.5994561684257711,0.1535359956386132,1.9574274112628633,-1.524407156459329,1.7769952108387657
-0.49191464268298907,-1.749644497571292,-1.5126845852509088,-0.00555726935464522,-0.6534018292849194
1.4364851273120107,-0.31625968183946085,0.03857578816291289,0.0927395875513766,0.5392883280338056
0.6798567674218502,0.0020179652169157788,0.3329055289920883,0.09115483890849051,-0.3108551993361329
0.03204587333105411,2.195996496728353,-0.6687912799512882,-0.6953945874644452,0.11014056093973101
0.48814974591052,-0.33090827715739285,-1.5749119453353695,1.4546094364525917,1.1311654774998106
1.3800105038402333,-0.5004593985347068,-0.54442527686634,-1.350247679432759,0.2413632348265582
-0.7994065858677163,-1.476606136291909,0.8439059757002347,0.31932728649847775,0.7362689245029348
-0.11865944538545396,0.9234018822866253,0.4357057227528637,0.14045427827335707,1.3725579079304506
0.5267576826782806,-0.21557920710829187,1.207284826213475,-0.7311397555830427,-1.6508496241666977
0.8935099557576367,-0.9370706643874913,0.858373187647008,0.5653572450567133,0.11038526259484668
1.6490980309467296,0.5200783236653626,1.0742196777927622,-0.7973310737536907,2.0374156864464164
-0.20991978792964527,0.3314806026495784,1.2590670649175721,-0.3113851857855361,0.879711584971631
-0.9870285262260022,0.6944586438001885,0.720732572211622,-0.2720699465951023,-0.5891524461889042
-1.8222927108953226,0.27982731436973,0.07995885784866366,0.5690795036702622,0.8818621443504221
-0.1317865896633232,0.5322952530499031,-0.06713664198487267,-0.8696962501019216,-0.3756266267263552
0.020970598123222953,0.675359580664485,0.7288562205273197,-0.6008171598837041,-1.0091669261421692
