-0.503004126961685,-1.998395063526119,1.2122578034663745
0.7339155675907552,-2.475933258406966,0.10910940234356252
-2.0232878854787475,-0.09871674945625615,-0.834574384132899
-0.1314381755590372,-1.6030183562077795,-0.3767113548151298
0.47645094805881844,-0.1391063098349287,-2.0743597589600076
-0.34964894354881737,1.269366921874115,-0.2914161735502713
0.6097265129209872,-0.04281138625337567,0.6481625532184894
-0.07572745737511229,-1.6941129259561374,0.4735838078336747
-0.04359828850752876,0.31152954674242533,-1.7719410291521758
1.2610822043728454,0.02582083494044061,-0.20567840430880763
-1.9233146913459402,0.014116049130835459,0.357946798200197
0.8429539313273612,0.6881372678570816,0.4523791221026195
-0.7327954564693834,-0.8661286753410437,1.1589957764386054
0.4722127696216294,1.8488584225446938,-0.5577780585074257
-0.8714759868937797,-0.9971792782181809,-0.7445082871855577
0.02242192700705227,2.003271257277378,0.11087778861307597
-0.07881254546702918,-0.8245598511636713,-1.5900704134529822
-0.3584307141406361,0.985721725251902,-1.0721999769406982
-0.2926469765225908,0.8867256660585708,0.33202706745069277
0.3182185228405496,-1.1649590398856629,1.944079412182685
0.7627625048406759,1.19990888659823,-0.7616594524556911
0.02816393433326398,3.297196710994758,-1.4152574837556346
0.6212926219293375,-1.1153030198095253,-0.46547830654868017
0.3437402266720387,-2.236279664390693,-0.9222002983268808
-1.0500999662979797,1.7832732905791697,-1.6911698756895919
-0.5738880752690436,2.223773515243722,-0.6122808428800628
-0.7454471237019598,0.8895966774120441,-2.000299618058051
0.457899190259695,-0.449004805770344,0.13738440928363177
0.5498746375597883,1.1765186889093027,-0.12076473565812909
2.02003612631225,-1.0960343987273695,-0.5919482184424875
-1.7364155350424637,-0.3762380034609104,-1.9617531127337722
-1.4835021678860745,0.38491869837953957,0.20829278426918338
-0.7639082483212529,-0.14181329388741398,0.5985461754897513
-0.9084955648790858,0.7165687327833421,0.900321372760511
0.16485054367374358,-1.21178339862485,-0.24082261396870114
-1.0429685689070893,-1.047987025004128,1.7849338140129754
0.282211741354005,-1.582634313660857,1.4712346369465346
0.9079900643501446,-0.4513868381087309,0.8901563908827105
0.8732112763185285,-1.4039846356313632,0.7220186651183036
0.43633426760176125,1.4268445573304422,-1.3828795410681123
1.5074289774910623,-1.0927415988486862,-1.1456396103160917
0.148539735977677,-1.0154487251657334,-1.150034744765533
0.7784040390858773,-1.329720963072651,-0.739136562293433
-1.0725564143254787,-0.8005596689558107,-0.7006483903512865
0.44075011835799693,0.47081346540174157,-1.22323363633057
2.1461855773219427,-0.05692089930305725,0.3745540032679646
0.8646551964807039,0.06914048454685204,0.9324717683709763
-1.0533103172090599,0.364023669149251,-0.22861251061516255
-1.1689461557088863,0.32707907518864265,0.371802999519812
0.5712508009166588,0.11863323421432564,0.8090037558570158
1.1451030642924325,-0.9096488984735285,-1.5272595053520444
0.6203830628250853,-0.6754000990769483,0.6158997314119612
0.49398992050724777,0.12958611901067135,0.8764375958356856
-0.167467678125738,-0.598371414191981,0.5271060336774015
-0.4605085112548765,-0.22557032303131105,0.7071526183700532
-1.2246840998036415,0.18095551698863843,-0.7303403514286166
0.9248067651040013,1.355331471525114,1.4490104011296763
1.5086877377593817,-0.3311135657752451,-0.07980435487945259
-1.1134195346934845,1.682314262587899,1.026785821744547
-1.169766699982025,0.23166069005901713,0.028616351248092906
0.5372411624339625,1.754886030074725,0.5208189728945927
-0.674278694562277,0.5713905471127549,1.5413694881892344
-0.7148953349810502,0.03989529950985388,2.382914857419398
-0.5586895440295823,-1.6863118043747942,0.9040357558850498
1.8845969271149603,-1.1974676095813945,0.6983316214277112
0.5446406444258859,0.15189461673933982,0.13864194965046
-0.14651886890258312,-0.4987433127261056,1.022195762654089
-0.5444398498151686,0.32811901845410524,-0.37198433139926995
0.45810573437389446,-1.2132739079785442,1.0753821471013136
-0.7201924359571615,-0.9501346334828437,1.4480757686557084
0.09686294135531948,0.354532102526856,1.451464068496445
-0.32241819920635933,0.856114690492951,1.337601319980567
-0.42032997212564144,0.7785130750585967,0.20426317367762475
-0.6595088029622601,0.10830860711322789,0.8185306696129238
-0.9316806612024295,-0.810216148553869,0.9397345481752951
-0.25631824987423835,1.8505287061793827,0.6828574208713851
2.463847905417871,1.074672575464043,-1.0137919319929054
0.8376615368739981,1.2842205605984505,-1.0488745957534131
1.1976061506355717,0.13278547291067186,1.8511159604657779
-1.0433209155415786,0.21340810602565552,0.4729728346533521
0.15479748564813747,-0.8106178355190982,-0.8505607358066343
0.9765171007823679,-0.4097714715167462,-0.5358844960770236
-0.6279722742936823,-0.16320371454525254,-0.4752529556174225
0.6153147196397141,-0.4726748431395859,1.7318873058976847
0.7659880309364757,-0.9887580605721658,-0.9449357030720328
-0.7215450874847216,0.9547885721185361,-1.3051406862547974
-1.1234592140785573,-0.19011453718435575,0.7599475851937706
0.2931877137099243,1.031814332387559,-0.08217062097196527
0.03905468588773629,1.1233031462161545,0.9636902425157381
-0.4614907982013701,-1.2063430592390312,1.3056171821960425
-1.1438973521048341,1.399121139953934,0.608957370725114
-0.2949954695709926,0.7890956630055664,0.6301461649531805
-1.59651759645694,0.07277303836828516,0.15023415602690962
-0.2627751412187415,-2.4156128171427813,-0.2783386857367957
0.19037462557947085,0.006838731942618077,-0.6328104352539858
-0.37801609509221523,0.36137553458402866,-1.5964354329386046
-0.5951911771934171,1.6834939062708807,1.0338562958442612
1.0682619391636365,-0.5576905237193219,0.3301123683123762
-0.9071723591716389,1.7286986742598878,0.49707794141416983
1.0694366265248076,-0.6779717560780845,0.353233901552835
0.7143422265230557,1.8130533682902705,0.2623089805413295
0.5543401150363358,-0.6646163338648547,0.2666754388895541
1.0812259400888407,0.30644149463952486,-1.0113284220623335
-0.6532235622427761,-0.22416824186926565,0.02498833187476036
0.5088597229847723,0.42241953824933015,-1.4956269676045961
-0.1587069795304509,0.632982111000617,1.9108696051728817
0.002432212360682943,-0.2312484071230551,0.27129569709610335
-0.28133879041797766,-0.5287546383170201,-1.8164949220740603
1.6736655262301035,0.665649049177079,0.9655248860326332
-0.3494351169849548,-0.9046051154746984,0.6931186731143617
-0.2062851458134344,-1.6624986799293315,-0.3009760274540543
-0.5792619735208228,1.3695044798326532,-1.0141883380875318
1.8433875375699567,0.884739135938761,0.38029217008844457
1.3138867897310764,-0.5917057730439177,-1.4458165489383605
-0.6870846477913084,-2.269523646625118,1.8841189363777704
-0.31189600866120926,-0.4382940465314135,0.48046482469076146
0.610450526503375,-0.26458973698920607,1.1021143227910737
0.1366878107947287,-2.6284312238316745,0.43443638462312745
2.1031766830266405,0.2395469794291282,-0.11853502345267079
-0.49886446076319063,0.11551224897479705,-0.458644010896152
-0.33660281936460573,-0.6189569925535322,0.20683228476769078
-1.711540882291216,1.1495073433639713,-1.4360155505441021
-0.7071729682481132,-0.782123582585435,-0.07363864576127883
-0.01704463069821467,-0.399920464247984,-0.34691379221492585
-0.585778168891038,-0.9940702473138422,-1.7849145950016456
-0.4272034606690642,0.06951585973632557,0.47699606496086094
0.6161989939152425,-0.4331468478833416,1.255482114588164
0.4154277682510324,-1.676345307713131,-1.484085098061228
-1.744806007829428,-1.1656974204337363,0.4813751690463232
-0.1140411209332043,-0.4782273569305603,-0.10692507246277493
-1.238048093430195,-0.9249286139168956,-1.6163574167295174
0.4900522127893049,0.5947839973910727,-0.21613152898663876
-0.2696289074602104,0.44997304175518726,0.1945280960418518
-2.009343330867204,0.8870533972328576,-0.31204850817168506
1.298428268369607,-0.5043331111404338,-0.43670723062256056
-0.35823005783028855,-0.09386313147131053,-0.4786072860908565
-0.35974902020878413,-1.2024310787099268,-0.49848314624059403
1.0426081979445911,1.2161826690526707,0.8709899525712346
0.0035441914527775016,0.8794126423251225,1.1493882084978948
0.24099759243526472,0.6576846029895844,0.9335112356889936
0.5942883994741843,-1.2489443270196878,0.6777852912337964
0.26208450225262614,1.471846407767891,0.7190898023285033
-0.5558760096877972,-0.037781737153794334,0.03989393906610725
-1.1018764925086824,0.7611594512923036,0.4510991193716355
0.7236945533376499,-0.5048717432178794,-0.8708304214094887
-0.5133894928540684,0.6446694784523904,-1.204248271765568
0.2529444280620876,-0.878753767690954,0.05558095507037603
0.4355152541264194,-1.527512287872968,-1.003938677811203
-1.9567815424704371,-0.11653707810178468,0.6493600963241806
0.9327257256366699,0.4827029313463275,-0.5475337996985298
