-0.6779525401262892,-1.125148227388397,0.6429464539044312,0.3963163109872737,-1.01570703426328,0.9404652333123884,-1.5694032897855688,0.5645451078635809,0.7517893945316876,-1.352958737233382,1.1287098505926139,-1.8567587090704054,-0.2971164735084676,0.0383151984549677,0.8942904843168831,-0.011411431123815778,1.0209335508788036,0.17841303239400613,0.44368597687130873,0.8328095470706952
0.6108431046578258,-2.2883898100628377,1.3354755335357782,0.5600511624094963,-0.13182244530734413,0.41482745625297357,-0.8045158775934276,-1.3388282471748738,-1.5770800492292543,-0.5643382675013853,0.1544190622811911,-0.646436604480642,-0.48383013196852565,0.5338303141952165,-0.16357463685817952,-1.095484099766859,1.0035145476366254,-1.5434686050203867,-0.5512875631011045,-1.069651767870245
-0.22377238881038933,-0.04610367499561288,0.8829026170030452,2.0925580634436134,-0.22413188582231625,-0.8017673800777314,1.4109679818227083,-1.839871983916352,0.5782898769095445,-0.4886518759640056,-0.9847069935050811,-1.0061486881333497,0.8134291966015431,-1.4093370136027874,-1.0025311544768292,-1.3442074160069646,0.45243116092358465,1.1136254464401094,-1.1573315334541279,-0.27062755905704494
-1.0969863882089432,-0.3894320631727542,-0.6997107537321928,-0.12921787185866265,1.1661459149655404,-1.9159549714467323,-0.27024095012672766,-1.590345355514132,-0.9007537919514195,-1.5644027233773659,1.054206060832263,-0.009172094740564716,0.5629980284605574,-1.7196732325068116,-0.6024852432467278,-0.4454346856160433,-0.19254707729395304,-0.459190916092615,1.835596123228099,-1.7365894545949832
-0.9751210989587903,-0.3181972049580505,1.851248123389216,1.6797703180372296,-1.1633113129715666,0.7153753561069363,0.4061511335790754,0.11531401668989902,-0.5257494060871432,0.808615587572444,-1.6307038119570525,-0.8521962272969116,0.11338915220207718,-0.910659711206122,-0.6640031570488805,-0.5639017754402639,0.4419632536546484,-0.4728438353602094,-0.24651223143958528,0.37227235632912153
1.43034184842644,1.2318783217790643,-0.4505040499658942,1.4900733370842534,-1.594513088215893,-0.5671643286410127,0.7069809153949141,0.7303562562809492,0.025695456067017175,0.7432139699379903,0.28029986763484377,0.3496296293325288,0.21847649046122927,-0.7564285667582061,2.2689398405776258,1.0005862592493728,0.5915415338209312,0.19604122100830404,0.056550633693934475,-0.6357265282936022
-1.3053170488989405,0.48640819582330164,1.5729784325142893,1.0060108380054291,-0.4929895326775358,-0.9242726189112216,0.1347572789535148,1.1737205068229442,-0.7674127612890466,-0.39970723256533564,-2.407817661726774,0.5892945127163138,0.8641318627108597,1.089645830740707,-1.1287764278327537,0.14736481725668796,1.5390459598539479,0.9567531521369704,-0.23417917098262767,0.03297567442429429
0.4141400277340541,-0.21667836534684523,-0.19671748700430622,0.7943322409858887,0.24104833929217787,-0.6834432120802764,0.7917020441474997,-1.8572156674996392,-1.4530665635122937,-0.2948703280173985,-1.4222334617712098,-0.03658722559838688,-0.009659590510827803,-1.1804705341745656,-1.4482987296953835,-1.1233533365718638,-0.19808538542411294,-0.29508553395754417,-0.2851145138817979,-0.8434234558982211
-0.04562180993934442,2.245279479242027,-1.618155221374955,-0.2890559813772251,0.12075232991353659,1.0590925267853533,-1.3867856931433864,1.4555419192775874,-1.89724572544919,-0.4207028707983214,1.0541246657616499,0.37286723838391983,0.34473266591701224,0.38768066239704657,-1.1519609101511084,0.2005065065177158,-1.3633342480704547,-0.35726853742405273,-0.16136554325832872,1.0681687506006654
1.0053699734714323,-1.21770726603116,0.7490606624322649,-0.896724983012495,1.0478447517909668,0.07709643338277657,0.6402076276865591,0.5946947239277081,-1.7357591569865711,-0.4304734313090711,1.1225221660895364,-1.1292952092589543,-0.24992274199271336,-0.5753734891608533,1.9556119105275618,1.5504923188843167,-1.0369616775388475,-0.31193775356801146,-1.8130724404359124,-0.18978100878294663
-2.183538261456947,-0.7821842377543248,0.39821523389222996,-0.24068281286056278,-0.3710857423696038,-0.25457019108164075,-0.3182186382410907,-0.5812645702283047,0.21432180919877478,-0.38642554348687375,-0.05002734398100102,0.20584265309048339,-0.057294805510043026,2.224071645676579,-1.4950671030258753,-1.328091714479688,-0.4027895900760815,0.34751638874101753,0.5053451802414286,0.43798425575693745
0.9849243920809806,0.7210322769022771,-1.887934832964554,-0.1396574284573046,-1.0500247579111266,0.5863426164906622,1.2706585427106056,-0.5297638384969556,-0.053494867578701207,-0.018865079834706422,-1.0482035149241051,0.3731745232914567,1.338619069482839,1.8631109171761169,-0.4072303251975773,-1.1941104125317346,-1.7786565655087545,0.7065403619494869,0.1177422106263367,0.9439825228269435
-2.661304037552575,-0.4146379776447739,-1.1473817030888303,-0.2774876614563353,0.4865693754752429,0.9329661732225971,-0.06344973881050438,1.2891732619418061,-0.1892447205819925,-1.1754994283893763,0.14344021953646796,-0.8129490247914606,0.40917769550126787,-1.1367238009906637,0.5841819485656312,2.0643893920639798,-1.7008063226461023,0.9233955147354709,2.7872104239182702,-0.3828319244515547
-1.9246678420916699,-1.7001484308934482,0.20737457857973293,-0.1262133983712735,0.42431822365011984,0.6665306941654848,-0.2763613166025915,1.1466639766344444,-0.8572400402645836,0.1681799096191569,-0.45597405497854576,-0.17152441767118798,-1.1346763861439424,0.11639835288938678,-0.6732395648131179,-1.3040532006882843,-1.0713601179975456,-0.3890456564690501,-1.2457770751192576,-0.43627988392399236
0.44975002090413796,1.7523278576487469,0.3960814456173893,0.7860894306826642,0.39483768773842626,-1.1700867325312783,-0.7505419235575251,1.680711688307443,0.5961671939316379,0.13590162883415266,0.9278806032420392,-0.6973645462090906,1.467102056443595,-0.20315671700243834,-0.36511685285820755,-0.5849631921100633,-1.461817004399648,1.1719711008728604,0.8323135589797491,0.5630829405997879
2.346194542255346,-0.6687667355764245,1.9606185514859191,2.09228357267635,-0.32843026139194026,0.910871649269751,0.5977994117117429,-2.0264012554320048,0.32033096193570304,-1.6762273151730152,0.6993330081071821,1.2965507347427598,-0.21809634244322276,0.37015776342014806,-0.8595590230109678,0.24663080357042438,-0.6978211174410862,-1.9787995925594666,-0.9710146879718877,1.743238941874852
0.7939272262234898,0.6398507266962993,0.657652506091095,-0.13458273293697168,-0.6642015138498795,-0.3036419626536846,0.4016307167040259,-0.004227225497430786,0.15754059806945162,-0.15476663136394114,1.8861929267400281,0.9482817989161648,0.5326147759033492,0.6888809490753234,-2.379119336894838,1.5497625362044771,-1.5796338754359895,0.5534636207756791,0.474667456561402,0.4364053558038723
0.34844190450232754,1.1761654944339273,-1.3245334894077319,-0.13946742011566682,-0.6011851303436129,2.3283532120814856,-2.229650895514902,1.1007598403997596,-0.2807198885980036,1.7142244081393017,-1.5170857868781757,0.5191828894067874,-0.5309361332171678,-0.828345651465665,-0.5275663583574198,-0.6618144559764708,-1.4516307656513252,2.6731369276790704,-0.10463344989857033,0.4609889791149467
-0.9327839156699801,-0.09709920485932048,0.2781297077523591,-0.7430761483001737,0.6720860352896713,0.3114997839856222,0.022854577095182328,-0.08119951673309714,-0.22718225059119276,1.5325725128707297,1.0989577064098768,1.388005000184633,-0.5234455363127248,1.9683221808518425,0.5933814381818876,0.2921876476411417,0.9676863869579131,0.4810397289765111,-0.7390189386283299,0.9068241610980851
-0.23870655925371354,-1.162703662536332,0.2524855163095007,0.4823194162084384,-0.98511293129772,0.4642886636442216,-0.6551259724132051,1.7134404499941625,-0.09978820382316721,-0.14141833379448976,0.8166948663365535,0.013757098784078277,-0.26680132228268827,0.2836566590906709,-0.21398028924409787,-1.0771775283556446,1.4222258071656793,1.08274617742374,-0.030836063977610875,0.1644632544326049
-0.6630540053631835,-1.1304528146122585,0.21855286137416835,0.9666163981274568,-0.6678318798556785,-0.41932107112030886,0.8243523844161013,0.07296681228354453,-0.9941353805402551,-0.17305592681843715,0.42083369100686285,-0.8088255164461635,0.28525049847557077,-0.2202929778921263,0.5159947078937949,1.4415444806570497,-0.08202224741983942,-1.2671494885571184,0.4661074621347665,-0.2520998355973503
-3.5415501891888677,0.05181759812286009,0.6280900315028787,1.1641287055252827,0.20762670340900272,-0.5246881303479092,0.1985324330446844,0.4489518845976512,-1.2269982831675266,-0.07284949805968438,-1.0665429583048724,-0.5452161948015076,-0.6202090522582618,0.2888496118130503,-0.6132702826219428,0.16950911423224885,0.8302997537340884,-0.8808464810110745,-0.6966122646139977,1.1424834459226263
-2.5786363012579607,0.25660304715632554,0.9517035122633755,0.9651012743421166,-2.6191844395980537,1.465298379559235,-0.3702488486494538,-0.7602817760032589,-0.05430564802817032,0.10013107300490565,-1.601129971835552,0.5079874699728634,-0.2734873943511416,0.38137713629294584,-0.07082459990151518,1.408690866263726,0.2921196293495065,-0.010059346116871846,-0.4253378899179591,-0.3164923669815602
-0.8537252057313459,1.33661792583984,-0.5659320937769787,0.674482608488536,-3.239803570738083,0.00367177111381885,0.1953131052792573,0.9623209680746787,0.2624789295039965,-2.008723469386325,1.7833939409886712,-0.12425745468081764,1.9510484960806331,0.2660169255835211,-0.8813911108973735,1.0664856731749077,-0.8723239328044707,-1.0570478385407698,-0.7368591452207452,0.15499980789434303
-1.4137350508679225,-1.1230262451663782,-0.8446134564605124,-0.8755891488908971,-0.9099138055384811,1.1924559820754856,-2.3526232188299687,0.5497343944578332,0.13224144028875806,0.34003006657965934,-0.06120879666532859,-1.5895509911311285,-0.4669790467207236,-0.1521181121669513,-0.6572002397542529,0.27917102605421334,-0.019889495300357038,-1.5450204433492594,-0.7117186360756254,0.4774520882227602
0.4771117058043429,0.47296071407597107,-0.7115620219526756,0.7523949252225628,-0.3104477307510419,-2.9151446711582563,0.23046361588592174,0.3713398968455502,0.16169545763869492,-0.4991005644411488,-0.5647850577969441,1.0744138355118718,2.0127528479764876,-1.3062898218432308,-0.27565533666637576,0.7987687814996981,-0.5357315789470738,-0.34281997150182386,-0.4391501525756799,1.099313827454456
1.0170982179655867,1.0760129602188604,0.8004963726605634,-0.07527632923547962,-2.740676955589047,-0.415577543437857,-0.5662285953803895,1.6933971475041398,-0.9703067448661622,0.9661587053231636,0.9131607266816335,-0.6189989240857628,0.007064727529237608,-0.7496453324811336,0.6149843185080472,-1.012493552342649,-0.21082267139079136,0.6205936136596133,-0.2572246642912848,-0.08146369714218793
0.17512709238940516,-0.5356358056394137,-0.6323693751850774,-2.5375190845401083,-0.3840676350361946,1.3521174121654673,-0.194237029647804,-1.2099606263622817,1.4848787878855105,-0.4645284842431074,0.8258428571371366,2.776294717647097,-0.2604451546155239,0.3212958271001633,-0.49031875957779625,0.2975284623742704,0.2043081969896938,1.0652207263622924,1.7692145594518998,0.1899695114217784
0.3598801224322608,1.093240441473474,2.5321844740279076,-1.1243389917658708,-1.0377106644068934,-1.2243538888284533,-0.3525535086506228,-0.6964307219501851,-0.5693430364738107,-1.2874838274401277,-1.3342145963963026,-0.13751445242594124,-0.1416310787442618,-1.535297677827498,2.0840062040143863,-1.134909194153103,0.1071868166369296,0.25232098689524746,-0.7643367306002501,-0.08744681957108674
1.810275611326046,0.06972567270749773,1.7996342473464835,-0.6219766859116885,-0.1592817319653629,0.34889388010035133,1.3712716623751786,0.06642694969299293,-0.7024873001984764,-0.8487650944706396,-0.22823625606659487,0.5658740424784647,0.2985167226631387,-0.590081711138458,0.6185930092372596,0.9333754750945197,-1.1505974078035623,0.8474711091663679,-0.1423230641622027,0.5939666845443374
-2.0519525775486063,0.7830504118961922,-1.5188485687286608,-0.16154465738247728,0.36881994105532134,-1.4022017044578992,-1.1029640609844635,0.5699712565770563,-0.09120663467352634,-0.580542767810741,-0.4419445032909449,-0.7580426169509508,-0.009991322831574034,0.5972075143986292,0.0470649214320396,-0.039265230911930876,-0.4765447327555878,1.2268425654577426,-0.5369393840148068,1.3144044843393006
0.12448272928429081,0.7812933799558198,0.22570591615242033,-0.7446061607153566,1.3374254853091085,1.447149686625435,-1.337806025603507,0.9564700524870683,1.7794153346282577,0.45401144022760564,1.436860610627406,1.2537057916347212,-0.5760136907653433,0.6334920023025423,0.6910217928879856,0.9035666962622715,-1.5365215124974818,-0.019906170055959217,1.350381129770501,-0.5614532878837529
-0.37942789862436793,-0.9144873398792113,-1.9272505992052829,0.24826174069649343,-0.4512149241646731,-1.7478323142252796,0.3978395672614858,-0.4319460217834636,0.2800568337349357,-0.5376619629883115,1.8370791332375938,1.9169317895495641,-0.1815478921741126,-0.11270921590256497,0.6923378574050976,-0.9544077316414933,1.5548614997377914,1.2096759372422097,-0.19144639818532871,1.3692392057046796
-0.31503020769292894,-0.07429220263566831,-0.5220578955198478,0.906365767376669,-0.06649614322019702,0.9768807690930421,-0.09784315546735131,1.8267140763040792,1.0172585304541737,-1.0157222574076763,0.9484288032681139,0.9470504183507444,-0.4830260706006391,0.5230383844251747,-1.9161710452160146,-0.8177665593518386,0.7732655531068924,-0.9050330216493421,-0.08479568364611006,-0.781347117311322
-1.350423251208042,-1.3071433188303285,-1.33090453745335,0.8875639981734026,-0.19963185395308713,-1.493072871959799,1.4440677697744961,0.714899538506741,1.2948769535047298,-1.6013288938218884,-1.371161459865558,0.09094272550797197,-0.21964112585329304,0.07808755155803951,1.599757479184779,-1.104587345763798,2.1404931662136852,-0.9661889575093923,0.8434441075386734,-0.7219396977991653
-1.1889725895200822,0.3450535645734045,-0.33526215010273136,-0.936241837828756,1.232658426094422,0.15721357508703732,-2.453896999876709,-1.8831757587293743,-0.00043999182311092803,0.23365701154347868,-0.04731733831629521,-1.1965308161360853,1.1292757573478835,0.29825675946519475,-0.4400446066204961,-1.0885596032959652,-0.4782493999248591,0.6526794808930273,0.21283055169895446,-1.4452275477009089
-0.8855840382792826,0.1635511821310774,-1.5822364418786663,2.198438079536707,-0.568099659081402,0.0918010424733188,-0.6111495192736461,-0.607169405344472,0.2918226111225612,-1.7454930037927852,-0.10204037324205703,1.004347551880468,-0.3027748747002544,0.5432946470691201,1.7667180029897844,-0.04488430920522221,-2.070803642445395,0.5132148942512825,-1.9265521981737626,-1.110187512025482
-0.3104183996760522,1.951190151978445,-0.7345355770456494,-1.2143445128217365,-1.3430573740189555,-0.5238562655002864,-0.09197935970984379,-0.5156922323044651,1.4641151491789421,0.9504749508312987,2.0202812082980732,-0.5827701222504769,0.9419320557300548,-1.1584623585651113,1.1265022440175971,0.19849893295898313,-0.928591406811925,1.4420743165543672,0.2945186614569903,0.009385514923022887
1.8063506583633433,0.6341245473237079,0.3487429996827901,-0.19083210098396358,0.7615803466338544,0.24791865908020716,-0.10650297003517413,-1.5139777095556364,1.2317851925114522,0.12585185706668928,-0.2757931565382828,-0.7852814691435392,-0.7574550923632805,-1.7638928703919796,-0.054661415424355396,1.0754402772255087,-0.26302424275849545,-0.3435053280142123,-0.5342109612933377,0.7534942978152243
-0.34231445103089875,-1.1230721052951786,-1.44959145983042,-0.5373753071304943,1.60899437052434,-0.14451401467748054,-1.4173029519704399,-0.2223120294439823,-0.1266005299548314,0.690028316037277,0.7255492241459139,0.18455081926915434,0.992191676173598,-1.1597786265966366,1.0493712289863133,-0.32645459859586423,1.6568579944022754,0.6473230651444426,-0.8516686904069487,2.82756672028108
1.2086513511061592,2.601463928093979,-0.42899702089236946,-0.641496707804905,0.08904331516226717,0.7502778729612236,1.8083473200382207,0.1444899431654084,0.06311080769924497,-0.3013573810434734,-0.12132855433363728,0.3545111451932575,1.421373178867431,-1.3118000255130626,0.21149991580271407,1.780231920286214,-0.8725319959134831,-0.07956402199006038,-1.10832073421948,1.0954812512464953
0.8750607487124272,0.3377844345487721,0.5884879624580358,-0.628540302211258,-1.3503241598594595,0.10124182120967254,-0.55354988664676,-0.17816420683033035,1.5860103078502474,-0.1548869017622358,2.184417014469427,0.8916572026806482,-0.19290197814232318,1.6286116417713206,-1.4426740969469607,1.106219588514676,1.1996407398770574,-0.7204364441087322,-0.7710716748650304,0.6577653461414146
-1.402534789796501,-0.07131834052225335,-0.4716648770550033,-0.574746714000925,1.194526980846842,-0.3261844772004827,-1.1771054563524261,0.2774930299519021,1.9685142560484736,2.75811547144726,0.5966741717049207,-0.27081008943200496,0.9180064548035813,-0.1277921497720889,1.2420155445146184,-0.9926475936442233,0.45700225004933515,-1.8461574591204306,-0.8507064313413917,0.5159233989948377
-0.11901123743095969,-0.2273102189837154,0.2531262228837246,0.020350707962483432,-2.213239089561339,-0.4101115004779237,-0.05953504114895425,0.321608579621045,1.7001288920684834,-1.2836641044619672,0.792530772887927,-1.911719741735701,1.0927857963939835,-0.08869850007144428,-1.0376500849668246,1.8201444373797524,-1.2835893934744733,-0.8530785197851487,0.015124312622745884,-0.7033289330850219
-0.845727987737201,0.49274913721182817,-0.1258193798017962,0.4878711365539475,-1.2313666268136803,0.7202699432098172,0.11907335485296267,-0.15701316392072012,0.01061297232316362,0.16537554637353719,-0.7699956446178536,-0.02231651119029749,1.088294321814284,-2.0218355589629327,-1.2223905469959138,1.9932079301652252,-1.0052541644713675,-0.9738897237033038,-1.11174439360011,-0.8295825372129171
-0.07103111723692401,-2.2458682172182276,-0.24419516246917622,-1.4167071588377274,0.49900283087033165,0.6411651168644723,-1.6058004229510963,1.8084101284268381,1.985156161672301,-0.6595603006258598,0.9120852554775414,-1.538381662881611,0.662602479445141,0.2779598903192759,1.325891533514653,-1.263149016367415,0.5045194019449544,-0.3769056522891666,-0.4738368439370283,0.498763619534061
-1.531543313126476,0.5966256690478546,0.7088758865163689,-0.3990032931429172,-0.5939718986728288,0.4394760107138037,-2.127093153744631,-1.1983168833294668,-1.735090562170578,1.4705252366152086,0.466516415518634,0.19598271975414586,-1.9573844593619112,-0.24250809763818323,-0.6427641454430264,0.2108502488671518,0.028291742241164836,0.37021193829653215,0.6098556056719365,1.123073396693191
1.492096639866007,-0.1234895909964248,-0.11734180213000697,1.7397117429565245,-0.4050177956619225,0.7227581146527826,-0.18992370797870978,0.6831894752594199,-0.74057606794786,0.7858933185384841,-0.7855737454909255,-1.0796344339570618,-0.620631817811089,0.461378205540587,0.5671628223346007,0.08773170019118605,-0.29787400439980627,-0.6751361627737308,0.3654611180156204,0.6848477140832843
1.6631133383771892,0.44390281165014783,0.26101603064411294,0.23926497206092273,0.24995848433607443,-0.4348391865098733,-1.763392955646765,-0.5987091604845324,0.6463720344120715,0.8348210058976565,-0.2790920835683233,0.6034207711443937,-0.1206276009860901,-1.0978410954460485,0.6940398110151602,-0.6811147163805991,-0.07553826105199572,-1.113641443962037,-0.4026173933532061,-0.1254142370185538
-0.22860262977408877,0.639199169918338,-1.0107394249864041,0.35841891728409997,0.6392214654586723,-0.968796341575606,-0.7795870720737262,1.059056693888869,0.44639302478025605,-0.17318299622621977,1.6481839175753532,0.14813488323478438,0.03586538197862992,1.791805678964395,0.6463689064796629,0.0879589298495499,0.8844719353367476,-1.0315354897760998,-0.4623785258449155,-1.4527829358619746
-0.7493889277447358,0.056353546109291205,0.8276705734825776,-0.7405016976817628,-0.42095689598633573,0.6630590776990116,-0.05432669672835134,-0.39595663855740926,0.3698933616450565,0.04992507864118872,0.04440774041515377,1.046099335092432,0.29677402584163254,-1.0791175704464013,-0.6028707397325895,0.005386010189663794,-0.6290003910133298,0.6298776659784309,-0.3821242694946257,1.3210603617992551
0.2013143498156479,-0.008485383303389485,0.528532595645233,-0.8615160365247846,-0.19759970750803116,0.09619660857261397,-1.4969180563359994,-0.7432170125319987,-0.49490206203433273,0.04912424439894803,-1.6439252358844265,0.42696443749756247,-0.3814952465373764,-0.4929775809378469,-0.8483968488577407,0.1320777933808443,1.394463509816737,0.780075133933151,-0.41837043216030506,-0.45871865045377735
-0.5988979062052853,-1.5781761847363296,-0.023542180830659912,0.6237394617435007,-0.5148519147564885,0.4766897348157729,-0.2611260328974576,-0.6678299310329948,-0.10874807485903448,1.203395524569779,-0.27967579804374293,-0.6927287156023281,0.2554173074203615,-2.251631359778245,-0.9581588991947454,-0.1634688429867773,-2.1311878890789187,1.0007363676960823,0.8539212263654052,-0.6428665997199837
0.012969633870968833,-0.9984632943434553,1.1545855620677057,-0.25913998425433304,-0.8331855956399639,1.6073553476234357,0.30861037581222234,-0.1686020636813544,-0.8681712822297393,0.5715405287959443,0.9864831594118957,-0.039993359259418985,-1.5117498564007488,0.664204307025452,-1.5888577766086647,1.4800233440118302,-0.982417164531766,-0.5353778727633232,-0.9242247891592595,0.8556068063613727
0.31641598176675445,-0.09060378202256787,-0.2963427284522124,-0.07402178307271043,-1.003946595065418,2.2158926010772984,1.473624081538406,-0.582516226720033,-0.6588982357353195,0.5282261856466829,-2.0146237413375983,0.1320778014540098,-0.5605314822310694,0.7659443170646669,0.023989857236676494,0.46161262440143386,0.6467311611706131,0.5980074093289964,-0.4796473077404589,1.1473731637079267
0.42101738082134615,0.49319268767306523,-0.7434456844195794,1.523893567641965,-0.4070318447900212,0.10007716952212446,0.7390349299461972,1.0752696628805507,1.3073484187181514,0.44103036101539117,0.01904567027141096,0.15886998470596556,1.1321340945656977,-0.8330241195754208,0.6468533768670931,1.5003139432152093,-0.001046188977893514,-0.3065289820712417,-1.4014114793443153,-0.953820046982597
-0.36329851403630503,-2.4470763714665,-1.849047746212959,-0.7234987086938145,0.9691869361090344,-0.5939915154583898,0.8919206536888682,-1.3306530234370888,-1.4709075546348096,-0.9753945545467597,0.24872002820930758,0.8484774135919964,0.044991718956443445,0.3870462530736573,-0.28262284735771365,0.5407741207473308,-1.7026118647322341,-0.2129869843218535,-0.7922578718366593,0.1305899679694668
0.24938199959600432,0.8280601815101495,0.3882218235106744,1.2249597529878231,-1.2487949733326034,0.7792294338560943,-0.8210854305542783,0.7152939520597404,1.247143318727934,0.9990854388031039,-1.3078590978761342,-0.8556769967794771,0.610361783316193,0.14445513458076645,0.8461797365182585,-0.3448086856331792,-0.2550071653337968,0.11748118376183901,0.5761068797018905,-0.09734547442974124
2.440762585176119,0.22303785885112928,-1.9579722891234885,-0.9683762575476225,-0.21062498440927996,-0.6064025306324948,0.21512174872817608,-0.13448668231237515,0.1664495662188049,-0.5969564403289914,0.8426866709514899,-0.3305596151568409,-0.8012085009413451,0.3509106057342422,0.46863776426188913,0.2685789245625718,0.30753370452505907,1.3890711068680204,-0.6114086290809139,-0.3103472829350308
-0.6761224665582263,0.26600251615913106,-0.46029251258792775,0.265019702686182,-0.3910554363485742,2.381617945839876,1.2122252852354674,0.8707444608360052,0.7446102636277625,-0.3658330726794377,2.1704751295832354,0.08632898093445364,1.2831465531249608,0.3755495761919184,0.28152590876253725,0.15571083654430615,-0.6132905226394484,-1.3578625428596047,-1.1630767033534959,-1.0769261284552398
-0.032800558215405,1.5321926133889359,0.8525026746520973,-1.0272362171984613,0.16943924726304574,0.6952132200693338,-1.1141744074638538,-0.6209779119147519,-1.0145530068626902,1.18547755246816,-0.7960127904963659,0.15124120320819356,0.6985299004761766,0.22336145247632339,1.4418166275231932,1.718469529689298,-0.1050770119972002,-0.2976095664540331,-1.8954537999076997,0.4570012989111511
2.257876075704195,-2.0236717898370125,-0.5128689517639515,-3.7569935153445075,0.6676416373500468,-0.7782397065370685,1.037625583374331,1.751601491754742,-0.48218824392210413,0.27195910044514304,-2.003260817448264,-1.241244001599832,0.6846374457442475,1.1672017655989646,1.3745997509852437,0.3111966642013274,-2.3258807223140887,1.946935720642576,0.6653371476921784,-1.0028091777122639
-0.06855950765945175,-0.2481808997728865,0.35331119076943784,2.5456096849693637,1.679130544180975,-0.8450286677333402,-1.8758240211656108,0.3696046562806652,-0.403559124443908,0.9204652181141174,-0.6377429717079633,-0.35485573936145504,-0.7497870203756563,-1.1510584986107917,-0.1357787313513581,0.9653128301068017,0.29133540130937907,-0.20498645147523736,0.23423919743214874,-0.2900789156521345
-0.1528589760107737,0.8008503197207929,-0.8624011261807647,0.6743010151375748,1.5632345982387597,-0.4758592836328474,-1.130906431128865,0.6678156099462759,0.0997042790987831,-0.11476138208275023,-0.6740483403667196,-0.23624802243523702,0.9414427774380673,-0.06001276269311041,0.29562442652508164,-1.0377983372998,2.0389252736702277,0.2935758003629476,-0.9340646373496809,0.7071950176024542
-2.3249332187018013,0.6654894188428709,-0.23285506319912178,1.1105585501841864,1.030671693238065,-0.7705875739919256,-1.2275880224303506,-0.331166023282196,1.7142509778534656,-0.07695017307700909,-0.5281110878054933,-1.4722909172742138,-0.1507053901600642,0.10657187902118175,-0.23887098689850408,0.4841742754840681,-1.2229103761421736,0.8588866435953076,-0.03406738947383582,-0.5328284634310029
-1.343659269910796,1.5819140650636663,-1.1522233084396096,-0.036076085324134685,0.10257620027642829,-0.8378100892319904,0.29692271000592385,-0.8207031430961975,0.6756156621750411,1.403994450070526,0.12573674284153444,-1.684000072170671,1.4626568735234813,0.6054411525536635,-0.9840155162056156,-0.9338965134947579,0.7566029011218792,0.07601446608042545,0.4582068414223059,-0.08552004127198737
-0.9268272171733749,-0.9174842216851549,-1.2762142905357772,-0.9374038878318233,0.5322439281087027,-1.6041114256930145,0.32332111813507236,1.315766795767283,1.0262853153487999,-1.659261388459579,-0.5514704146277419,0.9940017772590914,0.9007440114866166,1.5341309790926907,1.391430592381013,1.4597732807524546,0.5328384275027511,0.5165090387141457,0.43489843128105754,-0.3675983386618876
-1.429227239316781,-0.002477265394439891,0.10093634181943278,0.9734139867899293,-0.5820847675240268,0.8501490992276953,1.2840958961501339,-1.312871695604874,0.48086725260989305,1.645242015442858,0.09177761653430842,-0.16138209948207094,-0.15794013313907063,1.4044223312934965,0.376507387154096,-1.3326520755101072,0.8629702555459544,-1.0646300517734075,0.9715803412632573,-0.657676557569833
-0.5418649963864336,-1.320848759373128,1.3122462249459963,1.759865474847491,1.961501621158901,0.25746856642054405,1.298803635696551,-1.688282899241446,-0.13647410007609914,0.42649403955245535,0.04992145829019231,0.9458133950922122,-0.5765521007565961,-1.6113931307255918,-0.49261216851726825,2.414492493544195,-1.5741396122126086,-0.7822254320369727,-1.1683693528550363,0.5398276939084575
1.3254925010413265,3.0101013587957324,0.36721611577065805,0.5202291337770988,0.1851394352284464,-1.7604872380827112,-0.7748918756259144,-2.443975539107686,-0.2511947699179116,1.1915780003658183,-0.4152808235554075,-1.3792562687001146,0.6951622370149227,-0.2118957023098502,-0.8342493402435727,1.4960699416453445,-0.028590815788587246,-0.30117182421433814,0.005023762208419032,1.3250029961355345
1.4350805289561315,1.4873290795702145,-0.29930987756666866,-0.8209942693636433,-0.06541880700674585,0.26869942736686514,-0.2154708491525926,0.9636967096674048,-2.6030673914016633,0.7017688668227426,0.33282629663718427,-0.22034735756322577,-0.9535404594376455,-2.117822261283222,0.2351316987732617,-0.8240235826405933,-1.7969180391418331,0.7395113711870522,0.3302735788008878,-0.8159968300012854
1.8193318344931033,0.661453616035815,-1.926920810607771,2.205795608934049,-0.20167454593013973,1.2791863524586538,-2.3265650541506213,-0.11727952582597286,1.5749106302312756,-0.4596629486815244,-0.23874485924302877,-0.5493634028646854,-0.3642090430507938,-0.7616536458936691,1.1759880357633004,-2.335853177328999,-0.6831790103504088,-0.8196626284767785,-1.160969703228696,-0.20409024491019379
1.0256601019148741,0.8268805544274124,-0.9845071658136512,-0.515976342152102,-0.745218268387178,-0.4723427671907427,-1.4622553207850741,0.2923729587179573,-1.8801859996967254,0.2290595744239959,0.11350702732340893,1.5570381012170864,0.38613180800530983,1.7435841859034382,0.46437004478379257,-0.3652770578523648,0.16034622144909913,1.532883435084012,2.153575991136401,-0.46957426800515956
0.7886938821814109,-0.30401239853091094,0.10556347631100982,1.9748748643321372,0.513829810678563,0.8821685238312141,0.8853039479693399,-1.2791059463079546,-0.9374184170992829,1.3390599120365487,0.08112633952649645,2.431225359692806,-1.1902648062893697,0.39112522551872775,-0.46443612627107944,-1.5427002888271888,0.8586982211554366,0.7165499795093033,-0.0483231566891242,-0.20538911303728616
1.1583686023412787,-1.9106430251451458,-0.18850438960976793,0.7773043077547478,-1.0391330228537692,1.0723383111400797,-1.193240793824171,1.253717710307397,0.23880479668068408,-1.2413291471022097,1.2002434946739344,0.9717783254197349,0.7289008769019659,-0.805916522508448,0.8267664602646081,0.6888455876621036,1.0457013837130344,-1.3349329988804672,0.666218650877746,-1.361314072158526
1.222635781451357,1.5680640167270876,0.06595772348482161,-1.2688068354734572,0.2980189911139104,-0.6421205044384235,-0.28291556791165456,-1.4419256928302058,-0.4569073804387108,0.11840327792553658,1.8677484352821865,-0.9245331258142001,1.223128169872314,0.6181969590896645,2.470739639595732,-0.4048993417185338,0.06748440835636677,-0.3061901096579435,1.1274981464459142,-0.2615745447479476
-1.1726489546526457,-1.0302857946193094,-0.08582861287977406,-1.8661934359388608,-0.29779932184040714,-0.03524014087978685,0.027650031129818682,-1.2926957039594398,-0.44449836232915385,-1.652603692469023,0.21951030372683006,-0.03741596586007547,-0.21326477031022342,-0.344207377308739,1.8548572425967083,-0.09075073168191708,-1.318230616165305,2.6630464464743513,0.7899145307236918,1.3107821757220484
0.4607319617212891,1.4846194656275167,-0.7760206254003685,-0.4706853139395511,-1.5794662032258817,0.6403596546616417,0.9549652009551023,0.05074519171004997,0.35479410033155667,1.656156349542784,0.5557170601470965,-1.0710146906154057,-0.16663951998919838,0.011936549169353243,0.012321130195858161,0.4427625022898583,1.7185743734955259,-0.4306016248168306,-0.4384037029514992,2.3173666839450773
-0.15026478864713236,0.8557315086675005,0.5758757174739388,-0.49247835142663343,-0.2018175098534039,0.298956098169822,0.533555142397038,-1.2629913195533184,-1.6562461789883276,-0.5202178301367837,-0.7490820846819186,2.047804144805946,-0.8157599306572092,0.2996718379287786,0.23341100481485302,1.0498807630124531,1.1775481106145003,0.47018843584527165,0.6320876867801661,-0.22634413006938103
1.3492050108418134,0.461145484233206,-2.8955387065550817,2.2685290425156492,-2.2833587574424814,-1.5428755395610705,-0.5972183137087684,0.6741606951628732,-0.7702801172450364,-0.9126593512908903,1.8588169198617088,2.768255480078662,-0.46523598361047785,0.11812364636552908,-0.7999459271005889,0.2492161617200009,0.8110524706821435,-1.2540031080741656,0.4376802556970588,0.9188904140324345
1.036650889952076,-1.9640081096469213,0.5666222842604788,-0.5756488869164111,0.6891485414381316,-0.28774923095253735,0.13258866241625497,1.6311840864723317,2.4105180695653123,-0.5057167626141911,-1.2466012090866778,0.23182887825523435,2.8354922979776913,-0.8312884881846312,0.5355231227973613,-1.9010840907745667,0.1843896351982716,0.17633602592038444,-1.4487512797897548,-0.08103254123529176
-2.0163030935196993,0.6237434445659229,-0.47175393984214264,-0.12311486927096975,-1.1366639149810063,0.7501255616072263,1.186734527947198,1.2835345476874698,-0.33939490177484566,-1.2836062534434032,-0.9770715756325545,0.08410731012704956,0.4703052436496371,0.2653376133259795,2.3972042255451482,1.060787747904219,1.672055838225128,1.5384035963039122,-0.5294757465027007,-0.37498214468914726
-1.0332493547538886,0.20246698735117172,0.2500465536955865,1.8121563984185036,-0.8445730201006862,2.921190851834936,0.1423776952978542,-1.0000380667829187,0.22832794829397285,-1.0412381674819897,1.1629725311050956,0.38604403099379936,-0.8723003264455423,0.005688033611315456,1.620319486466441,0.8700558401565963,0.39808541596490854,-0.35044522883192136,-0.223472544018411,-1.7982343743901725
0.2498579119654495,0.3045227383386603,-0.5406331682583878,-0.4684009621239461,0.23431632367045074,0.52265148254078,1.1609342241887017,1.3911469784264268,-1.8309619916289093,0.12178020073549528,-0.5899630316636215,-0.3592694070630475,0.7843657375250347,0.09030127943443617,0.8377880521604614,-2.183146419819471,0.5648281580865822,0.2289884969583246,-0.7057100046056294,-1.5582885184004835
-1.2140365106426825,-0.9769768506351655,0.04663017015714484,0.4212523147305952,-0.49935067563836616,-0.8521257854226867,1.7877808657326406,-0.9690043137167459,1.0261050690019076,-0.547438406223654,-0.7531355978473504,-1.0588046567940173,-0.5368951700162184,-2.0052139735578294,-0.644929177216602,-1.8684238622149785,0.7682798159595188,0.6980845894341515,-1.7956301276935376,1.6953581231453376
-0.8370912577575418,1.0843546888261852,1.837799386611911,-0.24239744500589025,1.2059797850857672,1.006677494334028,-0.6329478277114281,0.21868541817274303,0.5497752427336041,-0.558972488002311,-0.4398738492002935,0.4209041181407382,-1.3789870847079855,-0.9378413832676836,-0.05434319703119598,-2.4467083656709003,0.8316918602442366,-0.08343253565151297,-1.889785544456812,-0.9283922687091322
1.7719845424681846,-1.226689650454888,-2.646255641780185,1.3508237915381927,1.210845992421305,-0.8462654583290964,0.936903656703505,0.9465230399878344,0.6324282881112224,-0.10650451629808455,0.9306461553244575,-0.5570166489045528,0.06320810561434766,1.0218761133848784,0.3436975598944446,-0.402988921869082,-1.7273522080301111,0.6062683748790738,-0.45792651208619095,-0.28695012163576566
0.08285933995811523,-0.985964015568839,-0.547547238636919,-0.09981742919425889,-0.9589181320883218,0.7384979341355606,0.626962378441839,-0.24368565983193372,0.9340868135828507,0.2603938369690531,0.10397953448437679,0.9014734806861575,-0.7366202402406771,-0.8615853064443253,-1.0397772207316327,0.2236887666124694,-0.7076214474789295,-1.0254485107098905,-0.8542397955122226,-1.1197209866947115
-0.9402586943463361,-1.5009762277905263,-1.3800242657616761,0.43943977259285383,0.8956604145486884,0.4519795136045403,-0.39693185266466,-1.8611753060403373,1.5912577210554473,-0.5056486950661049,0.1665078080644778,0.058737958524128886,-1.018519019566234,-1.4805897556639895,-0.8747794166926234,-2.3572643465657728,1.0581791779259482,1.1567292108550085,-0.39756194074294127,-0.334726621862368
1.0584483096577755,-1.354310208892054,0.26073297580038024,0.7313378468363466,-0.5322939507393845,-0.5625166875389356,0.26915317315767695,-0.5295091774494552,-0.013465646358617793,0.8960011401700081,-1.9169809439902958,-0.873575927225547,-1.2301339161714562,-0.6529770277556868,-0.9429500435415871,0.1884435101644446,-0.37075875814715686,0.3893072084533621,0.03332918818212441,-2.0343628235323585
1.012207451656143,1.0024772104896607,0.5897313270459855,1.6700769267090763,0.9420800096480676,0.44267580810640456,-1.3674183219476264,1.2124485279469877,-0.0668536328474751,-1.814903452093031,1.00666817464455,-0.34494162215354945,-0.10516752329319788,-0.20719282875772588,-1.552778813672663,1.5916506368892898,2.4041902726199003,-0.9007445754176954,-0.1965797356455787,0.7845136049750701
0.9904199390686826,0.17817946805233095,-0.6736921001488443,-0.09763412190391639,-0.8578160462228901,-0.5920522556634,-0.45080573101892496,-0.49102857533569355,-0.2615286737876852,0.24141385199974275,-0.615291494801114,0.6608337271932392,-0.5577812342132648,0.3750147760169481,1.256669652092929,0.6033727626610301,-0.2843561417258171,0.5416613491465238,-1.5875372367282274,-0.03436661026802149
0.3443638939392527,-0.21695311054227234,0.9300732617446579,1.6915752548965923,-1.0555135046299846,0.8440366686417273,-0.29693569049117263,-0.11374893471706711,1.8109467017544054,-0.8735391087080039,-2.0453028720353954,1.6769820518626484,-1.2508006097509388,0.4465754354938087,-0.6256356236923485,0.9677086942104286,0.8526946684671846,-0.540577699005222,0.2963440322813014,-0.7710920248348702
-1.5980861454879602,0.36752691566264634,0.47474231994607985,-0.8894167966194562,0.6647035158536743,-1.3564616950694064,-0.6135363940980949,0.47306667594169527,-1.275321142190805,0.7897575312909564,-0.0235683812750946,0.9360276214810869,-0.25590798664794034,0.10747973972185158,-0.068501664232557,-1.565673038315254,-0.3918490055790925,1.0978672352900338,1.4271838321514392,0.6060855614814311
-1.4294845275565138,-0.7997651556396059,0.09855750085012477,0.08004773934206663,1.0413438075883927,1.1646751035288714,0.33854529000600675,-0.5040003917717626,0.09520888077935277,-0.5437173808861248,-0.9423034606368454,-0.4530346271776815,1.8360089441911631,0.13235032919735784,-0.5445606944638584,-0.317001793830332,0.5332830696383338,0.7965149148862715,0.8569738490506392,1.2219081613387186
-0.5590915061588093,-0.06278990127970796,0.37171131259524787,0.3410994245617804,1.437513660902289,0.8713439698720952,-0.05190284065193598,0.7799642805040737,0.7401777760080619,1.0065667916118424,-1.2216335102629894,0.10123844232434165,-0.26539454778021637,-1.6787890988555303,-0.3144027184407185,-0.8949393537654707,0.12226954937227419,0.7614974328449106,0.6582810522917152,0.3401235922079512
1.265852927545074,-0.3769494833320407,1.644293518736424,-0.7082688216872172,1.0149626081470886,0.20783872605988243,0.03112980381063421,0.9675814668291159,0.5789795988575718,-0.5647853060562814,0.05606459571053551,-0.07194715058459523,-0.3123861545038077,0.1247318791666862,-0.2626366348987199,1.5990312620360057,0.416207013792624,0.25766104735674256,-0.1482917142339628,-0.3012707778046826
1.9495172618344294,0.1351604790267266,-0.8741492935994821,0.7564005336228338,1.6241100297964162,-1.1638356870509616,-0.08479926346089188,-0.9906506977465845,0.9919180681235062,2.240747355941622,1.3557513712578149,-0.23295996723336093,0.07866079048443858,0.9018187828866805,0.7280828144009802,0.3386264229303365,-2.7100568214994283,-0.02097467843998751,-0.27977930081025243,0.8608431532466848
1.4145154963899962,0.29078885644853386,-0.6300499423510243,0.2775586483561576,-0.32001777487150485,-0.2847230408092057,-1.8350803206014634,0.06336017071601852,-0.502248003191183,-1.12763541842493,-1.0175855470415487,0.25409161150511883,0.8707193446652824,0.9786754092195623,-0.8873365579917748,0.023642974591450785,0.9722114064763023,-0.923266990966368,1.473212776171977,-0.7023042267043241
-0.13586766316613513,0.48322580695161005,-0.834497462816464,0.5585104190975919,-0.17191677103691794,0.03295684425621835,-0.10430038156978555,-1.6040211795403578,1.0124221683203947,0.9453236672760251,0.34978518234666583,1.150770391123679,0.7583150167976774,1.3240567656902125,-0.5398909038168656,0.5237463313361795,-0.8697060754583743,-0.4634728682175187,2.0600234144123717,-0.9652187963407256
