-0.5434869618597747,-1.3254154682369195,-0.4515867528366286,1.4253080729179637,-0.22082574509885924,-1.3702401346599353,0.18973371642546802,-0.3970893735909228,-0.1928715272820725,0.07178113729692837,0.1197552821585461,-1.0993540340547716,-0.8873751241548111,-0.15032959534762058,0.19866359223021912
1.3919878138870312,-0.03447226544398219,-0.09501099854498024,-1.2797436182415023,0.0010798112819112417,-0.1474696086784042,-2.0860758027141806,0.06730898006317906,0.18305508317247582,0.6499772501754669,-0.5812028615354268,0.2415281829977124,1.5933229309887524,-1.3374418592790145,2.4971994584811963
1.1996294834703574,-1.401651934450436,0.9763662492634135,0.6184418621007989,1.7696204343956499,-1.4331827237689603,0.2077114602822577,-0.05468593951434073,1.2068622902602137,-0.6097826284391492,-0.40135275703540946,0.02214171380050491,-0.6930085672460077,-2.752110964441421,0.06955627207429838
-0.759409918277587,1.2773854077567064,-0.8663063984674708,0.1999181071707186,1.390390338273376,-0.07368041849866071,0.33946845196622033,1.3171916399554366,-0.08493747045325657,-0.7138900504438582,-0.5334625876884759,0.8331171632848042,0.6797940468172373,1.345311195838251,-1.184010620004722
-0.3430655406923402,0.15259671001582484,0.9069186038916558,-0.06772943821071248,-0.7312130914569273,0.8328721017827327,-0.25599471655380274,0.4199701374609202,-1.4386305266908292,-1.6005689541222272,1.2866640148331423,-0.3328029049701151,-0.10878596513278245,-1.2410505873937656,0.04096833667276708
0.5008157518315549,-0.362190320990904,0.19613700548262497,-0.009796283186451388,-1.0191146103341753,-0.6634997240650247,0.7713356321308199,0.033497641482636696,0.8908364993036417,-0.9339637787338678,0.474668929605717,-0.9954777510740067,1.4480185386592164,0.23448841818011998,-0.12041315304810454
0.046675120218793366,-0.26279602492164084,0.5936281568965106,-0.8689528478739413,-1.3040085085021242,-0.5590288401806476,1.046997210984082,0.08096082614750523,0.17552669403200333,-1.2341646005065388,-0.6207650533565737,-0.3743100002559192,0.3992680591689598,-0.6095404239305721,-0.03296069806315125
0.6833548830994811,0.46478943836734815,1.8556494978849307,0.9369004017210305,0.6405995302451778,-2.2198732918125965,-0.7957783002361823,0.7816454660245156,0.15745792211847331,-1.26761718023785,1.6450791828209974,-0.8495804017343885,1.3824435437128644,-2.0159124512135773,0.2761047208972275
0.9140621614650493,1.282654170145018,-0.29023144871484585,-1.4190127907209726,-0.447947084683912,-0.7020427977809239,-0.16337952691192204,0.7191867183337475,-1.1760545398090956,0.933451741476245,-1.4965513853772674,-0.2543455700591917,0.702268032142909,0.010023711417932384,-0.14591318348268364
0.7431697879311149,1.72934934318389,0.6077650498294883,0.6270162463218972,0.48147464330119083,-0.6589862199385796,-0.060408589973040716,0.6464090453613581,0.8094919671984065,-0.18586835852908365,-0.36166627642929033,0.9307952675450686,-0.46048576629788424,-0.11821171351730063,0.3117576476758745
0.5625454555413448,0.4553707149632697,-0.801274775213908,0.522237105478908,0.6496910148308487,0.03223158125637469,-0.40387147080547964,-1.676548139397262,-1.3819687672062426,0.3487406084680855,-0.44879429986399266,0.4790802293934317,0.6878098143939717,-0.24458156482220658,-2.7803108319519283
0.17608994013426954,-0.16992375726125525,0.6775136927090994,1.0928835193454298,-1.0832785179714186,1.5029667402953066,-0.5958195666722954,0.3388364721725203,0.21798296201449188,0.6811436908259886,-0.9615482557507036,1.1986930588366664,1.3982007118279713,-1.132812355487304,0.2952111802089013
0.18013441340332792,0.26170684606933053,0.7210792408748239,1.266628529212717,-0.09480057123913084,-0.4940080929953218,1.8216176626567802,-0.33802022880732946,-1.7178849657566118,-1.3546887539709138,-0.2936196362361288,0.42137937925579455,0.3378581807356156,-1.2591901113701103,-0.7943718067730792
-1.2746944961477795,-1.2319916588047732,-1.5520587266117194,1.6670579643731198,0.11142304950191206,-1.3716178202953753,-0.13506180459631686,-0.17009469837682978,0.5055444632601812,-1.29731511010139,1.2991566156086016,0.45758980007004907,-0.9839397578829281,1.3258995834258476,-0.2881227469857544
0.19370568955364725,1.3919131144044405,0.4560028810643264,-1.545777196198934,-1.1157940649248521,-1.7619436208169679,1.0366596602924538,1.929026643547124,0.5270679559967383,-0.17114868862394858,-1.0839378231759922,-1.7743660451796333,-0.6938605147366642,-0.8934418462348275,-1.8537031004987357
-0.09817615073137832,0.18347534750077651,0.32975502668663387,0.976783499115309,2.5667383316461585,-0.5212526247401554,-1.4067449485061108,-0.2239742200742004,-2.4537567942947835,1.2315114917323657,0.8344712527528699,0.0657227763473147,0.7847765430847838,-0.6632200683605957,0.6429529646503513
-0.604732429233243,0.9149092355949335,0.46494691279791706,-1.375628520295247,0.37474709645020404,-0.15524750577895996,1.2569068778427284,-1.237538618493985,0.12802319365965326,-0.5394757752034014,-0.4698159999414523,-0.9497332539341369,-1.3981841083787292,-0.18971884931009184,-1.657477324911283
1.6821952751488458,-0.7077371870003655,-0.974192358665329,0.9408360423600629,-0.19234205535502075,-0.46329363691885056,0.8970359904842269,1.4591506096628941,-0.2615262942671721,-0.19872086429885696,2.153401650075118,-0.554402323306489,1.2266769028668323,-0.0966037239745827,-0.5027261272615319
-1.2075283565524266,0.13659218417359278,-0.35580412853974847,-0.17965806184563982,-0.09704029333590725,0.20083140321274756,1.9059571685303682,-1.6102444347385043,-0.6823462051513147,0.6157441532094055,-0.30717649805457853,-1.9243579545792993,0.36798253437646594,1.8593995343020289,0.09523745259490884
1.6578924741626961,-0.9956780100462399,-0.368410056089738,0.009683106852790207,1.3142235721373732,0.13950429109196447,-0.8971466131887958,0.5650212821019232,-0.21493261507708697,-0.38494712322324814,-0.4876451853078562,-0.11951906453298042,1.1874853164868013,-0.5365170380846723,1.5502707400203701
0.06092182624740909,0.03167123908605521,-0.38090034327561584,2.4588060597764936,0.7798385761132298,-1.1400070672035514,-0.3965221065812868,0.8023569734122166,-0.22091412012624168,0.7366350983194936,0.6849081495349022,1.1569257174826117,-0.5620825149325976,-1.1436221365619177,-1.0055148544174095
-2.5828683545576188,1.0424549377600305,-0.1485588943081542,0.22404676064464488,0.48002846037833924,0.2259375781699457,0.1002788286497942,-0.15668749678276575,1.0659231108630738,1.352437003918959,2.266355359838151,-1.7490619362123692,0.3098642869406496,0.8643877578046015,1.3903211392641355
0.26183658923417735,1.8511183544165968,1.7878696698200922,0.5419360413012994,-0.8833765386806459,-1.1176457991188347,-0.2206188510469894,-0.7267467334743548,-1.4165147202247237,0.4177388526845542,-0.20285132558205385,0.05419369557741759,1.317882764896522,1.5307191779519054,-1.1400933497368566
0.6215683237461382,1.0230765618778561,0.1336000685377327,-1.9187787866895303,-0.8898114483916257,1.976572866368922,0.010572228537174627,1.5107773241773113,-0.18220997334163722,-1.304298884851162,0.25276009747262995,-1.2644600441407006,2.46829383819854,0.547210729339437,-0.4253800230770798
-0.2433172550469531,1.659729806360767,-1.4399811379215308,0.47798685251506223,1.9647676051242924,-0.8751433643869196,0.5792732827592305,0.8854747007771903,-2.831415663674171,-0.45658296178055063,-0.8760203594109283,1.5682687398308288,-0.6405832653939146,1.4761455128987881,0.5775074231535946
0.48880103515039797,-0.7772767841329865,-0.4823281610879846,-0.3431984427280933,0.7707836286744253,0.26172392442661757,0.7017111000452823,-2.1325451118778735,-0.7205273378003104,-1.0208488611703757,1.7070302964419142,-1.1158206519857339,-0.15341997498569762,0.697152292347197,0.7851083058966296
-0.12147618960091096,1.5733393830575102,0.14633433187408282,1.0519449886531143,-0.41399920733104517,-0.45720882504204274,-0.6485893819666522,-0.8465764360302576,-0.8617543346845726,0.16844153635724451,0.06658619545000502,-0.8277994809278629,2.4001321683189776,-0.5951695080853673,0.5838653759656887
0.3984528598395966,0.328133820410641,0.08422715820932432,-0.020225499694382344,-1.2123416984074382,-1.6713557103055257,-0.6860175101667435,0.07670571706608748,0.9204636489540705,-0.5282717377440537,-0.4645869863436935,0.6260136605641797,-0.680015181578567,-0.2984429635651417,-1.4630472329217858
-2.0077711242957146,-0.17684299025799446,0.599593168207147,-0.32316716802244294,0.5964521917117865,1.2191563167871784,0.26884740820108605,0.9532499056884951,-0.31891945891623297,-2.6634077855368448,-0.6423887101665592,0.019001884467531555,1.9531622182008932,1.8262512676323657,-0.35098613434997405
2.2111946757629677,0.9119841865167682,0.22792928349689567,0.8863841281751994,0.8531517705227901,-1.1331236224724996,-1.338460916598679,1.1235489733275297,-0.7096002000611077,-0.9162793834995768,0.22086381900961205,0.7288263883577165,-0.1376317118402994,0.3393703944485936,-1.0308187306749435
-1.1041859985811489,-0.3042177583518004,0.6752210148553973,-1.4855533275238475,-1.8638939870680478,2.419545472567447,0.15312036472742058,-0.48768633955942065,0.1570475955821826,-0.6072501533836392,-1.562222011791966,-0.4206703670036816,1.5588840592645836,-0.5525364734048449,-1.1346961607288129
-2.0697683682544463,0.8880623565098651,2.450278105634078,-0.7965226614677712,0.03171342595429414,0.784993583793165,0.3951951832652311,0.08785007555494355,0.4034592355267479,-0.13045084545002386,-0.9744550528996976,-0.4350858537748572,0.26081241965829643,-0.23211972469462488,0.4305612521607649
0.3208260999308531,-0.8220712803012538,2.5728377704992624,1.3229847694893875,0.6771844863150208,-1.1254729437641997,1.7548066893782621,-0.9980711222644643,-0.5806902262084016,-0.17976872372432523,1.2321300367975911,0.5184322353512283,-0.6083491529537132,-0.8185523039100933,-2.3898971483147293
0.2336334998650661,0.36289137291852724,1.2023840196102074,0.60612573563897,-0.5994385818201992,0.3269710740411982,-0.4529141375977238,0.47902741424431416,1.2515926822652166,0.9074876004666397,-1.3552517379864881,-0.9131654792138975,-1.1930092359275009,1.0833245533090357,-1.456927416909766
-0.24481183938836168,2.0594255442974965,1.2463468875322683,-0.8812505783041925,-0.11840546270319882,0.9467063830984811,0.036188104167908464,0.1667013347804835,0.14034082655007873,-0.47647590234064935,0.5714929145810387,-0.995896759925653,-0.26734309797137423,0.14149083174204102,0.10689857959776322
1.3183907374406223,0.3067585382590987,1.206302529262723,1.6595609379045555,-0.25989709929527616,0.5863178866890674,0.0021958152221847283,-0.4431794275934807,-1.4630330296968612,0.5579705182266248,-0.02642289599370336,-2.3728921490053962,1.015332318796507,-0.489009611132626,0.27451739895265403
0.6719511630401642,-0.21342881726076965,-0.917003482521286,0.9535082213760477,-0.7088555816642956,0.42805001197521414,-0.3280368619705175,-0.5963529166368349,-1.0301280212913786,0.3634112820544354,1.3008485325894135,-0.27619892672065743,1.676165516853533,1.9709976488825376,-1.2512989908148466
2.525168939588997,0.11934202603961178,0.9974718831642956,-1.9779679336684888,0.377473633481981,0.8730475109179144,2.1996230612162333,-0.6459580400163021,0.6046739145169031,0.7321851942599902,0.23331339946962398,-1.4132161518351887,0.3105508270036597,0.3817671048356418,0.18448162718110017
-2.581230670777663,-0.9732709214589638,-0.29063205298317263,0.12808532700627778,0.6251991018193582,1.7030457826266259,1.059733573185052,-1.347110134189051,1.1735672511155186,-1.185802235046352,-0.7387959881450772,-0.6262018103242947,1.082320212719647,0.30036725665637204,-2.2941842414828684
-1.1734179954115675,1.4428288611137976,-0.07531931730135787,0.8401298691448988,0.1894265141860648,-1.9096531774092005,-0.17666867626128996,1.014012304851966,-0.023212531621505467,-0.7504067751214285,-0.20749052808215243,0.4355144772421683,0.7669911991351533,-2.480723403172999,1.1954458984259624
-0.005410000540731516,0.690517634924892,1.626101463327976,0.447852885125099,0.7522701697060938,-0.17767514128421907,-1.7440052678291815,-0.6458933815561966,-0.11964423437208221,-0.7267287740063066,0.7935338689919008,1.7978644975299387,1.4880064593277,0.26930160955630944,0.006270516977305763
-3.096076359605023,-0.6374708472902677,-1.3048587636689444,-0.6127471722877853,-0.894823354474259,0.553939135886913,-1.9544157353867069,0.21142540084964445,-0.27886056859709774,-0.39169547829986323,0.39558070161723435,0.15904090836481027,0.23157307003760927,-0.7534161580734963,1.8583005477395995
1.737545292105042,-0.1286816597346468,-0.23266836057066304,0.5856219795157199,-1.35121983120013,0.6187631453262146,-0.11872293267499114,0.46067736002046145,0.26861934639939195,-0.31639097647133846,0.3764979199452404,0.4482907586386038,-1.060413782941072,0.8377090461499471,0.18008940684158486
1.2376917659692728,0.2335486345227287,-0.5514903705971743,-0.24288240308982284,0.6927195531127605,0.18819734492326948,0.44225556164381347,0.41282334768289614,-0.7321718133227803,-0.7190647925779227,1.2454685240530463,0.4138772607690519,1.9710753662508627,-0.4600371684878596,1.0530512567966672
-1.5308820132360725,-0.6353227031939487,-0.9606855475018113,-0.13835519807959987,-0.1881623189885447,0.37326810126483356,-1.0459494205380306,1.0790162453927121,-0.13091371354338274,0.8137157378582223,-0.17361803354967684,1.7313026033928973,-0.383414142168424,-0.43167755680508507,1.0998909835452175
0.43488727203980637,-2.0881058529056324,-1.4120410268968662,0.01690575119817953,-0.3298831851728171,0.7199050702528506,-0.3736557522525077,0.3809694392045081,-0.6434580507823702,1.4188657243017997,-0.709550619736572,-1.0174547745548228,-0.9237232145900962,0.875025973906825,0.6410414759440434
-0.23308264396522527,0.8532922848857367,0.3496038880389244,-0.17134434599918036,-0.3025537159057863,0.28370352571781576,-1.3035506612039087,-0.5100797307557052,-0.7413968156681835,-0.16999902864158417,-0.29403248745513244,-0.7532448167900194,1.5542520114298612,-0.4097718377371557,-1.1435685528965662
1.4607743964334152,-0.4114308852672287,1.8128338536669717,-0.7733640177000575,0.5851523511552377,-0.08188054234268086,0.05726740814495078,1.6366915750698312,-0.4141302293132283,-2.245420642742722,0.8472329712775114,-0.8648647670802007,0.4076286006280193,0.7345386845117323,0.8536329455454801
0.7072827587126947,-0.7209828638253519,0.26291335194548504,-1.240193898348151,-0.1675616774761598,-0.9931645769754355,0.33479211469146886,-1.076517822177137,0.15990627029218646,-1.9642444235567185,-1.0258064733146812,-2.167753299273492,1.769335001395164,0.7648303634751259,-2.6282107024269674
1.1946392519588958,-0.7107601147173563,-1.795448690530428,-0.9962240834469964,-0.7284955841959002,0.539928655250518,1.5501492430997008,1.4109918700122033,-0.5857315752118514,0.5485763901316835,0.13259282436079842,0.3535265246961415,-1.0838546914905838,-1.0745035339474398,0.5059057623370576
