1.0048997195847675,-0.26083312631367295,-1.015732354789224
-1.522480889658457,-1.3780446781236266,-0.06378967676580577
-1.1529600173072145,-0.10439564886260842,1.0723435211267374
0.21697632137017028,0.23030183803493684,1.680445152315294
0.5674100336276322,1.4322562921082038,1.1115708281901693
0.33643031379486954,-2.366130255805242,-1.8364748382961256
0.03722962793405761,-2.005328065379715,1.1320717658793624
-1.397873921194827,0.42243920229476617,0.966643488951053
-0.6520948585819576,-0.0005675934522194533,1.146585644872166
-1.3103852483772453,-0.8093813247034505,-1.084127996439286
-0.11271982390783786,-1.7967623467088047,0.7252265144065355
0.28838642719074364,-1.5012001594466857,0.3932001308403378
-0.5794326660746432,0.4461024094847369,-0.5951703449216824
-0.9352573707420635,-0.7079630520664545,-1.2889205265295385
0.7615902811555467,-1.0396049947031094,0.061581520273968106
-0.7413182797072506,0.03325201215359929,-0.7803068166589407
0.8974435831369798,-0.10491763890994008,-1.0601280635245576
-0.4835389561524271,1.0172297545923041,-0.9050827310895546
-1.0679849877554621,0.8262120975066191,3.20328650872902
-0.6884326409708175,0.7946284121390208,0.7459846852198903
0.2731527036495192,0.3055621963057926,-0.04262582335605812
0.5814218078309246,0.6849763695290875,-0.4998065696512744
0.2272299191444152,-2.6192866013900025,-1.2163447045022797
0.8823965241466772,-0.6651419762236852,-0.5679696199498729
-1.8642653752838574,0.7608937553807835,0.8912362857821015
-0.030914740286255304,-0.7458809709868465,-0.8236183034948422
1.550397003604599,0.9294731875112782,-1.5661943912727134
-1.0030456632013554,-1.8913337067047937,-0.29567994098015166
-2.025216392531116,-0.20910465554233296,1.2006113517422687
-0.8178276541082476,0.6043286030352154,-0.5810173753696495
-1.5783716697988366,0.009718849591814264,-0.7528563785260969
1.4406239135881493,-1.3978985709107254,-0.04170426023613295
-0.7231625086050011,-0.25651241955735415,1.5142370433974215
-0.008132963278111102,0.7370271190111968,0.06998583760245161
-0.4378870893235902,-0.3906692570021405,-1.5804570732476515
0.9143216627936912,0.0264427660750182,-1.582911600311514
-1.5157806414477204,-0.4509516801241385,0.7954635017350755
0.5139864095897456,0.7989873888541238,0.5557881841385747
-0.08367541057887022,-0.23683734493996983,0.6426530961154849
1.1005019633698405,0.772144546306752,0.14182625495380585
1.1613283565306298,-0.3719087184925628,0.20409612872635924
1.7500934931569145,-0.9444312087906749,0.4002255763731138
-0.2465902342174398,-1.3781641611711841,-0.19196427770742838
-1.321245014803582,-0.13215129419542365,-0.11504493759263923
1.452562596338764,2.2512238437074505,0.66600951554747
2.1615963725857763,-2.610147638336049,-0.5494721079772803
-0.6611921671081292,0.1223227222659261,-2.154848087735682
-0.07169492392083839,-0.2890164605216901,0.6385225931510783
0.12489383573208328,0.052065069655674,0.41094481554856527
-0.044039247174620245,-0.2651980257932992,-1.6918250717995162
0.45016886630329644,0.4985265942292309,0.17256195529489254
-0.267685943134979,0.39953806218393334,-0.7101852665172461
0.026335245232814313,1.960150153903025,-0.6290925385394119
-0.3291926438478068,-0.14039991097157167,-0.8017006124577847
0.07666211834982412,-0.4753199779491689,0.2964920586303701
-1.537281765093599,-0.06998134796365216,-2.4517960674612778
-0.3645193181173786,0.12078634403400323,-0.6554111258002953
-0.020819724865157006,-0.18547763709833429,-0.10970136782340269
1.0279850964940773,1.3480241987928057,-0.20388958875481467
-1.7995236339002219,0.6217229617077101,-0.17443316890287971
0.6495236391194412,-0.36846229457355195,-0.5189671556503521
-0.5368293944390001,1.7600320094369233,0.12785306516400952
0.6811948576896076,0.45422446638882136,-2.1236525159096376
0.09046870876145817,0.3272825719296847,-0.25551252303746247
-0.061086864527805824,0.4081891349657818,-0.981432691963434
0.5430612627095286,-0.02132516678315512,-0.8578940934147569
-0.9611418747017806,-0.363564759784247,-0.40640990752883216
-1.1795315663215327,0.4743400624567472,-2.5996752573707522
-0.6007615137774499,0.07818290222259736,0.5689746774490669
-0.7295102003672537,1.4038392796212786,1.659259440689799
-0.39308329640135037,1.0759235390912556,-3.1612249782480877
1.8577332838543954,-0.3963818190795827,1.0235411229492903
0.15181785831202102,-0.8085006380885017,0.5936890255478579
1.238673536028083,0.5192783460967114,-0.20398190035623587
-0.0697805999208866,-1.327751986049047,0.2444294718307232
-0.4723429948013871,-0.7288268521269639,0.13665887363586646
0.009363069372131168,-1.6150763568725544,-0.584765673906333
0.7517357199857589,1.018172846391621,-0.3051990910733295
1.9896523147450114,-1.1271623963158262,-2.1056936182651063
-1.446029436799674,1.9436105227012377,-1.2668151824379472
-0.22255504871734128,-0.32101570995897943,1.1212280406005286
-0.002064514500169638,-0.9285660238629194,1.5280887580767029
0.5745064121365691,-1.07332307968209,0.7180651032436824
-1.8467297009510357,-1.000521851997428,1.5989373154513158
0.2020926142297829,0.6293816117356368,1.7815494494820217
-0.5718805011146739,-0.7057173092895951,-3.1867511582184305
-0.362495724771867,0.5912528502729112,-0.23048066081980334
0.7701340965753309,-1.248905853393375,1.497380991181141
1.3515889541337691,0.9340095822894763,1.6015974513875095
0.5848079005462498,0.46577156133371417,0.6821789562795284
-0.39758695066314903,-1.0196463452688174,1.071457565065693
-0.7297166778751998,0.30359969258377195,-1.0741995470060024
-0.7715871374220293,1.4119649562589336,0.34908767072415137
0.6487241025008822,-1.0224629514350119,-0.15870604703483848
-0.7726838582364892,0.32759822488329843,-1.3404500619451767
-0.4493020942227924,-0.887924535338723,3.203760804749719
0.3712513145994037,-0.05621845757055047,-0.9780674324263141
-0.3171289958402865,0.467480536526481,0.030594635505710677
-1.4806714958677734,1.0889285088707377,-1.1261641107481393
0.4561321044570184,-2.043784918447492,0.14248694656282065
0.41695650626971087,-1.2769598915063447,0.7395188541683669
0.24332954191794465,0.6560671855391152,-1.4642804633556377
-0.7647879456202681,-0.28140485164328727,0.009398702232264354
-0.4104262777518527,-1.5178823599364792,1.1227477928406713
1.3884399874932702,0.5660543993907847,1.8588889202364942
-1.401862805318418,0.38795923102240726,1.617625425628408
0.9720614334595656,-0.6396368646851787,0.05209928018790108
-0.3257336400968749,1.504659375436319,-0.7949658025365731
-0.012134920920882093,-2.092730805678484,0.46584644981353235
0.3844774440480032,-1.098676372189055,0.5028614258079986
-1.46304812375226,-0.870353598061338,-0.9395941324612669
1.5761838825424037,1.3355124603355208,1.2565311015210767
0.570649679755749,-1.3593149262692086,0.10620599492666295
-0.9443660742177075,1.163652030968619,-0.5811176216600739
1.8807059671940711,-0.12700667549696093,1.4709006670952391
1.048303959927644,-1.3866197602322439,1.8675312531531327
-0.45351155578204444,-0.3395444843351399,0.6222563325420623
1.9441201348758723,-0.16162493377017767,0.31534593093016183
-2.1626659822717897,0.6298442963053896,0.27724350466817976
-0.07035683628421327,-0.5677478596317607,0.5715213603753588
0.06676559143218617,1.9096247297139637,-0.3565388101581159
-0.014072905267652354,0.02551995277821723,-0.11414431298921489
-0.5546006285218426,-0.306703293381073,1.1650805659007188
-0.9642555357289068,0.5521139120612725,-0.023103880155722678
-0.16180910988914804,-0.13796525785716285,1.0078223486764164
0.7100565732878124,-0.35265424411730617,1.5983198832861663
-0.9641213919302231,-0.6115978589199489,-0.1988390068398436
-0.08230077837832687,-0.7577594481532622,-2.199888359030619
-1.671795318112836,-0.718356460289123,-0.3310953095857906
-0.6774772135159489,-2.165918365291102,-0.295745781501342
-0.17276746340750407,1.2086917470584646,-1.2676178225375234
-0.6007945733830031,-0.9598951509150208,-1.601441550513131
0.22615047502463806,0.3157863425569639,-0.49301667302592
1.3796904737071207,-1.569926683005504,-0.16891098203235852
0.9308572544213262,-1.172773533276885,-0.6003390164964163
1.3852848971447103,1.5652243840754423,0.07273129870231232
0.6655068333001236,-0.22001685159308804,-0.650673665397089
-0.8258888842002717,-0.7874918508624904,-2.184564598876509
-1.6629467078800784,-1.466535898002168,1.0775444928282945
-0.17077515496035237,1.2179947396389368,-1.7050749720969363
-0.4557286666213238,2.0271908916840617,0.4835405639116487
-0.01711756598442196,-0.3955018722778755,0.46539522777910297
0.002753334311775185,0.7272522123473275,2.858818441553098
0.8315006779513472,0.9176808870838868,0.4271446347678516
3.2512482471676085,1.1284543998701233,-0.27676731115409353
-1.7051643387660362,-1.8897293650379305,-1.5013696476886644
-0.6979121509069408,1.488439047076432,1.7350978234157663
1.4630052702879297,0.45699186934888775,0.019164165529172644
-0.3957893415453529,-1.044197230064927,1.0686266517322476
0.22885876033024716,-1.7692474306365842,-1.5430767435144919
0.8759061336295428,-1.9917700473703952,0.7655291429590395
-0.2778114297540505,0.14261233201777462,0.6745795141819645
-0.39488154356725025,0.8670073463365521,-0.08673111861383323
0.712672748272912,-0.7236116997375538,-0.2630577954890963
0.9443922296211952,0.9930878424087725,1.4822941853665408
-0.63264580584769,0.25149870958759707,1.1099375974248396
-0.7904688845832707,-1.06744466594957,1.2701744126186953
1.3072374045507662,-0.22722390628402128,-0.3068274910889895
-0.5356822196651914,0.18891947543320317,-0.8110214030093496
-1.1882020541995613,0.5207096542652696,0.3049413208893848
0.1148846188368853,-0.4328192383219397,0.31922360645471687
2.012124417863976,0.7515923412618987,-0.684034319169087
0.29614859376490726,-1.8160378560226447,-0.29551070633193777
1.4779608878345867,1.8244069798648987,0.9169482550035892
-2.069158923548911,2.16364504718175,0.07689803163154832
-0.12912451014575332,0.20524084855254568,-0.40675248030289723
-1.7326293652568951,-1.532731321113726,0.7675437517958331
-0.42782423176812745,0.4466161166818956,-0.7435631196518854
0.30825591559057064,-0.8199600070310215,0.3079818565617571
0.19346451799260683,2.084519364891185,1.2888299407977455
1.5375441242588062,-0.08229235946888566,0.7402153604060372
-2.1174384891223426,-2.3111261157793583,-0.2950984391332754
1.0318201786359362,-0.052977082224340305,-0.7184536334981281
-0.5593207381611471,0.17595482337873083,0.7329853160721352
-0.3538535460200254,-0.5785752770553414,1.359996835691297
-0.543287219116398,-0.5351501622002736,1.9905019054635338
-1.2436313394093403,-2.081124984532785,-0.014880478844451312
0.034924623542772114,0.6059297720519352,-0.3201777237959743
1.7645538223850343,-0.5004171189935036,-1.7323489982819453
0.4942511544662858,-1.0267108504591438,-0.13413991190137503
-0.5725038293311165,0.2712663914277143,-0.8563649522771801
0.08321417936112652,-1.4119900859584051,0.11060645762287052
0.3978732313292468,0.6363664158048716,1.3468633097372558
0.449603310544634,0.885484625500437,1.5375801979806016
0.7005979962921243,-0.28975230273783414,0.33719138096400353
0.3656126556668062,0.40312308373835753,-0.8905097692289327
-0.8416495065310525,-0.09320837962270007,-0.7526927409767158
0.8363947589616105,1.7425796814294148,0.31781173069924584
0.0983100402323234,-0.9240885880461299,1.4671257587337527
0.007036251455491619,0.02090481540316758,0.540933204255754
0.21479987581450055,-0.6574022348126757,1.667401990202295
-2.2348737405963406,0.28351090591063377,-0.14152670339390827
-0.28350803199152436,1.3444602877446112,-0.5354267644123515
-1.7597774494621523,-1.374970182124562,0.6432916225508669
-0.2777936094158932,-0.01384062327759289,0.36024129240381236
-1.3625121427688005,-0.11728369551495292,-1.1729236369337
-1.1571735810017656,0.5558380473528045,-2.3612652422093348
0.7459130874236863,-0.5835691783585008,0.8998448029028104
-1.157809775361026,-0.5969001650823103,-1.003319249624737
-1.2715490982198427,-0.2607890888564718,2.241845936406802
0.8674276506456701,-0.4104546733583783,0.22158162776822024
-1.177301401363535,-0.4889711322929579,0.6290505588693799
-0.8928634460456472,-0.5373704761641702,-0.1725866312248477
-2.5933548155702644,0.37715048690450426,-1.2431575250406235
-1.5780175898570077,-0.7597572108575185,0.9247697786496899
1.0531480382767,-1.3491533483469607,0.1861268809237669
-0.3788485410261285,1.7522366248448524,1.0061349784571403
-0.016307971602706955,-1.0824279565773876,0.31739592115277454
-0.24046030165082652,-0.06816543316240758,-0.1292597985581076
-2.251447758492542,-0.11729536074510938,0.25644494233293036
0.9426104863527859,1.5003991143656634,0.9477636559070162
-1.0551515025738292,1.0717895811390084,0.014791181652716336
0.599006376638695,-1.3320361573731712,-0.9733837600845509
0.131368526566298,-1.1219905485157318,-0.48563857813615585
-0.1436473933648817,-0.6090778799914461,-2.5926529851264397
-0.6387909008952358,-0.5215722944519909,0.41783841875034144
-0.8566453656221723,0.18692185575372153,-0.9698582951860356
1.128771931596856,1.149655222306885,0.82976293672003
1.5912183806041647,1.6061879867625852,-0.027518871163774924
0.6059513201115051,1.8745256030836042,-1.5174302478048283
0.48586999033565953,-0.840023508049766,-0.12915806964394552
-0.5219115600140145,0.457946311290626,-0.5210286564769953
-1.2446007175958338,-0.31425710964432585,0.6365305412820126
1.1142992312198159,-1.2733016989799983,0.6692014197166715
-0.4779864020515767,0.4340897578913471,-0.7412384534999822
-1.0805167903780464,0.3087532888636915,0.811961494243634
1.6208684845466985,-0.9260005046057257,-0.6646896683472188
-0.3867198880133106,-1.2727028390877464,-0.7788634377446377
0.7576781076299053,-1.2748874294446193,-1.4754565763276972
-1.6253937305936363,-1.5741796878982575,0.6482612606316298
0.38163050488066413,0.22909434939077591,-1.2746575676718244
-0.8724873872359344,-0.6418765777043879,2.1353481059520596
-0.1525536850189241,0.691453701910983,0.020013492035424994
-1.6609960985169467,-0.3987790976009604,-0.1793464580622456
-0.30476642579079943,-0.7335252359963204,1.0572266953072373
-0.3621203634567833,0.24516061362909733,0.44769147462828457
0.7837863551576575,0.24052212495077493,0.16966558801418946
-0.48123975667918883,0.9932848523277151,-0.5918952654454337
0.7649208214630164,-0.8428890709090172,0.7133223124351562
0.9928881382950314,1.3191375723386825,-1.442357694978846
-0.9584256839279349,1.9506609544434983,-0.27728427054305954
-0.10187158798814702,-1.1276468892008278,0.15361499136323958
0.5596602176174331,-1.5733241401710307,0.14605888293208344
1.2653577443099044,-1.1005259563055676,1.3910264950431002
-0.29235872150384623,-1.3397722596649388,-1.4876688139695224
0.5440546763938189,-1.1132168119722945,0.6255915507654757
-0.3824839954705833,0.03386950846221208,1.7862874192351654
0.42350963187408897,-0.5437042696683068,-0.5385581418595441
1.2335037837106217,-2.145151363214314,0.7871236962404332
1.5678204805326705,-0.12859499632478252,0.22505470845290682
-1.3638953691916862,0.6111250478446016,0.12135143614897204
-0.06811210306039026,1.490056111016048,0.04149387280620667
-0.010080378635527399,-0.00755003255660382,-0.4117587137960149
-0.03534741689348695,-0.9664314154330349,-1.3123858603262448
-0.1607771933800792,-0.29094386603640454,1.3583805631693464
0.7769460227139934,-0.8919219736308576,1.777272700882235
2.503162712355961,0.10328885120287318,-0.0777611619021796
-1.3808225047655287,-0.0626454536128433,-0.318724236300942
0.6500103654369022,1.250066391634062,-2.782537841603902
1.518574837045127,-0.9729062145945826,-0.1960881611724633
1.750505218776875,-0.5578670212751323,0.31311890074800836
-0.36454676128305297,-0.31337712026716685,-1.5684356327085043
1.2796909260890712,1.0647784306479764,0.7975621415530648
0.5567134488258079,0.9709643723830832,0.8839335866205191
0.8985598797233211,-1.361361185549878,-1.5735332906472796
-1.0822856409352442,0.5432912562728298,1.2166199737181098
-1.26824549350941,1.0800173648271796,0.2406969451564991
1.02072609339256,0.38281430352235823,-0.7619917824482382
0.5574846861759888,-1.5205275726447318,-0.3695298223435112
-0.343723779951968,0.43280822603211505,1.9571348734679475
0.46390301189629557,-0.8822800446954042,-0.5058227734440918
-0.01666896004925724,-0.2528932777704203,0.8165400732329171
0.23677017097250325,-0.9933188483359902,-0.20937556739922142
0.4693153376741015,-0.8438685769693653,-1.8851735295131598
1.1524082584270194,1.6008341519902247,-0.385794456568783
0.470779622291857,-1.456707940672971,0.5423140294385025
-0.4747683925475488,-0.5763718434507724,-1.143810581272525
1.3199326389414978,-0.0367370966524485,-1.380045185986769
-0.8529375860499915,-0.6795607682119984,1.4532658949359942
-0.5500355565969931,-1.1706891743622063,-0.16144800871229276
-0.7358387432957872,-0.9847184501782762,-0.19274922122271582
-0.14324972884057333,1.0387923981024685,-0.9858734549545528
-0.45713855149529475,-2.4765292878476104,-0.1762917876722767
-0.18870265434599495,-0.9576526930328091,-1.3690687037170806
0.6306318506288486,0.7058199518599284,-0.133474986810819
-0.9103639693180094,0.7971867869702167,0.748085390929795
-0.1822848832053302,0.9761272131334183,-0.633164151439306
-0.2453629056139954,0.26449775640470585,0.13840927741513132
0.1943684117726541,0.620866599377366,-0.5720764290088474
-0.28251626191920975,0.6930021060961067,-1.4888210726601068
-0.34542007889128334,-0.04023644086783911,-0.914741244622671
-1.9062142761814351,0.81220109776574,0.11644355431091864
0.9181479983442585,0.654153102092384,-0.4948447330536432
-0.08696003984455568,0.2970754890536907,0.9623326024179747
-1.1850914523390752,1.047102713151342,0.649419295194435
-0.6266993293970087,-0.16792195644262717,0.30610244256967145
-0.8799044437166743,-0.23764578285142046,0.7115768951307255
0.5534497022107482,-0.5742162756399977,1.4164068428615821
-0.9991309391241672,0.7567354152664253,-2.7780637383932008
1.7040650513269897,-1.4751056512534368,1.4397219565291999
