1.3096557929196542,0.9748262236439759
0.10051828942773856,-0.12061242109284646
1.6915304839636378,1.1983920971118378
-0.7511463815921062,-0.38250012162672253
0.7310075202611654,-0.2895377828515453
-1.022445528754188,0.7712551723957912
-2.3690992689762744,-0.303214071545127
0.07568293633115399,-0.23622825939040631
-0.06849304971121009,2.082476449337075
0.6839440636025992,0.4503025370045807
0.6124447434954999,1.1750349753658327
1.2691764414167517,-0.6292697574718576
0.8392285861694591,-0.8957617032686738
0.5959233557023593,-0.7303430348032143
-0.10759602268145578,-0.9354687524397611
-0.11305936127360482,-0.9433106486269817
-0.05068314158888988,-0.81243085840355
0.7094556101953455,1.042522874414199
0.9240052499702734,-1.8429986832330554
-1.3569015097179224,0.9199672647720497
0.6360916280308012,0.7078933564902598
-1.8842198028755146,-0.2117679837142847
0.005254739898503018,-1.040989835163341
0.27393654924958116,0.869530096048973
1.0372842845894183,0.4384680528452646
0.697538102966828,-1.5351058228920071
-1.4139039827076498,0.29692559147976555
-1.9314228739895127,-1.5327572790379085
1.1986756803567937,1.6017083415246138
0.9748535697876701,-0.8100945828594778
-2.1473054293380045,-0.470802256389768
-0.38813354607469175,0.9466224137013938
-0.6416133097223474,0.6889531137736721
0.06869999166137115,-1.7090227450768054
0.2831991040728093,0.28770399201310043
1.0794757899177285,0.6475927791569224
0.9903328721349547,0.6857628003594742
-0.08593415217019792,-1.613806403088628
2.0230692247487347,0.037356479468632825
0.2217206089415179,-0.4984482967909486
0.1047801160030545,-0.0071630404819085424
-1.0307452218196442,0.5887898815306036
-0.4447551759133481,1.6084240781381336
0.8108660660593866,0.5281390672835247
-1.0022658487815,0.7968438036240332
-1.2550128342456046,0.39784580933529984
0.3999641464185175,0.5062955886256261
-0.17604162783252641,-0.3408841680173242
0.20267399801030328,0.4220154729029388
-0.2684981500620456,-1.1743815311958896
1.7448570733374609,-0.3991552227096984
0.16435179557074983,-0.9485023029025493
0.11113664995094862,1.6337345557099632
-0.2904510737253201,0.08689494902366988
-1.6136955186955158,-0.01429794763864101
0.26659193461581104,0.6464910910454732
2.043639798545443,-0.4324092511503249
1.0704959817105035,1.0998864938607396
-0.29631640638010986,0.9872312886244787
-0.8418482919625265,0.9268005434290131
1.7038271468025876,-0.03668723384529803
-0.3808728942771102,2.5106816332137565
0.6849112324838386,-0.3841517862771542
-1.0257999995776723,-0.46963015592058316
-0.2205864615986745,-0.49144843193059384
-0.9486497336689579,0.1967213422266998
0.5903409622960772,-0.44050568227181
1.8280096707401894,0.6664566377258292
-0.34827959849983414,-1.2067021539009761
1.7835421695478824,-1.1895758430478398
-1.0487981737440237,0.2872196816863124
1.3940155398186396,0.844748063880422
-0.6027986153502359,-0.6178441236946186
-0.9876638837691719,-1.6071734524936685
0.4030225932834844,-1.3201825324490826
-0.26101828483429795,-1.1666615575322397
0.48281013484075314,-0.6719932030292326
-0.5658962077255769,-1.7070212969662706
0.6558018096116638,-1.3459703420818272
-0.5755524608125075,-0.048720296647388
0.8582402166704269,-0.8744922178042979
-0.3079073126206632,0.7913574508746377
-0.29566510604232465,-0.9835707245099735
0.20733502636019405,-2.0743805504743134
0.5085004049886991,-0.8914782133525126
-0.4291823147707952,0.9562370146746672
1.0056461538645598,0.270227205479134
-0.4979039347220552,-0.9831740146663014
-0.5156646469502849,1.3699661456604717
-0.2253895967870613,-2.130419198838219
-0.05496132938095093,-0.34403679000786863
0.0322608669138084,-0.35872845765916345
0.6079867140277095,-0.28360071203853005
-0.024619732570467855,1.4632295097090586
1.661165472363026,0.46940489989584644
-1.480111365004244,0.6520865433070222
-0.017561469091594683,-0.6611561354020964
1.8914591349829282,0.49575396077743283
1.350548012306931,0.1992106696622916
-0.2519686248268742,0.3404101530592564
1.790715656745123,0.8870740225834168
0.08498379318589087,0.2482682321960278
-1.4996392094853408,0.5277720878846374
0.43538273620606016,-0.3052339295286976
0.4601132126072064,0.05951982885825333
-0.9632599108715322,-1.519969973537055
0.018488992595871133,0.2934576435544661
-0.15485634749341803,-1.595941140016103
0.628022578951728,1.508802895908739
-0.37871672807786494,0.8838347512561877
-1.0459914002162787,-1.8772960437926893
0.5173361502233217,0.5973091221760722
-0.4003230505611137,-2.6547690194128997
-0.5902040266232133,0.07136886205709563
-0.2052199526081297,0.4703950538131783
-1.695606823038529,-0.5027586277196778
-1.8523715498696616,0.01706284529480824
0.613889716633011,-0.6340607601044812
0.10684920852486442,0.6050107351498605
0.5341227282374218,1.1374391296799629
-1.082782850582797,-0.4382611820433379
-0.09498253247889447,-0.40318977302652964
-0.606788916400918,-0.09001125944409509
-1.037484385613939,-1.5702669007245946
0.17022634057229066,-0.1169405126445928
-0.44143862279037605,1.2461053866241978
1.3155029654662191,0.26533527412431557
-0.32794510617844125,0.5441631311763174
-0.969354779594107,-0.21840650151092525
-0.5587513544030628,-0.9261299630213333
-0.7046825357158344,-0.7878062172394114
-0.8233940909999388,-1.3855846104855563
1.4938170994627573,0.026743845304770048
1.0594009219105638,0.636176325842269
1.2186973998252855,0.0775619966992709
0.03974095547785525,0.463082770522442
0.07526625662409465,1.1079050974677576
-0.4983903996462762,-1.5964613654978632
-0.883652426261262,-0.561534180536952
-0.32834112443770025,0.47429839572666016
1.8038652422054018,0.9089839675687552
0.19769408198012783,-0.8908288778930259
-1.5712338073177765,0.32495751312597215
-0.4338489628197131,-0.2249200390123309
0.016473878781403356,-0.5054163538489397
2.4294669477952793,-1.3786476418929907
-0.11404194299510481,-0.52492343392787
-1.9134942598354274,-1.1245205767458886
-0.888794279593225,-1.3681376856092653
-0.6403067965697673,-0.49833728666680155
