-0.6912653933642329,-0.30056097949125,-1.4018492100611148,0.5081684000836367,-0.3294703986575375,-0.8413521374740744,-0.30984362960141726,-1.6678784264075568,-0.015491197991765428,-0.8643926559915965,-1.0717034700795636,-0.6299992853496286,-0.6528040477989665,-0.6234032035750673,-2.13429003023606
0.2697414760009,0.2766093404618422,1.2496346982492166,1.1101302089766105,0.3854737324434661,-1.0434243742548686,-0.3525037467105488,0.6482573209799799,1.3034573333450912,-0.4281178210106788,1.9250363002990643,-0.641637446585369,-0.7385208656197041,1.6335231673769675,-0.338566475143873
0.16957589474422016,-0.245167924196181,-0.37593567795063004,1.2275134996852666,0.8594151311996656,0.6034663767985211,0.6468476599406843,-1.1087178875311925,-1.587064430862847,0.212182225212341,-0.9609038750367647,0.2825211857893463,0.703261059240314,0.04517131556274657,-3.084019366779714
-1.1443425994287926,-1.0368692293379538,0.33544693908309614,0.6440344131082599,-0.8521370382906993,1.154106138735838,0.11238790012729681,-1.2121083690370027,1.8735051420108038,0.8372840907068565,-0.7744360496802848,-0.24149759152004927,-0.7552769130837044,-0.6400099291463359,-0.5752630537711726
0.2771837326422938,-0.7856541852575745,0.5680764651345577,1.07638002361258,-0.07437239829006019,1.6859654227784067,-0.9396728869335285,1.1350261392763963,-0.03140516147108939,-0.8098464149056991,-1.7430169919429936,0.0967443669772159,0.4961349372203989,0.5727602020767415,-0.3019341205661774
1.897422313833433,0.25772636037949126,-0.7167118048384995,-0.7988285244630899,0.5168124642876546,-0.5258372280608968,0.15019834529267853,-0.4422992774082039,-0.6707200001288367,-0.35060619260121056,-0.49398302124487403,-0.6075253230546467,1.1226534520496514,-0.8439990765924235,-0.35555953990983097
0.1528116279790741,-0.647334334703794,0.8920070413639507,1.6670839755299434,-4.094070226369245,-1.1444409671485616,0.5776534221459328,1.6337165992838603,-0.20289582140938842,-0.578626823570803,-0.22723181624910632,-1.7068987245655154,-0.7856220214131268,-0.48230380344300916,-0.14243216350379523
0.6909316974034595,-2.016872109692216,-0.18290929005172094,1.8089686302130306,-1.221831177016212,-1.231345370676065,0.5174191771246559,0.2930538014254359,0.5750517356594588,1.2119339003841232,-0.3459406661111872,-0.43334634726019494,1.1029356928065392,0.4723500140451237,0.5580670400124462
0.38777267107105806,1.092005965955226,0.9849674189471639,-1.5504231309302914,1.3318256882822483,0.14120218645942667,-0.6287214240351484,2.062312330607319,-0.7462086252113432,-0.1308051128345882,-0.6496206107358183,-1.7913026671985735,-0.7331430609023855,0.8441914273657435,1.0981330414901744
0.8120980635705268,-0.3754514314334008,-0.5295983013476538,-0.07949526839087444,-2.5475926552011554,0.818858145791841,0.2978209968992088,0.25174687550638264,-0.5120757167274368,-0.06813659298113701,1.1398393840186738,0.5516391539245418,0.9952781904162307,-0.6438742455954817,-0.37050670048076373
0.14252219632299584,1.1557580047398357,0.5951352366267189,-1.0256808124595893,0.8074488315757763,-0.2426230004400377,-1.4774998793089344,-0.8810806679843443,0.210287278536586,-1.3782559026569468,0.13549008771955992,0.8033621880192774,1.1383924599738466,-0.9263115298256814,-1.3244429441929066
0.5391165622129305,0.956695362687031,-1.3576066408979073,0.7480489997488756,-0.49076149144540054,1.9028953127689234,0.9282383153096002,0.05161645208945994,-0.8582022661829962,0.015727296185450688,-0.5505021426553891,-0.8414884197410576,-1.8419136941732608,-1.1508089382693554,0.24042112041001976
-1.6964988874373712,-0.7065472826161822,-0.32115104032671876,0.03719672628211765,0.12239505504853986,0.4649780233375716,-0.3780074056044407,1.0311142779207305,-1.4890116541532818,1.2376095046581996,0.050901854502566776,1.1060357717682752,-0.9181607317965584,-0.09112911121916442,-1.1899633360626984
1.0109873980221415,1.6103133733640995,-0.45466937710992367,-0.5411083355813793,-0.9468370613279751,-0.4294850879215593,-1.2742108694315069,-1.2396673198171162,-1.6496584399548075,0.2587505101099474,-0.3529136243257018,-0.2314430487681508,-0.8280894563633504,1.180249251000834,-1.338468372376726
-0.4542775511228472,1.0645698279717088,1.3127020834766823,0.9943595198563401,-1.7364505269539905,-0.5103821352215341,-1.5699699960737254,-1.2595471587233682,0.6656381113061836,1.6149097511872512,1.3134779798602938,0.6466721264574127,0.3790508370164881,-0.7124435830421096,-0.40389071491269
1.054666235207095,0.535060523557037,0.40271894419892135,0.3213882037646541,1.1253444312728504,0.506779211568036,0.5749945858954808,-1.7346042396473473,0.2716877464966985,-0.45639375837884727,-0.14514744989788658,1.0892612757729816,0.09864896803471451,0.882303918756704,-0.11986769247591138
0.03187650038021319,1.333799468285196,-0.9610590372449522,0.38445101600308523,-0.45396593115212025,-1.3387979781663708,0.008598096406342001,-2.229968078214419,1.5548608273680669,-2.1116523838135284,-1.240876054836937,0.09769775973119094,1.144639271101472,0.72535448760721,2.263765104936046
0.030279710063620152,1.3315545195551965,0.17229820654490732,-0.5779572309833857,-0.14150327438506208,-1.1179220515176296,0.07777621719811302,1.166466538933842,0.03819807730521281,-0.778025721648412,0.3238499422827341,0.26635009449032615,-0.6364571085799869,-0.764181552125511,1.083761581223254
0.42795734502206195,0.5825400603308318,1.5987746081935421,1.1205043571027453,0.8580371041304866,0.4474186174678329,-0.4957744885694565,0.12720845412804213,0.6370117952736348,0.5041620354929741,0.16053963734594465,-0.10158506825285465,0.37272704440816357,1.0452669987846717,0.6894252127207185
-0.07060378678015028,-0.8572353662740633,-0.21296607057187658,0.21988298638473983,1.653954441873626,-0.3083453357211607,-0.14233300642366775,1.065832663439094,-1.1162901259365248,0.0963396122760575,-0.5713159725749106,-0.8602410673365811,0.08624379255857201,-0.5842919200309069,-2.69833550099927
-1.5736831398419948,-0.9272400237214377,-0.8324244184918709,0.29837686559052307,0.5510133532719242,-1.4529559373300087,2.9928972706650896,0.17841800411204567,-0.7773564541690466,0.3730338982752121,-0.7735739432186512,1.6606622764364742,-0.06110589630075382,-1.087320451327427,0.021888658146565692
-0.6166069451917746,-0.07624278657918994,-1.2287267570891234,-0.8271643610860953,1.7453719780886485,-0.3825960667527841,0.12134652280365199,-0.5698950899628886,-0.4438951926512108,0.8729526282100045,-0.5508115264388952,0.01907354011610259,-1.5658311082582248,-0.25966441909907617,-1.472925276163087
-0.019065483194819315,-0.19173535618139975,1.7891014601898085,0.7543957907398112,-0.7491341086518691,0.01622865709737236,1.2633674418547391,-0.48806048540312713,1.0074415955204732,0.9394170741867399,0.06532547125866281,0.059396657211706,1.700592439708851,1.190451383328852,0.9663312691011031
0.34999348718515566,0.2755232697227721,-1.110855645212135,-0.6187625333951984,0.9291045988497136,-1.3940758742539419,0.04033902928738007,-1.4653813362589976,0.2780094593266902,0.24309623769860678,-0.9403976975357015,-0.7810650819014754,0.835855034339441,-0.863898363178335,-0.48049228634170094
0.2775552025650192,0.5539661376761857,-0.26713015435039367,-0.7801049634696793,-0.002033169891738899,2.1698341788742317,0.18707569613098818,0.6254714149861058,0.4224885626130631,-1.081233438037408,1.0743284587787778,-0.33859605672791077,-0.9494687580877581,0.2818224211757558,-2.015809930551446
-2.18866306238537,2.9669346276473187,-0.2924470323891477,-0.39401725655535036,1.7507033875383184,0.009190843812347515,-0.4892000386703702,0.13928611717270808,-0.37741594443516896,-0.517151330097422,-0.03168818430880403,-1.5539235297108311,0.3444798750141011,-0.42836081674954335,1.0133889279431891
-1.552561800568223,-0.41779438667919316,-0.14812629717465642,-0.01178691526212603,-2.1111851822561407,0.28647532242754964,0.13797588887191042,-0.5663059825258409,0.5549197102408417,-0.010426979821887289,0.2545975014282377,-1.0412606696668103,-0.029127409152814768,-1.6118886489306643,0.21521930432176528
-1.0397668352746425,1.1791641365672518,0.13607863503731119,0.9907245120431285,0.9408208914380592,-0.7594670064173442,0.48059583200723693,0.5452999932610991,0.3590239957992928,0.02570108701289629,0.3195130039544124,-1.2346350476239691,1.5430385517184337,0.8241382739013451,0.7063657509518183
-2.8004065316784046,-0.3524202731255555,-0.3451347985637748,-0.17423356649062924,0.460332626971824,0.11911393489801995,0.25344631325898,-0.13005846885142877,-0.8744196610943675,-0.9964738214210842,-1.6036489776036458,-1.865263306626624,-2.422765079044584,0.13323695540146868,0.36653054436799914
0.9550586753220345,-0.24377360742739818,0.7662783600803554,0.4188399557500086,0.3891395014765762,0.8104950139130417,0.4310011069514013,-1.157617244978838,-0.587011874372068,0.35309551001222067,0.5130707562055684,1.0146202938875242,1.481475578100279,-1.1862916643098596,-1.0618619740687165
1.6188552175597377,-1.0884730081123615,-1.7454491945957684,1.4818342120533392,0.4955665755077037,-0.374891105249522,-0.7554697819529295,-0.9719366530766814,-1.1400807878922259,-1.387382732982626,-1.144121432611134,0.754238116250392,1.0349448483391157,0.381984205237724,-1.0028743491688041
1.4219194196939098,0.2288905043249961,0.5201919593814911,-0.24378936046244346,-0.14953194172874135,1.1130937700342205,-1.0173471122060775,2.2902291235256675,1.9135155543149096,0.7841053455105181,-0.49513205839522356,-1.019769615588609,-1.1904898215720532,1.164560371379909,-1.2028671886463114
-2.204339883797225,-0.6808580465175027,0.33658575823462233,0.3397591281561316,1.0437354784380612,1.0567920456320115,-2.5377946625251377,-0.9073479468557841,-1.0901019624149524,-0.503668010824994,0.8308809638517483,-0.06859895550333703,-0.20791257387251727,0.09754327047329524,-0.4497369788659266
1.3377941319133875,0.7433151917934346,1.4390365382603172,1.6287881564492932,-0.6338981202244932,0.12775681029661914,1.0703618131309205,-1.3830244772640903,0.38898688005807563,-0.02922385046555405,-0.5442582207453822,0.6545095869108217,1.510387862207462,-0.9918533196710896,1.2039207694355794
-1.0948372355404274,-0.6017090455123031,-0.23566242520869835,0.3441492405755743,1.05884007003787,-1.1938996032450218,-0.6363988807282146,-1.2814940250096705,-0.5582749517885794,-0.746434817100091,0.9036204001586747,0.3887452465433968,-1.1265430399857281,-1.2276582909971807,0.5933566884545467
0.5247947651449398,-0.31473765049758395,-0.22852938385412555,-0.1244628617014953,0.8389319632427958,-1.4894518844174798,-0.2105807828145636,-1.635579819922463,2.1531849523646995,-0.47853808035680534,0.013551005061959439,-0.5216652181360043,-0.42753076787250455,0.7850648078618304,0.0909248634595034
0.3804606377287114,0.7603784437287984,-0.6322099875878178,-0.635075983281929,-0.19333087214215433,-1.1777050511283271,1.2657235082066534,-0.7319908854634988,-0.05025326261725185,-0.25807266707751264,0.5986993111136275,-2.1611267663213862,-1.9017010352730075,0.042472225261434036,0.2967071058381948
-1.0061386830656476,-0.14017585865372437,0.9928594289429638,-1.194524505676201,-0.1344778469604378,-2.953608312625048,1.528818339090611,0.9895843601037976,0.856723351117879,1.6420764225657762,0.10015259525617556,-1.7836358234680982,-0.9126139678291518,0.048705027758643354,1.1157140617468029
0.5950936782588926,-0.4571916160887539,2.5986798464067222,0.23471480279176743,0.824313102871274,0.4149247783671731,-2.297592789748278,1.3079002657712964,0.1064353831307626,-0.9079119628865796,1.5845064807661065,0.5734536151441156,-0.04757303800933795,0.5373830931275623,-1.355395183451923
1.4197905593654176,-0.8282740157622199,-0.1997629226879552,-0.027292453209525277,1.5020957194926805,0.9147845437155692,1.0122527392317915,-1.0712079483078678,0.08005497553043621,-0.5503722246242199,-0.5454743978545804,1.4972015335190216,-0.3837415218955686,1.264218210232078,0.6756033971945736
0.21979525160973593,-1.2354980997466394,-0.7459819485271946,0.5959747524384577,0.3101829605944774,0.3908660132566624,0.3756824325464194,-0.9896044476168805,-0.48233568630734286,0.27781014145334504,-0.8876843198143209,-1.1170216909039952,-2.408683340111466,-0.01375423048905005,-0.28514365529656166
-1.0160844453089226,-0.1875813044844621,1.3388205735208778,1.0109985158379975,0.25946615661302336,0.4327249201147797,-0.8026087606375744,-0.49909192227138854,-0.9766946040084249,1.6490062176440443,0.9921980278652298,0.38595002115033505,-1.9748916218138772,-0.13690813654688655,1.4143832289963418
-1.3569656551205296,-0.9856048904500765,-0.764201142637629,-0.9151111560370132,-0.6784486863004245,-0.9426064084404271,-0.11333735067924183,-0.8473254896199502,0.8768573660961172,-1.2803790537088835,1.747475369560855,-0.839934877019446,1.1448441689437687,0.22890094217167148,0.9775174265824929
0.30381034088589015,-0.952795931675923,0.1681163850443607,-1.2189237642782071,1.0606677855051434,-1.0845460365245894,-0.31029326903862176,-2.0793311850542993,0.5056182902717826,0.41584677811640786,0.07736294954745558,-1.7635879014580533,2.3305694483310533,0.41415357718787776,-0.07562160637232136
0.7445477393945031,-0.14602879322892057,-0.7177419402857479,-0.5033264132658178,0.37657176290022204,-1.2318617699216994,-0.6929251845439028,0.0722550259622389,-0.21506008183362155,-0.2633239232136112,0.0831760831489223,-0.7618791774413182,-1.5402631966207112,-1.5155628318003358,-0.82937424265595
-0.2876334793314654,2.6968291383682574,-0.4463438200803662,0.5662818408151825,1.2818153605621794,-0.9751175346213822,1.4822984879970982,1.9091380657867234,-0.9806584080423326,0.5370085144360655,0.6946246976357687,-0.6436656170875475,1.3146507520071744,1.2846865863634476,-0.5294212264120994
0.04210296748558551,-0.6963134548762578,-0.45020202986741936,-0.4523651998771916,-1.7589190612981007,0.9683091093061633,-0.39227523285948523,1.9758915243047275,1.274407936717431,-0.9078538535351358,1.9773108605826106,-0.8444977481179727,0.7149759962170728,-0.8297864039904626,-0.247284565774648
-1.147186446429495,2.290294635516129,-1.6349815283012303,0.08292276496106904,-1.2583300302650817,-1.9876327493965238,-0.059103780078156296,0.900730590846254,-0.8859060500902528,1.061513271309813,-0.3255857615617488,-0.5792369773833985,0.17912773437407467,1.2149631573600526,0.9689713050755924
0.36378206888185505,-0.6741897585670191,1.7444850397800302,1.685174985058037,-0.6074168873022242,1.5190410291704115,-0.9306347576264216,-0.5058103783480694,0.23070280763470544,0.6543956840232233,0.8606881290298034,-0.5326021683374373,-1.1177486062023545,-0.8233452594467494,-0.22881892769169015
0.06442756473168244,-0.04888442553067602,1.3603854242861992,-0.8499376892771525,1.1887514982533056,0.10689663307625845,0.679502478266778,0.8152973353586458,0.49366572297442707,-2.3765934925838956,-0.6014627733106891,0.6506385234339821,0.7664708642187521,-1.6671475668933557,1.423095493465544
-0.8856131818794825,-0.8249139001568104,-0.7913613674655323,1.1028703711337036,-1.3730917708061279,-0.321036822891453,-0.505904522778605,-1.536732244817086,-0.835021708125955,0.485381859506626,-0.3226520249316811,0.23955908383268026,1.3096323479784402,1.9367053784571229,-0.5188990760368144
0.23157156341388097,0.4152286899432263,0.009108413956305598,1.4917896689383432,0.7441447474435966,-0.14528365865933926,-0.15006866132262986,-1.3966228176779052,1.2981800125580112,-0.294158794099856,-1.0359571302414894,-0.2366430916672074,-1.2735000543136659,-1.3081917371228142,-0.38169369266170944
-0.9467509758704632,-1.5057631309259076,0.4673590997557756,0.03002256359051625,-1.3197803948771003,0.8163662794474281,-1.1070997522009067,-0.7153111717677297,-0.5295111452814585,-1.1911084327785164,0.860256048533298,0.11741756845872378,0.021781996698620385,-0.6511846104101524,0.9048701681823914
-0.9561292740488785,-1.1212552612983877,-2.276261657113896,-0.20121781358073237,-1.2910951166109879,-0.09379138024544739,0.719244946760175,0.0019081747691391956,1.7742914029270074,1.0942599113454359,-0.367307935146649,-0.7449860166255974,1.660259204974055,0.30556128710683667,0.3182083922370945
0.5235973031524742,-0.2459546799232893,-1.0656848148788443,2.1149702202406484,2.8255458536591633,1.3724285109357548,-1.344100216067896,-0.053639199613595236,-0.07455062164063629,0.28906859211805974,-0.040024298736463015,-0.8820389688632252,-0.23019131938003598,-0.2051461711852042,-1.3656490223023887
2.221882591242216,1.4265820654113315,-0.3278723523350522,-0.7391159281277402,-0.12643155885585014,-1.0407804573187023,-0.07626275840246975,1.3358309653827645,-0.364306052195044,1.3480699185968574,-0.0779203321947806,0.787985782856517,-0.018221299387384867,-0.31791794571699866,-0.5171681554260199
1.2811682936641107,1.0690538737652464,-0.3730898643251945,0.17269224438103725,-0.04641678949418938,-0.7829467995356932,0.2437479551265044,-0.5905160574599321,1.07906696532532,-1.0433372317192742,0.5780043206918581,-1.638648642713732,0.029820272493565694,-1.0310101711870614,-0.5166276435542206
0.7688357742555508,-0.7793880647474591,0.5542717899270306,-0.6021542632043272,-0.43637970860028474,1.0888034505235615,-0.0411563453889871,0.4156097638330633,0.11645707944905513,-2.0180607788510763,-0.04286461648736577,-0.022254698603515866,1.8113049438783841,0.7748772778985293,0.3317501860689181
0.23148709558335445,0.3695893163781569,0.9261686967698987,-2.2195774361194203,1.5823366049556293,2.1220799005216766,0.3940098064761025,0.207888943592607,0.11699737164491843,0.8292343980139846,0.3072351071266864,-0.4825015884872886,1.3877083340680982,-1.0554041477905427,0.36752710982676384
-0.9220629631130124,-0.6486577189021451,1.0124347196788237,0.8087445673047746,1.1640267833004019,0.13794967687195714,0.423973239174309,1.194716821406493,0.3507722980762045,0.5123714372269329,-0.11108001931995856,0.8395171898246508,1.4818107798337183,1.231109210069125,0.08937771436813327
-0.7705483085379426,0.35602624911903324,-0.5108259211984804,0.21044777241923737,2.553125410614767,1.0502518982942117,-0.9132461828598331,1.9844074068164084,2.04147354456328,0.3912091706786619,0.5058659938706186,0.8952590214812386,-0.7171052571603206,0.09496410853648041,-0.3448757182363906
-0.011179361349454535,0.6375940655933247,-0.06069022902126543,1.1229313759164257,0.45137324283079894,-0.6076822904548246,0.4935257795905803,-1.097249946352503,1.1155745879675278,-0.9459103257297544,1.3009850093457622,0.8650316599339598,0.4372874482226704,0.7838459918165495,-0.5902426261603122
0.06801063844107685,-0.11720356101342422,-0.7435683576474862,0.48746175105912953,1.0241619187453799,-0.034903736380119114,0.8883982854274856,-0.6716714879553423,-0.7089694868085326,0.9201022165033157,0.3646654899158161,1.864034849068697,0.5486644369994803,-0.29591386140062986,0.48190056842095996
0.031324458948260483,1.5161878064665566,-1.2996492264261554,1.4395639688693875,-0.9606691535523795,-0.12758759389410743,0.37461297879822963,-1.419177478159029,0.41941214332985793,0.37362669868844217,-0.9211512015963064,0.8115551388834099,-0.5201335115278816,1.054421759514921,0.9541710703090166
-2.0744993050791454,0.3293868880160449,0.3008098086905518,-0.9350704662153383,-0.8231366334555461,-0.14046174532716335,0.48687878782936794,-1.9325829958841916,-0.307784433668868,-0.1787443882094602,-0.6386641051317093,-1.501607872099498,0.3161479456860398,0.8163440942739326,-0.12521480323995454
0.3815523233729821,-0.18831005150837854,-0.6194276244960393,-1.3727734956976336,-1.1827362089803646,0.7943018152055392,-1.158735388383708,0.9631198508208269,0.055102666689843156,-3.500769808828802,-0.49599321559001186,-0.08508725840518311,-0.1931397604316214,1.19439214870006,-1.252394811101788
0.313257091605606,0.014209398832504307,-0.3743877848873414,-0.17637639940326033,-0.18774575079518988,0.6481617839476452,-0.6245403200200267,-0.11339574573791514,-3.262658123428277,-0.34667648512930654,-1.0069233656902172,0.2914165671414846,-0.0663902120312993,-0.5415060904343337,-0.12068035955503575
-0.8277752563041452,1.1127865684559846,0.027110916042987546,0.35830633453533106,0.5408319541723651,0.8749803572289504,0.7136134639588856,-0.9939441042236901,0.5204704918584433,1.40480128993412,1.1817829867225933,1.5665212953466636,-0.32668032625735177,-0.3216085709064625,1.4305489437932997
-1.2250554670098284,0.6639479065962224,0.5095120227375206,-0.37501483488039583,-0.5722836367707714,-0.408579063248313,0.9770625077436644,-0.769614302913224,-0.2287965920500725,0.10782596691983479,0.6646967717119976,0.9038542475430236,-1.683478828569633,0.24341817558317574,-0.5926089479506085
0.013254540284314829,-1.0575170000169927,1.2272925582477194,2.002490426749502,0.6949576834529883,1.5699059219998357,-0.6620093882087689,-0.3744020135449223,-0.27553078872217535,0.8936545424677376,1.486356699880947,2.1708610361363108,1.0175233164508395,-0.6865655376610255,-0.8685141203107969
0.1942558229086078,-1.6136537402607767,-1.2706261032579207,0.7999961305563347,2.7473658966167585,2.0149160940936848,1.6239620104489707,1.214988347361866,-0.49350885035479664,-0.06394338674330165,-1.1703752345700449,0.5421700644702043,-1.2689735304838268,-2.252886911277498,-0.11942459526716821
0.24587514315498354,-1.4725098482271688,-0.8340376890760407,1.2082573112312016,-0.09307085485500918,-0.37157393623427265,0.209172163642829,-0.776870204348401,0.10170603400944442,0.026474587250551646,0.18783931828910405,1.8345917015088604,0.31660964276702486,-2.111953753601389,0.6619338579008707
-0.48169475530266354,1.6299935476498726,-0.6753275099554952,-0.49069240392759417,0.9878561247617257,-0.38523557504242856,-0.015126282348626027,0.6113056706154422,1.1959630416482965,1.1683623614797225,0.9225730068410399,2.4101024150301544,1.3751444693208361,-2.4286044915768534,-0.3472227868396644
0.04345034682706142,-1.5846834160816818,0.307429124958191,-1.0545068117323844,-0.48873231816720997,-0.29209335740766124,-1.2429915116530899,-1.3193043636132193,0.5334272568140463,0.5373688523984576,-0.3673872916213755,-1.2036165971416763,0.9191806824556543,1.2754480548626121,0.9730120351446397
0.07146982990597575,0.01291181640847833,-1.1096391667847303,-1.5296749675153107,-0.41799930015559666,-0.00998986927182315,0.1908171429112437,-1.8399486274314496,-1.666739403584873,-0.789641938523711,0.022592491616165774,-0.21355420038282555,-0.22059127697300318,0.6515981379556042,0.1918998367594988
2.872244814340599,2.2117822988541094,-1.0030387080900993,1.4064414464467128,-0.6585286333309235,-0.5113997529713432,0.9385896433520379,0.20230032975947657,0.4020627764390018,0.4549955694095049,-0.0906345587493567,-0.10655638553353203,-0.8592700128617076,0.57426615681738,1.1933005876917286
0.6824891800411871,0.35935322713254747,-1.9808703174048394,0.5056928802859052,-0.23136510567196827,-1.2973794556761222,-0.9384406031194595,-2.7773282727846267,1.440191525144488,0.6704322918298358,-0.24309096389506718,-0.02370663205076427,-0.07497872150458673,-1.030917658896229,0.22868765508521202
-1.005774143339624,1.3165853722594696,-0.822685870348328,-0.29935580924424615,-0.6098363629550881,-1.1435788118057373,1.4513653969407865,-0.020314762009351995,-0.9003684553429674,0.7877862348383144,-0.740635939697433,-0.7496794907573225,0.5502722232089396,0.5086397522830757,1.9458396162792433
-1.7661770746781693,0.8945859052548836,0.5265049011888885,0.5193623525587547,-0.509487944739983,-0.37490337537732793,-1.3907842024056922,-1.9931623498824758,0.34328785066821416,0.6567607930546185,-1.9703527381376502,0.3594106022802347,-0.06981991958711148,0.7915021468156009,-1.426130205734074
-0.1969880935722038,1.0908814339900423,-0.1187407607053702,0.018035744919950726,1.1758880073742066,-0.20978751978847493,0.7852512641696434,-0.02321361589011056,1.252204377687381,-1.4971141283860636,0.23625016760048687,-0.4018218283651073,-3.2027267042366816,0.24086187118027166,0.3136503482335861
-0.536162406491945,0.9412199685775743,-0.3430257925104143,-0.6762298100383549,-1.7453967402622477,1.2435970544800117,1.6408088464167099,-0.9224427308735295,0.1296368452519483,0.8144182088673374,-0.43257354515187746,0.47497625581058944,0.02764973846289301,1.0086863727015984,1.107148785484235
1.3036196793263817,0.46445693322286774,0.2946569099840599,0.22377280066969296,1.3398929671434572,-1.080285559990582,1.6098568540470526,-0.680781949940666,1.516775629574626,-0.3381138476988117,0.04318187984078114,0.5307451526672738,1.4242789955181128,0.7061398511377273,0.6379836464466742
-1.001260448629716,1.067423217123401,-0.3603901946683633,-0.6836701160688611,-0.08061608646804569,1.5862591123672152,1.227531182348623,1.0844022513626144,0.23306552640930775,-0.06390714104694324,-1.4921463329632565,0.41332981855308587,-1.2230603235998951,0.13224609483060334,0.5677083500426929
-0.7432825322986539,0.6059432250340693,0.1430599458741728,-1.823095532876814,1.0949434716208175,-1.460617773511379,-1.3679365964827452,-0.2961896744510526,-1.3271673504139214,0.18072778682400306,0.8419929228458536,-0.756059269535637,0.766265257041684,2.6021107202362592,0.2016507635469271
-0.6527634983661517,-0.970988755691899,0.9474809163076329,-1.3109220610690373,0.6084303369016799,0.07432071954617991,-1.6263092193584072,0.9210299122227802,-2.1251058123575612,-0.3040457366340227,0.22890660075162428,-0.06597540487418672,-0.7597867733088526,0.32339396651412256,-1.373384856219811
-1.2615501481502265,-0.9102651441786446,-0.6339533357760953,-1.0055400429337724,-0.9196030866938318,1.340518548974796,-0.08509560264979604,-1.1641284917777979,-0.20629645180424536,0.5099483889456854,-0.9425860384196365,0.8498605300235216,1.0163993465012913,-0.3522543689922694,0.9695328237514945
-0.5579561547648393,-0.7696311422296616,1.0899881246594891,1.546399604977229,0.42415516912208795,-0.3249851359065259,0.8671831282888964,1.0459346915870806,-0.14728969235609313,1.1763025596926322,-0.27918289575555216,-1.6227286671612173,1.019708650254092,-0.22103221029727696,1.1430037626471354
0.48910048131165884,2.5126827017663507,0.5531065196747889,-0.9954394359740509,-0.6418014691663128,-1.2012696472268205,0.3340735322402186,-0.8585137943149029,-0.046744505312653,-0.19079352616984194,-1.0111667695955848,-0.12605733978759384,-1.43054512809736,0.3457397199546284,-0.7480198039758169
-1.031378612365067,0.03887149034412677,-0.6736621765589946,0.5142673976514979,0.0426810360566694,0.6946661420560166,-0.6984009056747831,-0.7486465585738626,0.9899042802702631,0.06350148231314412,-0.6849321253302846,1.0828233968618595,0.14878304710163626,-0.31909959709780034,-1.2174262399099534
-0.41983598505049424,1.3872733210638852,0.2378772756969775,-0.3446782007471332,-0.6562525822641211,0.10114712214665421,0.05586246187964921,-1.9168669152788493,-1.104761045356532,0.09558046383708568,0.10870880134489767,-1.5891529659443708,0.9343035183268613,-0.6133603160725563,0.6323962090614604
-0.18254546583044542,0.7301861618005876,0.8933310496492001,-1.634209038508233,0.5269071654727008,-0.4801888857962436,1.044929646939109,-0.40971536421399146,0.18215909841074188,-0.5217224904373421,-1.1523717700523073,-0.046411099651933324,-1.0010189725025525,0.1306148200504741,-0.882773292081998
-0.34898947888910026,-0.202174957083864,-1.2706161881879519,0.9542944666257297,-0.6850341875672965,0.9478937105935228,-0.022820205894522938,-1.316510741480528,-0.46419214774783313,0.18209160927047796,0.771081242304576,0.10557328834293547,0.8706221922942364,0.20345802693697862,-1.1698419876696382
0.889975516310944,-1.3740752973710033,-1.3755134284876909,-0.04330235375784046,0.42852761445323073,-1.2021199840000296,0.925225853922876,-0.9757111559897248,-0.27700046684160085,0.3025314898399108,0.39590696747885834,1.2214255681546906,1.3032462214099538,0.9707504212204707,-0.9644587998842892
1.8942790844328967,-2.1604598367421155,-0.4315916813071205,-0.6055077324692684,0.5894411434854805,2.201705422188555,2.490081058115904,0.7424291148208754,-0.3765743994264756,-1.0202443244452755,-1.7069159275387222,0.7724792046388864,-1.3025316455171236,-1.9175391116179001,0.557921833704693
-0.009594368174118581,0.3556969352764173,-1.3590219181951975,0.3247490861906158,0.3137603178794832,0.7977567609405124,-0.7658828630130614,0.3503521627943532,1.3661718789718136,0.8756118507405287,0.51233582037243,-0.9947537489034326,1.0864873161435025,0.7595199092058116,1.068109073181331
1.250156868442182,-0.3975515308514239,-0.18458979026249414,-0.6319555466739544,0.07660558518798544,0.8248423653036975,1.434390801609093,0.2715552878751986,-0.6774684578035979,-0.2881904804530954,0.2235461829621686,0.30761419684509606,-1.196819616055838,0.3448479568719615,0.019032484510118523
-0.48758694550884407,0.6466352176448824,-1.3202144159898965,0.09483069158566607,1.0215638620151706,-0.9524430885091743,0.5976852578618033,-0.579084419587773,-0.5382928755896313,2.077164820502871,-0.49548240021473033,-0.10661953193584074,2.0585063137821216,-0.9285087996705532,1.1871964042169902
1.4098618114300001,1.0263342161822167,1.1307877844563439,0.934507868745021,0.6582539197377355,-1.5068102531482268,1.5599584361801389,1.5297693393848395,-0.3895677043578159,-0.8691249470969362,1.7316318093352503,-0.6779834952964386,0.10538603303663283,-1.1734249009269124,-0.8055476654127797
1.1312862052234154,-0.3484162793697918,0.04623074319916992,-1.072586832622167,-1.1243673733750161,0.8285820035721642,0.9698120311940366,2.360009593871806,0.48650114755662965,0.3135965708979766,0.37440360401999534,0.7078979873391207,0.2883851666307894,0.508818832305145,2.137894279206159
0.08761278893400919,-0.4725029544391653,0.6740429457227872,-0.9040407876131091,-1.1610763307548535,1.3343224651263006,0.8804041028970748,-0.473286398634483,1.761477090486432,-0.5297143111123684,0.34318178626006,0.031819959239054375,-0.6283348716062775,-0.5020713698231676,-0.2554281607427695
