-0.197758267211995,0.8453082846044015
-1.8595989025065278,-0.5657019908452314
0.5666055927062279,-0.47986086679474677
-1.0947738875501554,-1.2415381484348882
0.11847714292853496,0.12016533007386114
-1.9683307594344894,1.3450192461452428
-0.5654532972939936,-0.4159297872036291
1.6161310405348865,1.600862279016121
-1.1048928926067756,0.9737403761510407
1.3260807137441921,-1.1842815908457338
-0.2969442125121944,0.5097804659594247
-0.5153912071835881,1.191513080861406
0.3938925685348116,-0.44532008672768264
-1.3040525109270014,1.0850999511076767
-0.4149087890118707,0.02965395588029798
-2.1276802621903297,-0.2689129401355921
-0.5705178497330823,0.8004629664614572
1.4537182928988448,1.241970756413628
-0.6598473547172677,-1.5071635892342448
1.2532076069445197,-0.09181363529990853
0.6296875062941549,0.011518400731474247
0.3872656113862892,-0.7533759147475434
-3.427899759455517,1.271077713960933
0.5009265805787717,0.07441709740878187
1.7688603639461669,-0.15523536230734414
-0.06488846970957958,0.11225258453035587
-1.7082443060696717,-1.2331250324066751
0.01016942128123098,-0.904037139094372
-0.38584615428113733,0.15707468139241362
0.21454687921213433,-1.3179421638959175
1.300061743002113,1.0981137514800487
-0.8372045306911656,-1.2403770055363936
-0.8813247725537724,1.5874208905290477
-0.4124853040767428,-0.27240363515121446
-0.6675444680580431,-0.23807745036083838
-0.7045364850539311,-0.9315684540186662
0.6651495837289183,0.02407547136789288
-0.9342430016951678,-1.705782892814478
-0.5796441880709703,-1.5110428661516684
-1.1881778653007697,-1.6799090476538994
-1.2984910964823368,-0.9576480658598323
0.260467385453922,0.1862080353173032
1.1068827714306873,0.513404684628531
-0.2919769456560039,0.4456551821112403
0.6500259521154148,0.18110226265905205
-0.33576127280385504,-0.04355014761328016
0.970900903557433,-0.73683426556284
-0.7059401045800758,0.31866324110440863
2.7510033744002547,-0.18461353939497346
0.9975331908282564,-0.31656989505378946
1.023956460652382,0.7821375300594358
-0.037424697958387765,2.322344356762313
-1.3023273923632213,0.6719480538292621
-0.49887718018660016,-1.4927756881074146
-0.23868306136921838,0.8910716216439705
0.5394054739257954,-0.24450122061216684
-0.22078799027638443,0.43132813405783893
-0.21788084266491253,-0.11065081477314355
0.3037203384162165,-1.0144041900550869
0.697577204650657,0.8114745650737348
-0.1176055681203208,0.316832512394109
-0.40848602965085457,0.2876504978648743
1.6769577637925757,-0.4885951233982278
0.29616472355664664,-1.16439711334947
-0.6439809075626337,-0.21178862737752496
0.7310569544790572,-0.312161049869394
0.8416648971015113,-0.3661827391235661
1.5013605152075875,0.8518079425592625
-0.8485653342364615,-0.2676693297247325
-0.14564011676820876,0.8489165063703965
0.0899172125082538,1.3370118909302604
-0.3978456200884295,0.4168423164701011
-0.38197628453168697,-0.17020723396223678
-1.3687783565536744,0.18998618372713205
0.9617508792345734,-2.1974948060320267
1.1937864056876921,-1.7490140906318372
0.5808099136283628,1.0316540626670534
-1.8252349323509536,0.17443632608922832
-0.6720923211675596,-1.3834622776845933
-1.0733634177724873,-0.6174799042625003
-0.40982098472041917,0.16248660537613818
0.13357827256971475,-0.10296730979166914
0.9199238947101401,0.43563844681881736
-2.126224707933286,0.4422821253979766
0.697507358679061,1.0535709613259967
-0.10255163812929131,-0.7718255392676442
-1.3643379885097002,-0.28749007496753015
0.5256376098689707,-1.6672460610892919
-0.6712066460633299,1.053513557370061
-1.7691856800305374,-0.45006313001929205
-2.852434259106531,-1.0574348907972286
0.22420032533619258,-0.5225159641447035
2.34116607163068,-0.9675094819344248
-1.1702274679778093,-0.7580131328712216
0.5931963577471764,-0.351199132625454
-1.5896606726003732,-1.0301814032363381
-0.3144159175318419,-0.048770551967328886
0.7161701457211495,0.8543299729076121
0.20547838751448916,-0.5429031091325959
-1.2804211006475916,1.2140516472885237
