0.692054551535765,0.06683504420511413,-1.714142262937967
-0.938112762935893,0.5984605199994553,-1.5015585493560517
-1.6700458765271704,0.9058917669337955,-0.9485269892533107
1.3981690136338047,1.8118862360904133,-0.9845998832531451
0.7685868244474433,-1.3820222850563078,0.516928148330071
-0.6829806795948629,0.011960598985966877,-0.9314059540104018
-1.4083421276390473,-0.8523967242049005,0.7354404768817471
0.8730767096517152,0.5003705806825945,-0.5727856402994826
0.2778420519728293,0.904145352276571,-0.45925025704339695
1.2216633089805173,0.08426589195168248,-0.6015157466661311
0.722239144795559,-2.958823598574846,-1.7055961803180366
-0.2291626022737197,0.9218589080426469,2.8361598908853685
-0.9123277793053026,-0.8868834715428295,0.7996100171690765
-0.4349441467900082,-0.15089497276940547,-2.233500419816684
1.5678272862846845,0.44439540792890125,-0.8520907202675349
1.5511399542713342,-0.27700258728414784,0.44830797267721145
-1.6576935638592734,0.6733111708333532,-0.033152974940218446
0.1263448101950984,-0.5296682828639557,-1.1726875258953817
0.574562910551804,-0.6877559747843041,0.1337957755307145
0.030393948606188895,1.4471599199814322,-2.023531587744493
1.0440074019995074,0.2369879404589646,-0.4338374847471797
-0.21690814820733495,-1.5925136242133398,1.8100995315637565
0.8015800966624459,-1.043489287443688,-0.3811609900007024
-0.9229414251008613,-0.014229837840359359,0.8227728089011191
-1.1927926957444888,0.9540659467433886,-1.2589713176685666
-0.9561198741785982,-0.584326830545843,1.3462673782414565
-1.3646631396697217,-0.0010597347069934099,-0.5352465494234605
-0.3149698964529655,0.7492272704832746,-1.0323828927958054
-0.26105834484166557,0.7534371938448527,-0.470042654828916
-1.4843394297277621,0.8678430593383281,-0.7412103626732374
-1.101668969299398,1.4408267789758853,0.39682712770442125
1.0840383118169146,0.2750530952944529,0.7820573554994676
-1.1446883187859096,-1.0176695189988112,0.6239725081290136
0.15659254345477908,0.1083543179978832,-1.6505343981723524
-0.3817175321728415,0.24941422374291677,0.30360328591014507
-0.2121963997011063,0.5928940772521273,0.6661190206197163
-0.21692973911590085,-0.4247580149461841,0.5321947673687515
0.10047500861472158,1.0113643633672278,1.3030427067759416
0.09713529886937902,1.3471965137788928,-0.4549215338399702
1.7173682929429694,-0.5703037165423479,0.5395047919738302
-0.13414447241404664,1.6045887020294165,1.7119535314437084
1.3537241449505288,-0.26948456473434196,-0.9570153008283965
-0.25710722475273096,1.4311954042922364,-0.657238174988348
-0.277341881570132,-0.2899128712617385,0.7672360820550483
1.409922537277011,2.743302675050014,0.3281369125332242
-0.778209852671311,-0.11210564672499734,0.6857616077530088
1.3121202592537815,2.6199969668085794,1.1322503884782413
-0.7070911135606772,-0.10291088183507438,-0.22615576166077883
-0.9147267994665601,0.37202461918741997,-1.4283580369442332
1.2441324451415021,-1.252956752130605,-0.45738252354369274
0.8856345354185609,0.3630489272836669,-0.8174675125310682
1.133654242560386,0.1586092478832846,-0.44466424970044777
1.2024581816928557,-2.2676581419934427,-1.547021591088808
-2.5466984722001453,0.9934645910910694,0.22959700949659312
1.191670673717116,0.3956187165026854,-0.5430182650834662
0.7013323329422023,-0.08180607065298608,0.9951229949820011
3.3472640755898717,0.519134578540999,1.4970473978542598
-0.2783564260312891,0.1308067814538949,-0.6143844139120445
1.0834602756229947,-0.010989086861716188,-0.16543776416569936
-0.937446089178082,0.13480430686127273,0.6192648499195929
-1.0007239080335522,0.17991129814613352,-0.241709177097442
-0.13846523116115841,-0.6731665152710463,-0.8384539602491232
1.2395703049450082,0.4685010534090731,0.21714248665472247
-0.9798100155525252,1.4798900403810127,0.8917015425954273
1.719325129667347,-0.8681649863326193,1.872951458419197
0.5062658024970494,-0.4069579332575369,1.4450776801980634
1.0153599183358095,-0.2394988792728322,0.7797130985235876
0.15587432814190869,-2.3643334036170236,-1.9409795738764644
0.5458739277517474,-1.7064555683408495,0.891394175764895
1.0053187190074035,0.34678700560934617,0.5449007604307118
-0.7510445231359613,0.1278321794194821,0.18071733167997478
-0.13954699507655413,-0.40443975347491773,2.298112602374948
0.11464025622627211,-2.281397036866323,-1.7423157281281936
-1.790184648266933,0.7536641098005447,-0.5990665419201457
0.6829969295775213,-0.5337952997230795,-0.1104936427611846
0.10181489476150493,0.41428434646803797,-0.49974093707979206
-1.5703700835399192,-1.0105802100286212,0.04909235638984113
0.3643127396253334,0.2970505854084433,-0.16811126745570046
0.7737685772749566,1.0855659137502396,2.181256233475067
-0.9983207675961822,0.661265612201608,0.16586605754998043
-0.5662052443355542,-1.2098765771123368,1.5731663082575926
1.3576345878894014,0.4976195970995753,-0.9948134482000731
0.02222011794550832,-1.4194867792893693,-0.028572693877312157
0.5606097662714453,-2.205580979220354,-1.0733568065733452
-0.0015836528581594062,-1.0105054220660472,-0.37943695368210983
-0.9461999147100547,1.0026482820997624,0.5596325412963055
-0.40366302738426757,-1.3861813283414917,0.055181256504248544
-0.6637129957507633,-0.54243473800118,0.1928029260581544
-3.612797831881787,0.27602289146323455,-0.4983678570864141
0.914064850727154,0.11667952552675849,-0.5369771844699822
-1.7006300573066917,-0.17702886604256518,1.1845757676259057
0.6316157372725755,0.25858778089355117,-0.4888156705581383
-0.27796200689776956,0.6826746082794999,0.5969883005134805
-0.20841001451838653,0.4721818659027437,0.5636638502281636
0.4204063727081755,-0.7918480304703025,-1.3391377773499007
-0.6258704947109207,-1.4941242006615927,-0.1337061960885253
-0.23736249028328946,0.4183880699018915,1.8027651257708983
-0.2796144415122564,-1.781879489240854,-2.237531625756978
-0.31904207127070716,-0.9934569065432315,-0.10017343280186015
0.9323401233240227,0.96567370278185,1.5687988542790252
-0.8278866345297125,0.5146982211926984,-1.997110517092587
0.5623872777836417,-0.08779341165792855,0.4617379408880337
-0.06803943482167002,0.37478527693958785,-0.06132146879040283
-1.2236491198673316,-0.9833139034350006,-1.1184746978190898
0.07004713687197069,0.39123098073682866,-1.6866741663985745
0.49663010986772477,-1.2565430788047547,-1.2839317049951773
-1.0325987231760576,-0.8532710513928867,0.4217535437356671
0.7847570882595586,-1.2750733222856048,0.7637724648521657
-0.9614200779684923,-0.6824698009913172,-0.007938504799236079
-0.24886240342646862,-0.5544820429664107,0.18689879670487208
0.8658798140157398,-0.99104856925851,0.503814914101136
0.707729876122018,-1.8653765900617167,-0.4553216026565174
0.7687737365387484,-0.3153887415861671,-0.6673653561624344
1.0709210781638039,0.9546992853210129,0.20963770504842874
-0.44022894562127174,-1.5497831037797865,1.2589476594062412
0.8974123073398278,1.044873786186655,-0.7906777601741612
-0.7914262009931974,0.007581804056119046,2.130820791592694
-1.0789568164716394,-2.243723588212861,-0.9508995669368423
0.5818389344557906,-0.16388442645224222,-0.4415551183844166
0.5609046723195474,-1.4905303889699102,-0.3394493430803653
-0.8838385828181677,-1.7296881702443119,1.2985263442397825
1.2210913883598085,0.5290147296510376,0.612613108954509
-0.6244494178288242,1.0340603599221008,-0.2857444841574841
-0.2636118997559057,0.598634852252704,-0.08499772566977715
-0.3303912398708675,-0.46349189749940106,0.4230344075989087
1.9085589511221712,-0.5610579708623804,-0.6335689365568289
1.2360643067345805,0.4851655430064797,0.13341255852051503
0.9737629387953981,-0.711988939535303,-0.586140840231634
0.5245428162312126,-1.9725488006477623,0.2740086016581626
-1.1410475837434062,0.08055906581521276,-0.14976590134646986
-0.43235279167568486,0.6694690848098485,0.25106153612936827
-1.275332933663808,0.6715642771767517,-0.6043640479923877
0.542807074630298,-0.37674507259340095,-0.15346680835248427
-0.5710392985374652,-0.3156216780898664,-0.4736110001999921
-0.7823054569206132,-0.07044933160149647,1.1109004460961165
0.6437620057552376,0.051956522469042504,0.260684995280505
-0.05219783651004109,-1.8081158790036966,1.0372094711078965
0.8841948077604274,0.3947889529894044,-2.229914209719951
-0.7738905664128256,-0.32758774157679726,0.2877833052715277
0.2325379994280428,-0.7074894669982511,0.6805860513704725
-0.6860834536083817,0.7148207971812531,0.20980879704956232
1.4108913686658697,-0.2595888012803586,-0.6124744401947414
-1.040106529358059,-1.8985778517350473,1.5655665990113408
0.18410376292676797,-1.2612628103281254,0.6198692610349301
-0.00575845346122136,0.9992958685838773,0.378040503342694
-0.4804109807142297,0.3149524667278943,0.8347954910477828
2.175154717906257,0.5113685216851079,-3.683515549587771
-0.4190270351255634,-1.240645976595372,-1.6958268259706766
-0.19213301658616833,0.14217147312611186,1.5265907493737194
-0.6889964180330755,-1.1099462542001735,0.05272627175848101
0.16826143757176706,-1.503990812523057,0.30549928300818613
0.09773083680004681,0.4177576367444007,1.8265804943440567
0.5354665679773254,-1.5393925195677145,0.2511125431030643
0.2104006989469465,-0.2003705046600638,1.5893867598622198
1.5820253924450112,-0.5572825636231792,-1.0149605036361171
0.31758857524620654,0.3975384148684995,-0.11017083392798897
1.587491087439312,-0.9969975484385538,2.6332408030694
-0.3836893322538935,1.5243746535057767,0.44819213152738385
0.41784269745940567,-0.5189128880554937,0.2610229365922131
-0.1349855598379251,1.0679385651159492,-1.5828476516638985
0.09199980882802576,2.3834920709322343,-1.093419821122952
-0.7415195256570563,1.3365909497168726,-0.9452575695486432
-1.556520586357515,-1.2266274371291432,-0.9779663818876841
-0.5052346412360659,-1.056425154486482,0.21045269159258756
0.12100787239317336,1.4574575421661968,-0.15067079181921322
-0.03462582322281355,0.7182276023486,0.6629095661860059
-0.46944959368144323,-0.5813427999424813,-0.07117651736152238
-0.4193365507656857,0.6280878511468668,-0.5020987191080748
-1.4598164709461317,0.6935036738480727,-0.7951306196877033
-0.5904182665135037,-1.601281703462001,0.06966979279846605
-0.9068760742456166,-1.1005882387705728,0.31220480464990374
1.2934265160313643,-2.0603782550259755,-0.4786329369300487
-0.28107020079917655,-0.6461360177701418,0.7263916760182009
0.5496339366255911,-0.8033793427787901,-2.194232663607224
0.36132544533590344,-1.1852723184253517,-0.45570012062091
-1.5528461030495109,-0.7718282886571602,-1.5392946204906994
1.3099432205925843,0.06886612484579646,-1.5503068231828727
-0.37478568342783786,-0.22744802053719868,1.1453110998379954
-1.6983530863911307,-0.7749031719433667,-1.7525154275679469
0.5419654559885148,0.9974423585686065,-1.354963438522874
1.877595030709267,-3.1766106263264535,-1.9161396496064007
-0.3450971402580408,-1.1446411999110218,0.245240011196761
0.7771321445990272,-1.2999159824148112,-0.004232279460568564
-0.5431856423647409,-0.1763144198088722,1.0342103509957057
0.706186806401675,-2.7475116082048894,-0.3910176240619846
-1.6042765279630509,-0.6039176568809332,-0.7588532956631596
-0.7897506381231759,-0.9445471345362383,0.8287559449899294
-0.7562805751859737,1.37022049094041,-0.027876409972935487
-0.9337368555740769,0.6563905502036853,0.1481518345086648
-0.3709944650989545,1.1935883902492501,1.359326361783013
-1.839882595766011,-0.4833919098008931,-0.07896746535339025
-0.5747507145010562,-1.496830020685878,-0.7371110878768751
-0.7140909254394922,2.211200604098038,1.0050259281062142
0.7149818567313166,-0.5704527203924523,-0.6365336892611522
0.885237764193225,0.4074354963542298,-1.8984865409265137
-0.8272511099745369,0.6489847783191324,1.057173247248691
1.763149668330477,-1.192010565794127,-0.8466957280335352
0.23386165362016356,-0.44774148725835233,-0.16002981957167906
-0.2193842358697456,-0.8488965247857665,2.0916656166681133
-1.1640713434098438,-1.094640628625177,0.07233483165415536
