-0.15187334749992712,-0.9182202577003994,-0.014289728424069937,1.0054810995879677
-0.13278703393266222,-2.254637197899985,0.4935536542599078,0.9060407757401201
0.09187006137620132,0.8331329540409012,-0.1410831475514766,-0.06535698339968
-0.07890946201135234,-0.604655698151413,-0.8629400804588614,0.08628958499833897
0.37852868279601387,-0.8535191177586051,0.9479573350855588,0.45271176826931103
0.2232191001953648,0.6589804823903805,0.5764475413191165,0.02914163585679436
0.13999276156237156,1.8477154197052614,0.8363498153432022,-0.913233322298097
-0.7675397280133782,2.151558417496807,0.9313386201415832,1.7580933193609012
-0.560528533286354,0.45214203393499003,-0.7408638967653437,-0.4100078348632328
0.266758006514438,-1.763507565742379,-0.7306584834161265,0.004311608619769252
0.10785554098681836,-0.3886442825192887,-1.5221242183757344,-0.9761884461811996
0.540154566835221,-0.3602074805738431,-2.0152800952998535,1.479565249408138
0.9382791021860285,0.14904625160712082,-0.3107503637354971,-0.4870572611323661
1.858309642314759,2.2809679116067696,-0.8567577882524994,0.8352751994325497
-1.1886312817796545,-0.11845632836286804,-1.4435692994523546,1.2769274900082468
-0.9046613556403322,-0.25550617756995286,0.6060936672447329,0.3224227901772717
-0.9075126780745236,1.965340026590378,0.16746394344356103,0.33901160625703
-0.34638220743919945,0.7748672277841165,1.0831841309421277,0.9143012089723661
0.5192645973219979,0.35759696876057934,-0.7184774126800741,0.2066193713151188
0.5700001562670034,0.7382547205350973,-3.0592628773170345,0.40567312160196045
0.999579988878468,0.692991629906918,1.9639516725435608,-0.19265140823778615
0.20452802743033185,-0.696866883333938,-0.7512360505223467,-0.3105743966848864
-1.7082422855628985,0.054101989338987876,-0.26894461513454127,0.4845325438309881
1.989426061749955,-0.6111712161360108,2.184039393964826,0.7663841635114812
0.8825143483187218,0.2515424647785322,-2.1083851806181033,-1.6565197066092294
-0.5967562258868518,-1.3020879643485208,-0.235839704805914,0.7060301788533088
0.9731109431689821,0.4424192497220368,1.7099160995655873,-0.832985728609582
1.356172477880813,-0.16449914407438468,-1.195197748189326,-0.22711439988997276
-0.7294182067299699,0.34159053707326736,-2.295117621388492,-0.22776586335130114
-0.006043077220194586,0.42031447479117123,2.1535857244228325,-0.4713005761222391
0.5446567226111965,-0.6812795828286535,-0.9632097331309577,-0.5042148952081479
-0.5634760863324421,0.5639523384024492,-0.23377228141565798,-0.02472694414159124
-0.31439215003235027,-0.0848599081462555,-0.3122980539621028,-0.9065917551731834
0.47144049950325195,0.226013718121529,1.338225937745028,1.1517891297548604
0.5496194599992986,0.30240004766993267,-0.7373181393099479,0.061623831564205096
0.7249134415852378,0.6708505603046507,-2.2169483157961416,0.2897675241779653
0.5733638633377468,-0.3110783817305973,2.116887497267395,-0.5401894129787582
-0.17579678712328028,0.15238777439435996,-1.2355174176400752,1.5304255330333534
-0.15707846981660598,-0.46792782489747053,-1.2477644260163163,0.7409934105393188
0.46106129124554024,-0.24479985354071335,0.14250449457676453,0.6554101156427603
-1.44968163968751,0.4420376309239194,-1.4704199093054249,0.9869420714610886
-0.1993611480169715,-0.47441655262964955,2.0461459413873464,1.2409118595196613
-0.1855194268405678,-0.6903493573930503,1.3657585927870095,-0.35734504083462043
0.30535538755502933,1.0394255448907506,0.32073477104203707,0.19737924548923583
-0.3442741585129776,0.13658019405392183,0.1303041612846868,1.4013446763030433
-2.4694380851906526,-2.0696287062496492,0.18030720432018185,1.9316116257624412
-0.3332170400974258,-0.03888058218423024,1.4097514378758655,0.4273076653214011
-0.2039682277466861,1.0212564407181077,0.292115585295402,-0.9481172367318588
-0.6353592487976866,-0.5422747060056381,0.3193486442360833,0.7513697591135323
1.5028684266239596,0.2515064491821995,0.18498868454598105,-0.22490373096712601
1.313774589917981,0.06073426440767475,0.5562567789581057,-1.6934039709894537
2.0075394905327473,0.6901561089856423,-0.9829004858774717,1.5816774326518024
0.7988046327765822,0.933520699773606,0.750624493882021,-0.10167904378809572
1.7070094150167032,0.9198453956330517,-0.35842577666698566,-0.7174609409390746
-0.3060875755083365,0.9654022319590103,0.8802925016704094,-0.8838902490166416
0.3265871589519397,0.3332229181161305,1.0464692302009817,1.550533197967004
-0.3618483104983957,1.14510016763385,0.36674545792862984,0.6440734979502315
-2.192645871317537,0.35484769387413106,0.11687378350217777,0.043163474844956536
-0.930989001864906,-1.3287801655759208,-0.880399823119702,0.6780829213501337
0.5828453060499323,-0.8564194460721128,-0.6998211788435539,-0.4683102621280924
-0.5375612580941576,-0.2122016924147269,0.05239579842390982,1.3476457883755624
0.12428909317589855,0.6716958163432876,-0.1743612635018163,0.29798937308222256
-0.6702732508938537,0.45852716748596994,-0.03502375575643721,-0.8267821810301821
-1.1161941072813042,0.40264425236875034,-0.14162762885895572,0.0674935159774886
-0.7657097543452783,-0.5148246275375221,-1.3675924799948764,-0.31063428974193275
-1.5011689056297994,-1.0480742619996752,0.30365402891795135,-0.9400564527471525
1.4110192895448002,-0.8408100678144375,0.5249532830640484,-1.3528938261840258
1.3406010214798647,1.320521575914555,-1.0809298207687406,-0.9738646731113353
0.005596748233731445,-1.335817887345295,-0.9056078386412061,-0.49034223411887956
0.33936117120524545,-0.6423421787687738,0.587765183296613,1.0800871519877084
0.5207440203802851,-0.5597304586647334,0.07587038218841749,0.04949208522650353
1.099178792227527,0.11317213767256387,-0.8490920196905097,1.321427577048158
1.228001059356811,0.3036541636820732,-0.016736614774824285,0.7209501616701086
0.22850904340233283,0.5702212611659875,-0.9503825763822041,-0.26892473041276654
0.11828148050727912,-1.092871234420443,0.2533387755121915,-1.8481359783086315
-0.6371892547521851,-1.66704734014133,0.39224129257807944,0.30464030574124046
0.24276524410230382,0.7056559386217142,-0.0712762813335457,0.40246157652712117
1.4141268454807354,-0.08466025027491458,0.35884398210495505,-0.27636116798457555
0.16303828677945184,1.138474163535461,0.2972314251427147,-0.5776903949657061
0.619130156693808,-0.7121372170795459,2.306254511689489,-0.050060289456302476
0.09296865255762529,-1.30653571778098,2.0604074173117795,-0.32374109720824457
-0.8456798549844825,0.21450266278954302,-0.7466362684690949,-0.4309754387888305
-0.46055593868199807,-1.7562781864213213,-0.8911198879455177,-2.675451130180401
-1.1918004101069866,0.6050968322990469,1.2647847612806726,-1.387886339858918
-0.42054600195437064,-1.102847947157801,-0.07818947281335226,-0.36492957082296545
0.30295114488364944,0.32271828145616094,0.8622760495463385,-0.46715863620145825
-0.3527135857298025,0.592882292385654,-0.8002358875988822,-0.5541342116251029
0.858832381391566,0.8954794851991811,-1.0956722389657783,0.6544462240420517
-0.6069830801183727,-1.493448725104844,1.1246002354524256,-0.38629128666554025
-2.086509341563101,-1.432635450558919,-3.8003477994735655,0.42317027598760804
-0.5330932900310419,-0.7573356260457291,-0.9998285887082788,-0.6314398924653133
0.4053282878682771,1.2213323547884394,1.5031304348534493,2.4497881924707543
-1.0058840560507594,-1.0201152943160443,0.31458212157729487,-1.698130322321265
-0.46363467339695735,-0.016818475584834295,2.5290326361505118,1.6179726559775274
-0.0855792173843373,1.146711046102677,-1.7795612077398677,0.42405264239024587
-0.5205926743351662,0.018141858669632645,0.30881616514408167,0.4471122744569815
1.0656784940676884,-1.164864586633638,0.6393498765303999,-0.5759848853739372
-0.7671422460549959,1.032113846842183,-0.35593113019631933,0.6403002934215377
0.5329125264460498,-1.9749186909283203,-0.6851438951797317,0.2934784671251375
0.44039171996955373,-2.226682189066247,0.6886549483759173,0.4318856829424801
-0.06378185277176202,-0.7057043662308642,-0.14549624688223167,-1.3233149303621978
-1.0254111797973222,-0.30633746441082504,-1.09010197834099,-1.2612981715899323
-1.1849373356238762,-0.2856233517880168,0.17257470421811427,-0.02137759883645261
-0.20229492939892732,-0.8850452107442428,1.412795304199554,0.9979486014461324
-0.4679234161593343,1.412391721895192,0.3290970060090215,0.5735186492649986
0.41569367050427747,-0.21583952368095713,-0.515310481371353,1.9296786500351675
0.20672322525523634,2.305428592347629,1.7754216771522662,2.150529789225785
0.3796729783320851,-0.5072637512903374,2.8501606115641183,-0.10803903342797183
-0.7717827837839688,0.6046616576920805,-1.505893722820566,-1.2087066580994965
-0.2192971526377997,0.5159761446538093,0.7183480985169505,0.4483931840573893
-1.1214876415465598,-1.4179818118873937,1.0242800961959075,1.4875216810896936
0.6064087955968014,-0.14749724912098003,0.47318757635061826,-0.9877383209633619
-1.3403541161245216,-0.2865797250318532,0.9919204291862034,0.92029088254996
-0.4115456540969389,-1.8571207358218327,0.4756561407914437,-0.3386815247636
-1.3986338605716047,-0.7494754375518269,-1.1061837220000141,-0.49524750122033334
-0.6610582775750716,1.2011045549911386,1.678832974995752,0.3418238640950284
-0.8350116627825083,0.8563479924486663,-0.8752883101857839,-2.428594778686406
-1.0323200375300443,0.3157252945276106,0.6727564125546495,0.8861483126128179
-1.5913344378130192,2.5739648533530057,0.2129077482884963,1.0713071909580114
0.45701890356195674,0.3903826193353894,0.295695836930141,0.35265337543338493
0.6499525749080112,-0.4126476958352021,0.7457093297282162,0.5214717144614699
-0.43570874852203273,-0.0535204682114388,0.8607676574957736,-0.11717548845952158
-0.5643272751111762,-1.1100550715181652,-0.5692150127606642,-0.935957796474935
-1.2147332319253294,-0.9901925884638955,-0.8983479606456312,-0.5182197006694388
0.6783465593243705,0.036085633039832025,0.7006472433580997,-1.7836915505652562
-0.22296795743810108,0.4029956697799475,-1.3539506591591535,0.5035462836594592
-0.5791099203915515,-0.9863722317201554,-0.1322002057291869,0.7872611020043062
-0.3147014218698582,-0.46527033248473393,-0.1270257125700161,0.1810118131539168
0.3381580050324683,-0.4707906761628058,0.2402958733677994,-1.2384635469733698
1.0814551320149584,-0.8306593894949573,0.19202733457993887,0.21748966880358436
-0.343012145596147,1.1937890087051832,0.44957470434532426,0.8989846458939759
0.6868105483179082,-1.192906171081131,-0.16158725841012855,0.9379811192617996
1.4920557967073655,0.8348183695752365,0.26405056901433466,-0.577580250610902
1.4381222063173082,-0.3781933275134916,-0.9973109448348898,0.18749969814605932
0.38328608515218043,0.29697057228488316,-0.31283896596600913,1.0053622754940055
-2.1556771647627455,-0.865902241530663,-1.0048944326394011,-0.054557960844390664
-0.4892841881231597,-0.2837499393593855,-0.8161659575813036,0.5700550183462051
-0.5185911876306412,0.6517690405272486,0.4958583266367546,3.058894719821961
0.4997556010290537,0.794569033911924,-0.522818798927135,0.07214465350657154
0.570260385459723,-0.7062314179619564,-0.04815149807994309,-0.8705419413792594
-0.5181523343597393,-1.7389052830660792,0.6744274697498868,0.6835008286177399
-2.496400231664535,0.18895816695366388,0.11777490224287955,-1.3498209494262037
0.33167514097639295,-1.398277362947587,0.692049316815322,1.6308009974771864
0.9601912029877987,-0.8778117414596889,1.0201851001138043,-1.749853004511682
0.5285483877013261,0.589520883192418,0.2776275991235429,0.7653697654584986
0.07318405752518158,0.7707980013912605,1.161109423094458,-0.01663511977829737
-0.14667784972834608,2.5360669436116265,-1.0785327458019336,-1.6370697592032055
0.512001200963617,-0.9172360321258402,0.0992783469647249,1.9741539361850382
1.2076456074843094,-0.8241964799003826,-0.2248311040877102,0.31454437494562026
0.2289965263953296,0.2497933067598764,0.35302675859329147,-0.8458864006689234
-0.15706797388333768,-0.07707116890276591,1.125519488266369,-0.8090352025241584
-0.8919884234332437,0.4202442820579764,-0.3732092327623422,-0.002717624482633469
-0.9179182089756608,-1.5249779893271163,0.03515289819001799,0.5651947836436868
-1.1889243963062377,-0.8356286660898696,-1.0838288945500485,-0.2683271652669563
0.192821170484826,0.0856953197410018,-0.7638426867242047,-0.20672855624229092
0.5415391585867991,0.8884731539963145,-0.596652546634395,0.21347970316255016
-1.3752943617900097,1.4346710548480388,0.6112725867351907,1.9308446392148784
-1.2355369366368942,-0.9141303283139592,0.5453272023820884,0.9872776717169656
0.15423635231534058,-0.7979640947771468,-0.2391244833155429,1.6631325335042864
-0.43588916183904974,-1.7906404887906064,-0.023757662319321537,-0.9362333647609713
-1.1556489452496699,-0.4126461643262645,-0.49632661441136877,-0.9735293115478932
-1.2548519912356066,-1.681914450489588,0.8530033710054404,0.08738314180312073
-0.7473368935353544,-0.015261135933703868,0.6355983469818749,0.9006837070545539
2.3504512481053066,-1.207715094673082,0.11252667457561656,-0.18057018198196703
-0.9750148630683292,0.02309193177733137,-2.0991232436119036,-1.096773005162551
0.472099579370716,0.4088683269742902,-1.0579500377390731,-0.808641088732311
-0.7809199787886926,-1.245983636365616,-0.25401281344686494,-1.0416863062060624
-1.5757635760895792,0.4197248090836513,-0.0025235172614893335,1.647698955618082
-0.009003536511201398,0.7251704183801762,1.0350604055077934,0.4997670284531077
-2.2736710473149593,-0.07738765757376145,0.20196762550253125,0.4072869277294465
-0.22443500373050138,-0.1604027109382473,1.9766705228388723,-1.4975976100162118
0.5383677972100585,-0.3202529289472438,1.355629643094821,-0.6052682099822494
-2.1080377900999228,-1.7227737475369542,-2.4557192298869848,-0.45006201733465173
-2.0640259385251376,-0.8391522640454568,0.4675720799792512,-0.43898836925158186
-0.9376546317602404,0.5500713230941422,-0.7991692997657435,-0.7431812500918791
-0.023684048836222684,-0.9685276625308383,1.274327618572942,-0.7341969291834753
-1.502913789188487,-0.18593124796723454,-0.5944907414219933,-0.7922990211515658
-0.0505291575690572,-0.05216327836319782,-0.7258991695730604,-1.0416129168629698
1.0275729142548038,0.01725160535632965,0.1372228750360655,1.2907144830779378
-1.2877188030931779,0.21223839427232688,1.6152354100222186,-0.05347076399230844
-1.4389936108117158,-1.4358537748820435,-0.5053838503016248,-0.14387698009934932
-0.6881068965728279,-0.3774873891060955,-1.135572028367672,-0.7699338592032136
1.3201877055576512,-0.2798254249172978,-0.5750166351046144,-0.13677017767313324
-0.9886525959471365,-0.14659775498363217,1.1156955612438189,-0.38617114723773505
0.5827858251201635,1.883959127426857,1.1339385350534554,0.013315060344250512
0.9594910830886348,0.6876540855721072,-0.011395069133781768,-0.4915205300953733
0.27219540286017085,-1.5139863284940662,-0.40936386141883835,2.3433692359444502
-0.6755652614836178,1.5305405557972214,-0.27429987547433476,1.7160308002353089
-0.18907409940604633,-0.18126490116622043,-0.5412448681650824,-1.151940519926573
-1.1922575403089877,-1.418273199012765,0.2672756839961804,-1.3364173107223603
1.2875549221900762,0.7976751540572705,-2.124910331966537,-2.0083153422417928
-0.2517902071699707,0.43946281728557945,-1.0665162176913647,-0.21386828949243394
-0.9087445567728817,-0.12618517403906246,0.3433966007351371,0.6470206048606582
0.4919828664782636,0.6677304568588401,1.3551359574657207,-1.567429488145578
-0.15505437177889428,0.44624980443324463,-0.583406531396547,2.2071823074850405
0.17534465950271239,-1.6122074091571283,2.072709249837167,0.34643665337883556
-0.9782702144600617,-1.3223430262254314,-2.5260059522514164,0.041872576393105626
1.2103327761262157,-0.20411023977430495,-0.2540481558690928,1.0050100044698917
0.35030969403031187,0.4119190776764883,-1.7440521052247493,0.46937361693372837
1.3859387220831123,-1.3465115658257587,1.1387372308412418,-1.2007954333614408
-1.0798702242322713,0.05137658487573734,-1.8719228831655625,0.06918858108879943
-0.8296054092925388,-0.587366912637912,0.5038088098589186,-1.3027143604277618
-0.07166082100860974,0.7477880291094519,-0.08390583392311857,-0.40399703368778556
-0.14663508887760615,-0.7160930115011045,2.2013564025317893,1.4159616951607439
0.3678841038032669,-0.3091524586796275,1.3779705179205384,-1.7503743713477036
1.1765349610566471,-1.5528812306674582,0.2004650342242198,-0.9111542744573976
-0.5701655898448211,-1.7515399842104618,0.47864775822501304,1.2718171641725038
-1.0952822879728004,0.3515533257425069,-1.7095276408997484,-1.0524902869693984
-1.0897345654600221,1.9230142290035768,0.31927431059537925,1.955453259835438
-0.29470930574677345,-1.3175974733191547,0.40605598153929257,-0.6443199967314073
1.0990298369650797,-1.7894557111963163,-0.32389886167949733,-0.45334301931448245
-0.6752522901174265,-0.06057822456336448,0.6295514615092324,0.3271685354027348
0.5316906775933994,-0.37870527562630196,-0.7778688730200861,2.070342945739627
0.2455412364590865,0.7004205495084926,-0.12594197200608,0.34018330220572707
-0.7828104052512523,-0.7814542944978896,-1.1696818674810714,0.0021042889770430725
-0.25590383193123023,-1.122469098113447,0.45846259579491005,0.6361167829237301
-1.613511736436686,0.5642187473952838,-1.0884897942621419,-0.6759429658644986
-0.5421671142951072,-1.0763941671407495,0.20948242266207295,0.0073006574494537705
-0.9472730890628863,0.2270359294050208,-0.6825663325049761,0.2367279264366992
1.5100640541582,0.9878804717599148,0.5741601377260857,-0.49440784300723145
0.2521239090902185,-0.3851491414539828,-0.8968929531407326,-0.6510618895136184
-0.8891382162670284,0.12257512145245181,0.4364874830473614,-0.6259227377154308
-0.45099381927404686,1.2635155079291371,0.786313967442781,0.3283788138129984
-1.4862695639763885,0.4609168663849246,-0.20812285118023913,-0.5649200507442937
0.35237452690579796,-0.9767506211863894,0.701841019155312,-0.7108971026573908
-0.4377981614482941,0.8087627412131433,-0.791569641231295,-0.5516187294475646
-0.4707760312441277,0.5359757036255322,0.4116914192740324,1.995237213402221
0.30784112749038084,0.805596568150944,-1.8678344603421149,0.04263378279053909
-0.514334720976264,-1.185564467903521,-1.22378345408685,0.5647955177114707
-0.018888569488275907,1.8662257430213895,1.4225048177989785,0.36130788126491403
-0.015989188890357685,0.108220472489601,-0.6502582340374425,-0.9690728048251235
0.14333375625677783,0.23715731907136803,1.2542480960178826,-1.2339713106999246
-0.3559931417143375,0.4880808146227048,-0.802252310958798,-0.1331544332107787
-1.9233161308542652,-0.14063025456000838,-0.15369265366048282,-2.0157339441481024
-0.6555568046505867,1.288859615224093,0.6024472328138524,2.2173419314459712
-0.11021967564285175,-1.2059115277873347,1.0014174178526587,0.050596675938009594
-1.086598456373446,0.6351664892538589,1.059348994139831,2.059035498438291
0.1744259642410137,-0.7564377037721857,-2.056366092310102,0.9780005146843723
0.6240727418727894,1.352041695771618,-0.6265264185374315,-0.3565492463759043
-0.9853352560120134,-2.430191059031149,0.19668685261511312,-1.1597738936419824
-0.8235044625994362,0.3269728306074606,1.972754688644964,-0.7930273525039694
-1.411055589617763,-0.8928253590537303,1.62473581263279,-0.3712670242301323
-0.21496565892877464,-1.4236954613405155,-0.9098892319290265,1.2061806876757468
-0.7191566266418118,-1.6773742409324561,2.51382860146369,0.47457664892319235
-0.6094448948151192,0.4856339498980242,0.39573953096737485,0.3173004771016717
0.2667261421450104,-1.6357236848695247,0.12520921150659522,-0.28352573808340964
0.2227074407382586,-1.0215484422508458,1.0300376124396335,-1.8107262325089906
0.24064921756560398,-0.6086111523180795,-0.49996706812493524,-1.396668180570496
1.9544896758009183,0.24268615339853622,0.3108158196503208,-1.5040932537110565
0.45957186788357873,-0.21927448669998065,0.31469991773725553,-2.713210745276974
-0.13443155217645256,2.8644052224045997,0.26658777591925,1.1766832141483619
0.18205105069154123,-0.41854458319532556,0.48065567092306954,-0.6615305198318762
-0.5228316862346799,0.17643869885202354,1.015367076152052,-1.658047635861774
0.5252549825900145,-0.4581941521308824,1.7431624881133105,-0.7434515122735937
1.737543665017375,0.6959790658616088,0.7171739034607776,-0.9211712613645461
-0.4696365595466312,1.78739079900429,0.23061007411499304,-1.0900321323189175
0.9914536842645222,0.2740186250280863,0.5527819032561678,0.10236015405577338
1.0463105209316346,0.47941776020962434,0.0047976155671659165,1.0223468980109722
-1.549757886246701,0.6559265312791691,0.034706894554092975,-0.4377880142015414
0.7312834235325982,1.4360945493247341,-0.6151633179654218,-0.3889711990520436
1.453186895603356,0.7680566178018314,-1.0665591098979774,1.834307007202749
1.1032695940394073,-0.305340619912396,0.5872064448296919,0.34159224521680825
-0.9452835163887833,-0.38625668219252635,0.2731227867124108,-0.9800696432373467
0.6473682125006485,0.210515718054925,1.5980085446842154,-0.35975720206716655
-0.030282403807842743,-0.6837982557622534,0.9240817493672409,0.2945604150140354
0.7892137583188489,0.23452996129962814,1.1396550627760977,0.2647591433236338
-0.3712002768332848,0.04722113750695173,-0.5555142107252786,0.2921734016520188
-0.953722463348468,0.7845223272773114,-2.1935996683971593,0.18828076086387396
0.394926695813093,-0.07891263890359212,-0.4512298407719694,0.28148568211663233
-0.7553851987194129,1.7526924222557199,1.3363170131816784,-0.7818707086187863
0.03568737781133288,-1.448985594742564,0.85491086115238,0.08723704409031656
1.6787498283744806,0.7942467865028083,-0.3104337889686402,-0.6540395921484575
-0.2064258914407249,0.5661265315401496,2.258562146983086,-0.6423262681422806
-0.445231099299044,0.7215827607902086,-0.2691060963351888,0.7149713223908408
0.028294168341343545,-0.6246677439149554,-0.9606647492517102,-0.48772771738635273
-0.8967236328146692,0.9416633663047117,-0.536969948057843,0.6173705544465139
0.2750262636025462,1.042811122125172,0.7362837876130663,-1.4172469252090392
1.3572187611831041,-0.3480230885680237,1.2260365900403956,-0.8501230133949359
0.6170776864973425,-0.33993865465489914,0.09709809210845331,-0.7619275475263775
1.373965310256469,-1.1900937696453198,-0.5506541192434732,-0.4151152777646787
1.0495228936436276,0.31452153870383887,0.15811448047540552,0.98588877063106
1.7172574257643238,-0.5655014899682389,-1.022243971783688,0.4265282947252795
-0.560885521482267,1.2925370048198912,0.9893829698133383,1.6384445289960043
-1.1371922872205893,-0.5321034521406358,0.288883447172861,-1.7912106812174289
1.7461893884670114,-0.8185336208488941,-0.29905086757063515,-0.4695955903093053
0.6159276260111397,1.2601637722442292,-0.33578043332408625,-0.7979085482926215
0.3860548463000637,-0.7043326092721632,0.37476199873914784,-0.09716026199599492
-0.9443046874890996,-0.7735880705253934,-1.9855333037248837,-0.6385308455711064
-0.2504314769546485,0.6574914898748777,1.3476268969022795,-0.7822354381444048
0.1839690366616643,0.15875984789028233,-0.6407290370886408,-0.5914072070429888
1.7787413179169145,-1.0215335626133022,-0.8824575384487614,0.8675988128449268
0.40457827211383524,0.24974000347498077,-1.438228385436219,-0.9925046139392983
0.5766089875959937,0.2870631677855998,0.6583540042788047,0.7062447205764575
-1.5111635916687807,-2.188628461379974,1.035988027086102,2.3388832730610525
-1.1771257238545358,-0.8593775381488777,0.5054860311382012,-1.9685067176126703
0.3091566630170956,-0.9904734563016412,-0.13995727890208096,-0.7650315775026202
-2.3106603127077783,0.11387943678005367,0.6616436021776044,-0.499601441067012
-0.6898878534322699,-1.1010065936200848,1.118266296221291,0.7046502543284988
-0.060274069241312636,-0.00371655351961575,0.33475345034080395,1.3443158010974658
-0.839206134512122,-0.3580942103669446,1.270626113080075,-0.9691023807215476
