0.6219316297482999,0.7295195393728797,-1.245761158148485,-0.17198253987168863
-0.16791221891009833,1.7124631272611355,-1.3930961912626874,2.8957368537044235
0.38973988059476233,-2.344123507017939,0.23654311830904484,0.0056001695119722
1.0411283668707427,2.3318820149304402,-1.2325148685203047,-1.6984627808937591
0.9014167549853246,-0.13054404665365874,0.1473851600799832,1.0563970744367535
-0.1430326160408267,-0.21868414638080969,0.04597091279870289,-1.1644693333487681
2.0514566716682263,-0.4465271709685788,-3.485646013475529,0.6453631898177542
-0.06051151902069985,1.0790897396945753,-0.8150292395288101,0.4356209940435867
0.8201035014018614,-0.11714555322254618,1.3349761445136052,-0.8232671976412163
1.427084116877921,-0.0469241774952528,0.9287890729964349,-1.4761326287097691
-0.18524848899588275,-0.4199182512621653,-2.102866114571556,-0.48978917308395314
0.053510153410135916,-1.7253351999034006,-2.024280569304772,1.1171181715378786
-1.7051326394025135,1.2820399909739806,-0.7759538734399636,1.2438024444652953
-0.11970260546705094,-2.3153359272043748,0.14002035692947098,-0.40594930861162487
0.23740543911778347,0.8280376113654458,-1.3617216420867004,0.15219354050601328
-0.10359931415075928,-0.900970084948153,-0.45797621698588686,0.29490461631538106
0.4504717711334955,-0.8311511235428636,1.459724865826277,0.6039239038961894
0.36338967873880956,0.7909414404307938,0.8501858107142758,1.3055316781052306
-0.26323295957601506,-1.0668966468808658,-0.613221508099885,-0.8959018951734585
-0.37524146380605117,0.24991789723454738,-0.6110305499751654,-0.8729688106390259
-0.0776863371096645,0.05257595531136284,-0.5885127618204979,1.6604781102887418
1.2187091550434606,1.5101919757891513,-0.8264050725655194,0.8133865956960096
0.3472652363019459,1.7218590147722632,0.25003342581585436,-0.1518218291355261
0.4121555486028859,0.4885768761216323,-1.7608333854222844,0.0802914642217731
0.8477688922871136,2.2786123501316022,0.17195127094873988,-2.4305796949273057
-0.05453578167966783,0.31473174633533796,-0.1110082458930985,-0.728285099775227
-0.7108184656820207,1.1186158393434364,-1.8798854858306135,1.3582546621283687
0.30212319812942473,0.04322056986823153,-0.5491074066964493,-0.37086455892358866
0.6924162254162007,1.3688453684731565,-1.0690597402038087,1.4484288527071922
0.9706921051513278,-0.8512181380593256,0.044440134891002216,0.4843355376190265
0.057701759796136606,1.4575128520659024,1.1538098649105306,-0.22188831193332426
-0.3511130515149985,-1.4998594051194123,-1.7621954940853395,-2.4435520937663955
0.397831766396674,0.6348433533547205,2.016781492879044,0.16503937338309116
0.036779089355977644,-1.583122638584314,-1.6153089928950346,-0.3056413227377612
1.0219460219986813,-0.02662926843899109,-0.7929960626440494,0.7736833110192144
0.041531844200906685,-0.6344818623106427,1.472846204972737,1.6398960306594181
0.2278888099142105,0.8124067297275972,-1.3033668409851136,1.7968567050013557
0.283712075645109,-0.9790420046554829,0.07780584129469365,-1.3604967349901755
-1.403729325374838,-0.00529047910552195,-0.10071642406471917,2.0067884671669614
-0.09793591094741677,-2.1446866727506704,-0.3969264935419256,-0.13578012849672774
1.5795524334313453,-0.5610847724264701,-0.4148223676168737,-0.15090473154236914
1.8566901355021745,1.096517486921962,1.0871893604378464,-0.17060907718976095
-0.44251327530722523,0.29872125759696583,-0.7261186283603223,-1.5072823507488815
-0.9985529493971006,0.3552162675854221,0.9582195842898756,-0.5260732676769068
-1.4239450623938625,-0.6839531282242952,0.1951970208825233,1.169555790950798
0.309837062520941,-0.8564867554140141,1.2791289941040391,0.05999411810054205
1.08645153221849,1.3586012945069772,0.2789586442188019,0.9021055390422271
-1.5634505267733172,1.3404101635340877,2.321965197568117,-0.05898266202843556
-0.9339975398629009,-1.790737726445159,-0.5541662134043449,0.3177014654898264
0.7032785749393585,0.7102881165298566,1.6155418589173174,2.243808648224731
