0.6763601470993209,0.18340170240401796
0.9750291513144942,1.0189270884074797
-0.3647257854016662,1.4455453210727507
1.0492617064735834,-0.4716671786579501
-1.0570235512784012,0.3505157555145171
-0.6291644749942104,-0.34891025459479513
0.04445396138972551,0.6151062798020627
1.1541933937390285,-1.6449465231155547
0.22362281043743507,0.19881660974900675
1.4627300468044608,-2.04881292862311
0.5751669114858831,0.9437436869257323
0.6176497505397771,1.6844146771084052
0.3839824052255174,3.0026575974789154
-0.8812524913304971,-1.1319899215561333
0.004179358519769912,-0.969341517286185
-0.5425262529191074,-0.47659317429257175
-1.765521314498747,-0.05031804660969404
0.7418871079958833,0.5021882535287617
0.45543374317847796,-0.8748440680999839
0.5433458011621155,1.3105029521035199
-0.685737189852735,-0.21102351553114393
1.6207571880462384,-1.091338173977332
-1.9468181780697513,-0.6497087193512624
0.24518311371803447,0.18416857482812582
1.0767401927862432,-0.12693978830617048
-0.20480810828131074,-0.9138592806057322
1.502598888964174,-0.18671303079157298
1.6243440107343952,0.8664282900508775
-0.9512711708917849,-0.5220127753427701
1.3092274916265478,-0.7774247302254294
0.531513423722201,-0.5623501105392179
-0.7555376178541194,0.04893873145371946
-0.9429533359334256,1.3769422729052094
0.5840613936630031,0.779719592460586
0.09637821127006273,-1.5236709401437032
0.7379914481294021,1.1713800443698028
-0.22906289859166937,-0.09034763758049993
0.3222236350718221,-0.19614591641711634
1.6999100457823493,1.1247703189064533
0.20866588590368798,0.919082433309059
-0.904933469735235,0.8369643713535694
0.8950836312124033,-0.25718438667132426
1.122324626341792,-1.8649720653516517
0.7592975070151652,-1.0688247302925373
-0.8419556682661165,-0.18533285007807063
0.226352961284129,-0.33429977206064065
-0.7100349770416328,0.2626171140474655
0.7894880730737144,-0.32110180266649035
0.06570349370525819,0.012892443130541196
-0.39516863470935276,-0.32429652753498456
-1.4477203039138618,-1.023980862358213
-1.1570991922389537,1.1363000330211803
1.0442726303967182,0.6496316682608133
-1.3030381939519913,0.5721624175158664
1.8968141297069738,-1.5139810389466544
-0.1356370316662742,-0.0935602098371418
0.21705348779633335,-0.4883901453720122
-1.0224176895795543,-0.6588068983200783
-0.29577240412483313,0.12224068267911484
-0.1178059075976103,0.8769752375757581
-0.4928440543113281,-0.7570343596437381
1.828123052794567,1.0713349542949273
0.2906750472045821,1.5462173818976377
0.5400722931848548,-0.5019281908998094
-0.03795742987868134,0.7716685910450601
-0.17900422555553436,0.9587754972977831
0.5651054791592199,2.7094084525447335
-1.0606160448422086,-0.19934792493955664
-0.5733998420951352,3.014848481292445
-0.3686153475118326,-1.1220529171634175
0.7901525700470673,-1.5349166438881994
-0.44364368257207926,0.47277286412909475
0.07480919079401031,0.6162654359754011
0.6762754610490949,0.6943385644364448
-1.603378789875241,-0.7397793859657147
1.6074942656654205,0.4540906122880616
0.11996114052388783,-0.7189739894638626
0.3043520141070787,-1.2820985033897083
-0.7086327618782639,-0.3396168671600576
-0.09173886941407418,0.37846440923330377
0.113656815050045,1.7276322040430432
-0.4140784758020381,-0.050279547573388386
0.1493112352008227,-0.4593074069859525
-0.5771281232681279,-1.0907401324627188
1.437544601605637,-2.291886656395225
0.8071426843503626,-0.7574536903353493
1.1035224355924202,0.4588498327921818
-1.1972510596608688,-1.4681666564244267
-0.11701041606928127,-1.6725099551680382
1.1655242150174399,-0.41678767661937377
-0.15979447177144768,0.48921316621058475
0.8304053749744049,-1.4083785585510895
1.4881053508826716,1.6831056204036103
-1.6165265089922292,-0.5597232768825416
0.0024670807675300716,0.5639214730262869
-0.41481468530392906,-0.6651598780489367
0.573905962184633,-0.268365440756375
-0.17017010347594785,-0.4600299032557549
0.35745150278429916,1.2202225322881621
0.6874652659988584,0.14931796658672802
-0.816996570076614,-0.17460674108752014
0.055938762191952915,-0.14253185623188572
-0.30266078979046845,0.2983132039911196
-0.20829687829490806,0.6902227399550289
-0.48420255320790756,0.9230232896241484
0.503722868123521,-1.2668068287970728
0.012318707065212106,-0.6535914670746371
0.9525173163834738,-0.5378437968327177
-1.5433638988436325,-0.012711443476780463
0.6260165461824347,0.2714946212383028
0.03260333784744037,-0.9768024098642548
1.0784536646148202,1.200085217535224
-1.6222805757829826,2.0159953283604635
-0.440076806730295,0.8038460483229921
-0.3849733105985324,0.8286611968550489
0.03590671333006443,0.15655356721667282
-0.06676644143732978,0.27610034414861007
0.7968182756666748,-1.4207686740885632
0.6290118426290149,0.17777202291583286
-0.4434613743768354,0.8657549251149577
1.2058125922476786,-0.807402702342649
-0.4751932317214718,-0.23308041520447392
-0.09319728249009145,-1.6721113116558532
1.4075715302784904,0.7485229518370344
0.25422018674526226,-0.6279545599157368
-0.5417383406022226,-0.5824683457158573
0.589930392157359,-0.3554939434543594
0.9482596488532794,-0.5265986914027337
0.40228525931496734,-1.0060812274107263
0.7193964945406582,-0.9868475563330085
0.9858415153092976,0.1680758217115536
-1.6494210783694516,0.727266819749216
-0.7098600974132927,-0.7587908385328551
-1.8370080567839409,-0.8703790205086646
0.010594518788954031,-0.9605334253217666
-0.6847669309950737,-2.558048929546812
1.26071851442582,1.5064357176633159
-0.43007328091950375,1.4390967029044266
-0.3052283919871172,-0.017605246921227745
-0.12829967172311835,-1.0836963742928858
-1.1909627270779042,0.015942261791772803
-1.084654834733344,-1.6114741038386529
-0.7043035864534335,-0.3860508596455053
-0.06728338038384388,0.1492668171369323
0.46654851691211047,0.27554256304901514
0.5752307738868068,-1.0676206517086626
-0.05874814649812943,0.24437951734960678
-1.732767928289367,-0.39077511832127976
-0.2541691511872349,1.9883618275535815
-0.802370494551783,1.5364593365225783
-0.8215203547858917,1.575164858022656
-0.7006402562095861,2.4889490980656332
-0.5207819538987772,1.4464981146208908
-0.5262285708107892,-0.697977260539093
1.0510240109337419,-0.6928077855482264
-0.40450551760763576,0.36346081897681
1.8483222136292004,-1.111748320745059
0.9790286035610911,-1.1831067113741467
-1.773388474651645,-0.3359904922859115
-1.3791978174044695,-0.33146851008706085
0.6716646052937999,0.33000422315649525
1.5790095825034722,-1.3815920702307258
0.5382067059887407,-0.55030191015622
1.196331002702082,1.8679731984292836
-1.297723858531488,-0.11030370478024468
0.5700393813080474,0.0679010587832708
-1.0694036231400699,-0.8241326600398111
0.026890767883908553,-0.08322735963956084
-0.4507683148338461,0.7157902319066825
0.989901618155161,1.5357903973254234
1.0558649238783198,0.15864007088624238
-2.0753092138349074,0.2534653579476946
1.75977010209271,0.5146350163669935
0.44283420807969104,0.1332102486457991
-0.22940812340372924,1.7338002194753206
-0.20327833021695674,0.49658558971903477
-0.30680529789568606,0.19209482055495308
-0.22468584262725796,-0.0270613419512917
0.6335800395919607,1.0544609824404867
0.6589796216668071,-0.11912773538317582
-1.7316042665592575,1.5887547070632393
-0.19888988432067442,0.6407799590036292
-0.288777803777295,-0.4193442718934884
0.2929873197053674,-0.7671534060497929
1.876235063892509,0.10855250082693053
0.7773095863513572,0.33508259277135466
1.0858360012259152,0.9898822199998587
-1.1185635582857631,-0.6090409463004568
-0.08043296715685187,0.16382258145015266
0.5356684924170815,0.6468463206511267
0.5734025693693748,0.03129442039503232
-0.9880186660914237,0.8411573001862372
0.620011226819763,-1.435761876410246
-1.2135448110754155,0.934794049090846
-0.15585462203936723,-0.8098622337975062
-0.021550843681817977,-1.548486720972493
-1.3806520154866497,1.0446092323249392
0.4478366453488575,-1.0022499097729223
0.8760309847158814,-0.05232361278770529
0.743240836428849,-0.9889352083932715
0.4219780748183811,0.5313888412117515
0.3142579765047286,-0.7750015362044086
0.041001601211198106,0.5606365581412367
0.9134963530576407,-0.2797399165910046
-0.7464079471941616,0.3333257723980361
1.9771413995761848,0.9719456088600282
0.5290096778123903,1.66402555874922
0.8257434925381208,-0.19167596253878308
1.389036211551328,0.2959171709087082
1.1013371225576811,-1.3877388001742046
-0.687818229369603,-0.8851158294454715
0.008480241471450975,0.6796513627753095
-1.3293143067653215,-0.6506119830419472
-0.7642706425302108,0.8039263267572091
1.2544960292657914,0.05618474373251666
1.1454220446210248,0.981395980814884
-1.6498737202729399,-0.6821100827271486
-0.23209062816061576,-1.2715655229953362
-1.101013696181292,3.0315288769098565
-0.15222827557212357,-1.720444571138407
-0.07452103641827977,-0.0066066541848387875
-0.045812829212848113,-0.5466787945537386
0.4296320973284342,-0.7121470512389257
-0.3564605361338912,-0.5075742365468695
0.7438129453557119,0.8015950279006387
-0.18882166781995996,0.8296208708054246
-0.6746330853382118,-0.15338739844908947
0.5768378002927399,0.4688570709708662
-1.1760597761345533,0.6277260693094732
-0.9876053702534755,1.568665241793275
-1.6102323942164574,1.553909692146376
1.0232823357910532,0.49473074153336055
0.3274993522988065,-2.015268233330733
0.9039169197637709,0.038496654562585594
1.2356462567394477,0.5417845928792066
-0.8831923751061825,0.05778005131212211
0.004023652536584901,-1.3921277738145337
2.6637892137634283,1.868815083719278
-0.2782672796063668,-0.5700547479099823
-0.4915674792494711,-0.30989730521009917
-0.12491921511519315,-1.2700869685696559
0.6067220477760696,0.5841328615743546
0.32549216473378684,2.016938544987373
1.2060561801845306,-0.8659949354741882
0.7901889852123253,0.1978527911793796
-1.4680460847025643,0.3737076004786432
-1.4202354471654892,-1.3276243570207633
-2.2065248056413918,-0.03967876913580738
-0.7122892675623748,0.004361113373273808
1.5803979551376177,1.2087946511222667
0.5044313860717655,0.22141717934264768
-0.09915862834438281,1.3479070936165267
2.5281155595474845,0.48367438501760346
-0.8956053860779004,-0.03967181860684891
0.4987358649877056,-1.0105800328954107
-1.751648976303935,-0.9374051659613986
-1.2627377371070707,-0.9723313507046619
0.02096770752292061,-1.5029295439950088
-1.523303130992642,0.03754320881828078
-1.627946806223924,1.4091949373941222
-0.5204558056684203,1.1742985406458277
0.5884985578559185,0.8630120076929425
2.081254617082273,0.5527351340992223
-0.8737158586925278,0.059567358007033895
-0.40714021310775683,0.7718743399952993
1.3483736510342066,0.86576072986103
0.054071921262314186,-0.331939250047294
0.9350984420568437,-0.39963657773129946
-0.012855831108501914,0.544231980997205
-0.1289408006261476,-0.42737802346393744
-1.5425790121568408,0.7892717010475776
0.863936195327294,-0.2627692719676528
-0.24130865094051068,0.01864457312289282
0.6083335819178003,1.425288867178711
-2.415759288185382,-0.6845012023392725
1.1817073173912938,0.16524935794493267
-0.13650025747616992,-0.9989490290562962
0.266373074150092,-0.42447424854523064
-1.2203106902231178,-0.7892618955919334
0.4201063149381941,-0.5601541876069487
-0.8709267732438941,-0.8582907797849764
0.5919732014125908,-1.185367597563511
1.3877078617004146,-0.04597497675579707
0.512322653981121,-0.7797203508275795
-0.5573744450345913,-1.65051943361677
0.005044562674809892,0.9397135814458681
0.6643448108528536,-0.560192142569436
-0.49276751893314175,-0.9844598121960217
-0.2710714113200995,-1.0597930879282913
-1.0783403122919246,0.19869276021521529
-0.7203352050661077,0.949036284419521
0.39240469810917433,0.3356100758973488
-0.2577248008039975,0.48448268195728106
-0.7353879046568255,-0.197923905823351
-2.292348034441895,-1.2117586568954661
0.840398092031755,-1.1100130195552398
0.2822069637904815,-2.18431510608974
-1.3627521007481673,0.5095603882923819
0.10354563889809805,-1.0038273325493923
-0.6025181804996552,-0.1484165227794613
1.7142510871759193,1.0124224509908946
2.1519431034120386,0.07963848652194816
1.0881683049112199,-2.0439467286967594
-0.48324205289487787,-1.3460409714206296
0.7191797461211907,-0.8107442721109592
1.4915094021047706,0.022708174311032243
-0.15598101068063938,-0.030580863679276364
-0.028112245199134016,1.0850248702785361
-1.6011697541723482,-0.05791913156001158
-0.6246964649792074,0.48055592528579266
-1.4053551126642168,1.6429674340380893
0.8350320844336087,-0.7584588760507077
1.3569259186623035,2.585434047270003
1.5254129688422335,-0.12525554836886565
0.5767650517510883,-0.7640146361039193
1.2315681203980156,1.1160664245539549
-0.08116350685453141,2.614764676317487
0.48360061134345184,-0.29273552533258174
1.3878753755583109,0.5854477417972085
0.13853489610488642,0.5526968044109871
-1.6856169720361063,-1.6502582045786538
-0.10417078943286835,0.001847617981490492
0.23705743271522955,-1.2286387333287416
-0.8521678339828719,-0.3499478177216398
-0.138323064029199,2.3750451070343956
0.491969120213519,0.8897301979168328
-0.9103888913967753,-0.8484559201074912
-2.233774836778041,1.1491060247063343
0.24494063621428402,1.3971976075538648
1.238335685177693,-0.8830517410637108
-0.2594645612008582,1.522354680951809
0.39541928533057397,-0.0620797751093602
-1.2920244913418542,0.9139678647430673
0.11769295741442995,-0.6744422752274737
-0.5428630584772763,1.4185740917061458
0.30960287800265696,-0.5093773803909184
0.7594959157828247,-0.6628303108080063
0.16736468519799594,-0.21251175199260344
-1.9321258072171088,1.7427203297407605
-0.7985780195704325,0.6223004716650575
0.7471026193681797,0.8452531855119861
2.401226549513048,-0.9313184976863121
-0.44036186087367135,0.12296112820375828
0.3728703654664614,0.6221453866790204
-0.799907236488705,0.4514438245703014
0.8961666040634612,0.7952313936070867
2.4695925367782587,1.437910626574841
1.2784425872543004,-0.18226963035982863
-0.36692101219810536,0.3420760186351831
0.2848636806564275,-0.5723622776530145
-0.11546184029292515,-0.16770232600919138
0.2978094643658621,1.03986087113328
-0.7750864750151312,0.3079146333011285
-0.11195330714751055,-1.272110702042994
1.0118745213530342,-0.17398743326627675
0.27481186437535315,0.7005372150643301
-0.024249078902366383,-1.8216270750160646
0.8564342712156164,1.1253060350390351
-1.6380857997585403,2.118348778446095
-1.8598809195580552,-0.3377353445510747
0.25533447040173135,-0.1641426543856267
1.773971575606356,-1.376486031120098
0.6636557339126518,0.7926655461624793
0.060806020510735005,-0.29078918926582475
-1.7129758599487903,0.8165469320847023
0.3283058294501314,-0.06839711357147384
-0.0663252406419501,-0.8212467813644966
0.7241411613975303,0.9759440009768663
-0.01961744977697996,0.6839639397042229
-0.921822773250471,-0.48064046448659953
1.9241545704862097,-0.04842234277616799
-0.28674032224096285,-0.56230904087435
0.5797491496578282,0.4868881391498931
-1.0763368350871108,-0.46341901219365866
-0.3311596794439747,-1.1391868974185306
-0.8281629299242759,0.5585726979438016
0.6621643444725702,0.12179629219050778
0.25020914467357297,0.13226479138295566
-1.3676779281484053,-0.10935486516106988
-0.8758301520639703,0.4565655741529048
-2.2061386640163967,-0.11600758036494807
0.6499417487591628,0.8949617472274176
-0.7317169609714367,-1.0228986070874677
-0.10378165893449752,0.2860608882662884
0.448338223405202,0.14853497865509363
-0.6305585341377549,0.26405636763477
-0.40833276097121185,-0.8182048663834395
0.3128675528549216,-1.196289662855204
-0.5343491202661999,-0.7834279076617564
1.594715595672398,0.383267710577927
-0.2595343817577906,-0.5310081419193811
-1.4344667243479794,1.5682804998896873
-0.5138541643977362,0.809593382012255
0.06896525781621411,-0.3059183527951928
2.580177201857517,-0.07727880253886242
1.1300879230295227,0.6030888554906548
0.5616286022236403,-2.225028560622494
-0.5229352476540255,0.19626269979153863
1.1432990493919435,1.579265159521369
-0.6974027225794367,0.3225670741067886
-1.9027622399111355,1.0050312100722831
0.6301612270078586,-0.0716402174519679
-0.23959858810608542,-0.4359973434770409
0.8320703431069802,1.988157216789801
1.153151726986215,0.38884449708211277
-0.6967371236280386,-0.3093371480368847
-1.0646521691692028,-0.6111753914758741
-1.4449951861130579,-0.6552463505426326
-1.115295283489507,-1.126676068375596
-0.5812351833113149,2.2215496108580397
0.0006199868344988149,-0.5797143778525942
-1.522165389831466,-0.010028636472692724
-1.2706956210002844,0.4251381112382203
-0.8081123798134958,-0.758085357140468
-1.1323831916140457,-0.8146356455857128
-1.6310186333425503,1.520972042024444
0.05388304350155682,-1.1128562287409987
-0.02184480979915199,-0.4062219025909389
0.2631868266841657,1.0110888984428226
1.5473383899910922,0.22699722343856024
0.7643055178344512,1.7515662120198061
-0.7063119580265294,-1.455028757531398
0.4297935358135128,-0.7757390327359368
2.511036499956193,-0.608878658062624
-1.3915855219829187,0.14753850314705214
-0.014352374439760703,0.6290446822217384
1.521662219680265,1.1944331213666246
1.4894921951334819,-0.21327621333393154
0.45752606753732467,-0.5467452650501314
-0.23297785014948413,-0.6320701774541767
-0.9444235475484598,-1.0090568034479013
0.9804663098528027,-2.3924626228879666
0.18291602969857618,-1.916721598240799
-0.6540414976509793,0.07912974546772619
0.6987830971374772,-0.07472292946704405
0.5770926435343637,-0.33597970216263007
-0.25505579594999017,0.6309696833214694
0.2907531480176594,0.361757611793418
0.3947528567632016,-0.901010823673012
-1.3498336526693118,-0.9885236816332087
0.24355291427876172,1.5957948107729585
0.6406074142116766,-0.6357773539965027
-1.1379220621323864,1.0116384668512832
0.2967630152605288,0.14043745396320254
1.242089518965863,-0.1734906795920602
0.6906021785996318,-1.4108155190401015
0.9243949453847782,0.4044652691228806
0.3851694796944419,0.7255544096606894
1.797639520499454,-1.354486691617936
0.6155446848012195,0.5774187751555745
-0.9452086363680247,1.236561815795083
0.1522423270205329,0.7465048509416067
0.0437126234759429,0.39979814351740994
-2.9367700263597665,-0.37232814590443275
0.10545683013226329,-0.2894256529594086
-0.6930382375230888,-0.8584042452072067
-0.13824007656183612,-0.8622046368610771
0.3403479800930228,0.3298713715592034
-0.2329264647950316,-1.378368622354843
1.6803665535521188,0.486344741809978
-0.8081042225902823,-0.5367704020281281
0.09457963767754479,1.54929310159441
-0.11781179076025879,-1.9754234562149993
-0.31457340587865523,-1.4675922099401661
-0.550205138881355,-2.8967216850805944
0.20059671427137432,-1.7765507036324373
1.6993093618888007,-0.2701629710416287
0.18389920836864132,-0.1716049909766872
1.185389604141656,0.923798834230249
0.6130825763901142,-1.240150574142839
0.4789550532635696,-0.5318465467889598
-0.2167065794350931,0.14667361937162665
-0.7419958450807638,1.227238922079852
-0.36557281035737244,-0.5512033996760789
1.044640712379424,-0.13165607868322943
-0.7056944582100504,0.24149826348067233
1.3318589782258112,-0.584798193917076
0.062280902263954385,-0.5355328057734637
0.24613390171613314,-0.7648063594361971
-1.3847187566067443,1.3702741383482249
-0.7275864299081038,0.5841794807428423
0.7806110221627685,-0.48327078175020544
0.29693381360707316,-0.9134989668546949
2.0141776733918633,1.050695488673658
0.7050581657304782,0.36720064877833836
2.1885228735273894,0.013187802777501291
-0.05721816828611354,-0.22385240342671908
-1.0963509116258543,0.8342817795030143
-0.5217400467398835,-0.2699637005474488
1.6192540259191521,1.3908703371410418
-1.360397321376817,-0.2511042328095873
-2.1244555792379485,-0.022849964425171367
-0.78019139962239,1.613637780790479
-0.8577652714509048,0.8302509120994898
-0.04083975869218005,0.9082519588890527
-1.9925945343948006,0.5680617418084632
-1.2618784958073261,0.20978110417067714
0.20215465995571305,0.7530927067089273
-0.05498776266910263,-0.40508708457409587
0.3706745455650067,-2.3366896491438065
