0.36954611410770427,-0.6393744195638725,1.2824190623041138,0.5660414731800133,-0.6725663367974356,0.2656421845448882,1.085102315747332,0.34305460610033595,-1.0807466814752036,-1.680793369156887,-0.18027487422481925
-0.8008059735426483,-0.6238135923318442,1.0794815298478422,-0.9058910363337571,-2.6673724417795657,1.2328690030023928,0.28617640515051634,0.11652792616026432,0.47735107536684085,0.10595901956234956,0.015411704780984773
-0.26892217487790065,0.4691901670820449,-0.735516730438806,1.5466080464765346,1.2466393566394816,0.5325971408279012,1.1906809606451414,-0.2063005445840537,-0.0323685943389851,0.26601131768414615,-1.0504283108632348
-0.19603488449294224,1.9887323727375592,0.9437219605440852,0.6004631731240441,0.23306521022882415,0.15113820790190302,-1.455356776018149,-0.4149659799030965,0.562023449047732,-1.5351651667090507,-0.6986168188274944
0.7713787595131114,0.33420301131312485,-1.1646006281248757,0.7314850185888659,0.8307853660472373,1.4226954193462098,-0.44730804846590655,-0.9705808754771393,0.6270819015997949,-1.3797961154858607,-0.46276325085520387
0.579622456608159,1.010100260766793,-0.40091515362442554,0.5617859458360519,-0.2683883419727898,-0.31553339851256845,-0.3350725286701804,0.8894224117950167,-0.10454655027786691,-1.2152168167172446,0.9601502743269832
-0.16195113993970914,0.03837358850544781,-0.7968570407106125,-0.8574796259150171,0.9868530536185809,1.4229512290117503,-0.4712259572359957,-1.879322866585208,-0.17350223357353609,1.95796055261068,-0.11691455948460425
1.6285843022400093,3.229656194159167,-0.6458687354071123,0.2133927371126073,0.8200661327037844,-0.11220150519020895,-0.18850861836373306,-0.3714630996585165,0.6164920693593091,0.34291679559359844,1.640103692889867
0.039342936092196364,-1.7564130305338386,1.0825174451175044,-0.39949005957597256,0.5661104418100904,-1.656138742695009,-0.32175213616186127,1.2318509614240276,1.6785639396236396,1.542815870111514,-1.8442398564177127
-1.0119637453718933,1.68745625069037,0.13875252437410523,-1.0426022979575316,2.5833567573357503,0.23959820368269708,0.4552425139104279,-0.5758588340402102,0.570601641855709,-0.627242319158159,-0.10050922316857235
0.30154600805777987,-1.4317934886552792,-1.504376226001313,-1.2799286272737553,-0.841126723431881,-0.6091257265278311,0.8341693766239252,-0.5803718145431097,1.3060163504646687,1.1515630330459625,-0.19496533813223482
-1.1274354193718854,-0.7449413992573195,1.0439773594751716,0.8534163133901067,0.146736785496699,0.42171267958777037,-1.3106319252932814,-0.2260363095564831,-1.2743366180639248,-0.5071870359221015,-0.5554986343081724
0.7350238232396354,0.29961631258405275,-0.7406345190287442,1.1895724259692075,-0.7987193120931945,-2.2169640767512044,0.349348615210081,0.05738107151194965,0.16560254592495888,2.130276060913899,1.414192492685046
-0.4540085089918644,2.4508625238134787,1.7526000619654851,-0.9104391278297118,0.6951960961746076,-0.3637431543764185,1.0911003844819247,0.03260049326239045,1.1828678793512466,-0.9436350744054333,-0.017175992832604584
1.07917491146286,0.16942812154086184,-0.5719486166108829,-0.2198281319545019,-0.26370498882537213,1.6167433687360728,-0.4700053327293344,0.6082768886186887,1.3067179693330915,0.7236734255773869,-0.2919846423914453
-1.3086531383739899,0.6423476985062662,1.4589971140029014,-0.9402140917487051,-0.07492936694985229,0.8895852137803264,-1.0388631045600853,0.06263441159634826,0.1911666338672383,1.7827732943027976,-0.5293656845071848
-1.5042623297709454,0.5514347244455075,0.8190678200762819,-1.1566107217296027,-0.7720135769500948,2.534931766227138,-0.17398119634352718,-0.5403071662436046,-1.177386628117292,-0.08358229531027361,1.0312806370912662
-0.3572511951884098,0.29297666231443076,0.4426150197369345,-1.4068112025349038,0.5978940702020398,-0.7248561205961208,-0.8946018850222883,0.45335876227893046,-0.19464175791318036,-0.06235853706055028,0.5488485603483678
0.532219308734858,1.3894806033815705,1.4208905342205533,-0.28097184885128357,0.8353958209131701,-1.6352065633224675,-0.11168062096238941,0.2114788307003926,1.4947248348341884,0.9993480424310323,0.5276297044950068
0.05242121376096574,2.0569429738300524,-0.22996283991078537,0.08491884098169211,0.25242379588648034,1.4135498602434382,-0.798382935423528,-0.41086404377026,-0.5631875184462762,1.7644035696372466,1.706327048631663
1.763937642382411,0.5290566411577926,-1.0843469390730855,1.0406141552920647,0.5043935440920806,-1.0944450422421763,-0.43140344245011414,1.1563348999328542,0.3696343697649446,-0.2060407455595548,-0.8846595367866193
1.066159884453571,-0.17099937418057629,0.8543347219015497,-0.3337510214002768,-0.2425582608202789,-0.8546814009894023,1.80878855008204,-1.3004475565530382,-0.10489323248918006,-0.2520145392703524,0.8393469527288037
-1.1583652173641124,-0.5318608704961413,-0.2368599016445088,0.6067684635958835,0.28268309535549563,-0.09018618482846173,1.1097889877739682,0.33402807684585434,-1.2415822556198168,0.6900469963257845,-1.2016563106444151
1.1135572214430507,1.0037180992624746,-2.034570331949888,-2.1620129335771363,1.1333360013734215,0.9241490345121373,-1.1423718372034481,-1.4669422277347055,0.6316620909531332,-0.13266744038214634,0.590282977721798
-0.7091399085169602,-1.4741130711431427,-0.5434133499903597,-0.6576069870127205,-0.18610451185820195,-0.4101670798057069,-0.36545773896551986,-1.6049942560721042,-1.3411977375212707,-0.447698355007589,0.7621002131410779
1.8246754612107015,-0.2800575755818221,0.41682202647992944,-0.018579255622470214,-2.235162905758885,-0.8664552263311327,0.3442454654713539,0.01055516883042556,1.10195816004849,0.815957989213433,0.17393251556757475
0.24784091071535233,-0.7497806523796144,-0.8711503792445696,1.1287045920184522,0.8705031102229995,-0.05879850788558878,-0.8957786612574439,0.44561095961729513,-0.35015437841617614,-0.11409282206225926,-0.5661056181312936
1.2202761464442993,0.7657120746589947,-0.4294356135517022,-0.8756435317371969,-1.1163081627261064,-1.03295557591441,-0.09181821924623869,0.7452207070233856,1.0652637495869937,1.963896238493873,2.2053667043865
0.09734939788710131,-0.8918195956349968,0.5107212596117473,-0.5652248738089423,0.07220003981435894,2.0367605491043554,-0.49023357266927853,-0.033832544362677575,0.9251417598656665,-2.5077891491336537,1.12404993897004
1.0526007965290811,-0.8227533443508218,0.7983685540456306,-0.1996349001306984,0.8376160072133663,1.07590778664844,0.009192781115109279,0.796953462221151,-0.47596296326136495,1.3370815452734508,-1.0130373927993248
1.8356001093581467,-0.23270150443320178,-0.8878742069222582,0.16458826953621666,0.5822332109546328,-1.6650834717082788,0.8257296522384021,0.3945646458015331,0.5120099532617169,-1.226928139062344,1.2013822684346658
-0.7048834260069089,0.3081648499419964,-0.9747429264830547,0.27061697809459806,-0.7140229524087757,-1.5463226431903698,0.9866072436059545,-1.4725824437596435,-1.6494458973210806,0.7523067480418401,0.326376977639919
0.7911507971994317,0.16401733222450743,0.6155980991048816,0.01961069614632509,-0.1612714236914764,-0.6521964552358264,-0.29263541141172916,0.836408624795154,-0.3462372603201321,-0.7390904612755161,-0.16680001640134098
-1.9679742882704603,0.155214541790319,-0.816771079886165,-1.8195271208384294,0.3593572358171797,1.748332852023383,-1.4079916189706492,-0.5388317097899592,0.48607125136289936,0.11598430761067274,-0.031533721181023565
0.1849287725001314,-1.2505869175129154,0.06456872171461203,-1.0228841869868612,0.27192641360133957,-1.0443580315013692,-0.37850228807896885,0.033448824746887415,0.6022012443648456,0.3509679294560688,0.7372056377283828
0.5513202053491988,0.6390541696110378,0.22643135723200714,0.535734778098977,1.8967562474393946,-0.1659018278696153,0.4891379065671777,-0.21804184820137154,-0.12295771524980928,1.3337560711086711,-1.0692426440797054
-0.5464370205679775,0.03733480032960247,0.07739619490689592,-0.4273668521287142,-0.286533248973095,-0.5883856623720257,-0.5178198689448711,0.6101315771714743,0.5679727299534392,-0.43722445138803673,0.5872754236288031
-1.14553050688019,0.9949332910120905,0.663623094994437,0.4340030738141279,0.6237178616001064,1.4871755945076266,0.32781057437334576,0.5375865104188858,0.61210637767409,-1.7819231123256938,-0.4048198197206986
0.20450530666111297,0.5592457794905472,1.2880087123512376,-0.1216012127873275,-1.006788743955987,-0.31910252540907114,-0.5206826595518886,-1.2888016937257174,-0.8940184941395058,0.1341304487884365,-1.157302521534346
1.7601660924386822,-1.965925149507476,-0.07599722049255361,-2.455777374949003,2.5215813269209195,1.299985596304398,-0.7908037332906314,1.8457784835142623,0.09363987916119022,-0.22882196341665992,1.0106287888505727
0.2840349303566588,1.2872216932275724,-0.24153656147719782,0.3066080563349224,1.9371225653899744,-0.9862344527734724,-0.23343559598220648,-0.46898010891593,-0.6156169988503678,-2.081796758847859,-0.05180882796081916
-0.6329261439456005,1.0646042530398052,0.35233078018955727,-0.40304647632472723,1.0710307748021557,-0.21488437467259192,1.7118958318099993,0.997386020529204,-0.8439494902822646,0.9583327208825005,-0.8937509262385308
-2.0932963553750756,-1.0419352574691796,0.5595455189301449,-0.4589870819946722,0.10474910344464423,0.3498825993885822,-1.1304731966706512,1.5854658920245888,-0.56762946178965,-0.5039636132905186,-0.6855161021465495
-0.14127194230447446,-0.8030606704436857,-2.157789027807983,-0.06184426535161123,1.2711305585604726,-0.7061560246318109,0.5483273897181237,0.4166067584517339,1.11539862598113,-0.881665944075969,1.3429180906063864
-0.026424460511918102,-0.4638623434365977,1.1929795393122147,1.3558521448915695,-0.5209138870924855,1.191325948971632,-0.02852824289990554,-0.1548783726059035,-0.30986607465955185,-1.5079136287089725,1.3520001128962944
0.003317359309418423,0.6055888878956538,-2.616083311626632,0.8771742401690946,-1.3058099789222781,0.2614814732079976,0.15702908947697702,1.7924874239970778,-1.4096950013180134,-0.003168625455553393,-0.39604562693613804
-1.6967831878248023,0.645559816305776,-0.706953761388235,0.08125941839536527,-0.2843954408869506,-1.4310225813091026,-0.46712509929986373,0.5126327635010817,1.6905612593410522,-0.5849545369702488,-0.8833483267836889
0.7422974563488087,0.3492698862091621,2.0962039069079106,-2.632802721159218,0.034308204313301414,-1.1644916134826435,-2.181361331502951,-0.3362170957459699,0.39632943967771844,-1.1781119162345814,-0.5434267613990413
1.4328574906748541,-2.0182819202735454,-0.45067799133323583,0.49556323953894166,0.9512165923657199,0.12484516478315025,-0.46244599355252725,-0.36488177562799284,0.5786326953753727,-0.8195455470526681,0.7770413223483082
1.0509785919732042,0.002409709017844881,-1.9776983591025534,1.4135880168710595,-1.2821930552619325,0.9445105812836249,1.030099373579809,0.40807680185806416,0.763906088243325,-0.6208396658442393,-0.5952667475489498
-1.4933809335228467,-1.6311101082579305,0.384210863111589,-1.8525724953279308,-1.3030465476572843,-0.7688480839399674,-0.07192659761796767,-0.2508186590269531,-0.3894021682110454,-0.15683904543513785,0.39895400605872733
0.9646553719257184,-0.5997769390779717,-0.6915430169626126,0.9186538794069986,0.4462855476408218,-0.3552854797299033,0.11160534538627194,-0.1543399029668768,0.6904210931478095,-1.3074434478688874,-1.0514813650800265
-0.15647345750263114,-1.4914290196715414,0.030919419142131203,-0.5018720167842714,-0.25914090316219035,0.0998060019282738,-0.3654260556120502,-0.34204567632754235,0.29303079240818375,-0.19334568260010582,-1.2052638308790424
0.08040180295344843,-0.10395099308373741,-1.1906949263524733,1.34058111177025,-2.0771560989096343,1.3220438373595464,-1.5970308992131144,-1.8733488819828834,0.28075259099499555,-0.6356322237694075,1.1211046134128857
-0.7785130528345887,1.5618821649605765,-0.06761626261247256,0.9911451783238321,0.28836947418810654,1.211608228451223,-0.8398581690405763,0.4395850533261304,0.14316731129454432,-0.5784997170654081,-1.5246169187960492
-0.1528912392439551,0.11680524193132576,0.16527584754400365,-0.8512783103399154,0.0386230821831992,0.6384464031797397,0.1296289368534425,2.635765910735091,1.6610512940805051,1.5785241759089514,0.8468374123305843
-0.7064761688075841,1.652518857661979,-0.009308921662053113,0.6491798442629462,0.5524986909132682,0.6529983485463293,0.34196361638642137,0.5997292319722404,0.3835149761821373,1.8047952782326984,0.21855998562198706
-1.0380908542035592,0.409345501259349,-1.2698677211417555,1.0314768375045094,-0.6441265193234857,0.395516693502329,0.30644345679070667,-0.5213340357146501,1.400497843556064,1.2265002754392533,0.34861006471376554
-0.7519278324625946,-0.20162588759787778,-0.6293819469125115,1.7911279158418727,0.8466392458646221,0.7546890544402005,-0.05246825571117211,-0.17006316430788324,0.14401457666233958,-0.8678880907861932,0.3022748960020926
-0.6935712303533245,-0.6833543802831727,-0.2871136456006951,-0.5297314784150495,0.17663169103177553,1.4076087927599235,-0.9316385855070712,1.6107862300602442,0.8162501428868887,-0.28980653416711044,-0.3103922573457771
-0.11263778271787539,-0.5182920854515632,0.35361063861318504,-1.1966589177387488,0.1985937347516847,0.5823834672666256,0.8487976090486528,-0.27547952260756087,0.5150672685959914,-1.1282923862355083,-0.1261562258501033
0.8780930281811512,-1.0452596130662548,0.1336551718465476,-2.3173426400416264,-0.2502069577830079,-0.4132938983188279,0.40827325076239485,0.9459579173792461,1.116119825639342,0.0118908010304635,-1.0823464470874833
-0.9282038578051092,0.40749703987359553,0.10276620568076585,-0.7583992028199702,-0.7146163245112297,-0.1548141015209788,-0.1702780108503839,-0.265380452271035,-0.05211474079536673,-0.44891479090842645,-0.02873701014077609
-0.13750019661400123,0.0708250251152975,0.6055900280938927,-0.8842761719158652,-0.4055153777342054,0.261624593860744,-0.9661852915666719,1.1949867903218907,-1.1663775382003645,1.4199441371791022,0.6822007293132645
0.49799245992863195,-0.21381283406751986,-0.07846975044562365,0.5777012519632262,0.6248701665959056,1.58114361804879,0.09430382669572826,-0.1073343647577965,-0.44850898364166586,-0.7855543900483386,1.2905338743974577
-0.3195575294836457,0.1890652842958294,-0.06496459354205013,-0.6379803533024718,-2.1715861234780593,-0.429825377777201,-3.2544873558552263,1.0750316509303035,-0.1831774467167407,0.9173870743070506,-0.9526395756806739
0.9579412414094585,-1.4688901128447065,-0.7299850379399353,2.0585411811689425,-0.5853471944414961,-0.23382649228522007,-1.1636074943391808,1.5875791922084717,-0.04117905613858357,1.77156398877648,0.7837573140570488
-0.7740225839877356,0.10686052373900838,-1.2104310938378569,1.254219253010481,0.25020498245262374,1.1209272137416497,1.1351588341130001,-1.1120038398506438,-0.8160752195990636,-0.8935391827459364,-1.5138467707766028
0.3225610917403243,-0.7587365553433405,-2.3330787812314364,-0.885692352920054,1.3875380245457827,0.8113729169357703,-0.6273032751767775,-1.0186611820523208,1.1997505835297968,0.9075261318996557,0.051046989252773414
1.626640378213081,1.0286471589759523,-0.4851648665475029,-0.9179927968523947,1.1601186306132074,-0.32470261294164143,-0.13409432916563804,-0.16645496083337433,0.8220842232357387,1.1458981742229015,0.7946674891775231
-1.325522639121847,-0.010954987477626651,-0.4667966866073077,1.1831450836595514,-0.2593727879898565,-1.1787887671348871,0.384808550172216,-1.5279693852146072,-0.551285244652927,0.04047709442838502,-0.768359746073709
2.218830417398363,-0.3462773375498863,0.6724248524159419,1.837927110959184,-1.408661810471636,0.270991233823438,0.2271740708774433,-0.6671531674357516,-1.124364844874692,-1.1996748096234824,-0.708003741028265
0.5995206721223587,-0.8980078385006415,1.3310333905756,-1.77279405312023,-0.18782544662593598,-1.1275134525356028,0.024081973419117404,0.025056151619172188,-0.4267065011113471,1.0389703610652121,-1.4080374769046842
0.5540916458187629,-3.534220536877093,-0.6376946158509554,1.0103409494110376,0.12312344373692712,-1.2077715433071974,1.5736554705596926,0.6048937926226513,1.6770215529053356,0.7071397429842251,-0.14810776262723419
-0.6068251657431303,0.9424122958330076,0.8001399667390217,0.1784492713222435,1.705193306164503,-0.8669015259851343,-0.8372888932455179,-0.27207356557124873,-0.5116756109740116,-0.3392291050130395,1.3391806325491562
-1.554173132157089,-2.1097702291505174,1.7801875967238225,0.08627658142395783,1.1274527264814773,-2.2594995154794915,0.22597827988106947,0.3462918929071648,0.5440806748855592,-0.5883139817031879,1.0051300729334516
-0.2920011913050043,0.34690250246625004,-0.09810995813560075,0.9239617141803478,0.846218794715204,-0.5259615868729843,0.5450766331555894,0.04683158458426443,-0.9879969194069294,0.47345781152913197,-0.2938489052486666
0.24837682010526657,-1.5273117280176898,-0.7902769216317286,-0.5549405973506157,0.3583780974841139,-0.7925333944573585,1.262626242711772,-0.20065646669840048,-0.19818671954880904,-0.8620194807875327,0.2451957020557625
-0.6122474523394967,1.8061625509710362,1.065443779519779,-2.0112805924875397,-0.8217834295660845,-1.1924657838851547,2.367550572832623,0.2376114603286658,1.0902784970673045,0.22943480615118972,-0.6900286367198024
-0.8995237606316604,-0.46343172994446197,0.22669045527637532,-0.6001177259687787,2.647891572091869,-0.7472653201607375,-1.2291177603599905,0.6182163599011846,0.09680410518053309,1.0650360112458617,-0.2694705232539098
-0.3081936399936829,0.6787581008038477,-1.2252703508831682,0.8868996515524726,-0.48471092484862843,0.8430906211768104,2.5499056306974537,2.1909991848635593,-1.537799511830482,-0.6559159063630389,-1.5723359659311746
-0.7385390258987784,-0.16350860722945554,-0.572023356668887,-0.43405424643466545,-0.36896442112163164,-1.70140883771162,-0.12424403476230006,0.33501429299454855,-0.31519000168777905,-0.010426268398246676,-0.2187909358246113
0.5300359568370189,0.06583816670611632,0.10621615780295666,-0.46627119416662627,-0.9356049412426707,1.7427068940472175,0.9597590925960009,2.006295198366499,-0.8704301029811972,-0.5294042145942022,-1.2706574531003565
2.1510405095017173,1.9429042841606836,-0.10247765476392005,0.4992760106843135,0.1997042344967081,-0.03709194650839462,-0.25156840495401767,-0.47721629081053224,-1.0584589648680502,-1.4790345158999287,0.18135810055042423
-0.144935800491349,-0.06264400348185772,-0.28687226422666084,-0.3031151777732966,-1.1034961264609922,-1.9510330564781968,1.3647016412405126,0.06287533660743833,-1.3624536419042548,-0.9240681745404639,0.21567322489209673
-0.7027305419364,1.322703743807432,-0.029241328839302205,0.9968838353292785,-1.0414514928686849,1.7521701567981316,-1.9204796304129528,0.3794315294003392,0.6448576625356812,-0.9555714908968765,-0.0064147716449928826
-1.6954480103688256,-1.1336277863959263,0.9068893904451766,-2.338281256083217,0.2161155529458071,-0.8309790138831539,1.2229598756400044,0.3075932874078309,-0.30136838526945653,1.5072362354203834,1.130654850263819
-1.4166271666669485,-1.3982285150119385,0.319409153673066,0.29366186214142936,0.2159418559272545,-0.035201633217565184,-0.8374383565012623,2.5957595992957017,-1.0163090377005253,-0.2761582014285147,-0.45250433201338613
-1.679346196567065,-1.0303961946119273,1.9772114279616828,-0.30729514093753346,1.9299781318731315,-1.0235271755999809,-0.3436043216535352,-1.4620330633361673,-0.17453151332395797,-0.6319047832014923,1.7025490747317236
-0.41368534667072876,0.8336601561476812,0.00025534444785270215,0.11309108379014694,0.5540239272723658,2.3382089923813836,0.40788615075845985,-0.5110090015302019,-1.0207019462402205,-0.4538308438658181,-0.17251871184362977
0.06610143358110264,1.0474279251045289,-1.5891884984047753,1.03269569686561,-0.9538896991440704,0.6576328040362038,-0.7639489692588552,-1.1573928114877017,-0.3143200013880358,0.9100453188336187,-0.6341565051967554
0.5038194537195818,-0.4445925030221677,2.0081560820111015,1.3579991633932034,0.09850442760770438,1.6042476984182676,-1.2157081621229204,-0.43916263130709676,-1.5382950785876106,-0.09435443682297891,0.15542019929865708
-1.7162998313930837,-0.3912545522895984,-0.8794277228614792,-1.5581790241086038,0.7257236217934269,0.01759638582419133,-0.18256826937312295,-0.044311669102265,-0.1159342903780913,-1.5389780082796929,0.05707681921583488
1.1488094183261652,2.1353401630743774,0.3284274321275111,1.0299692250449113,0.6217919452683754,1.8710140223378915,1.3733477760022188,0.2074165745598796,-0.24517715661871198,-0.004464387560533542,0.8064858140372546
-0.1536261222031382,0.32865085981687525,0.2132336322079285,-1.1922463534993428,-1.0229463131829875,1.606366357230183,-1.1330018819517074,1.0377534451443902,0.9065886404930341,1.1352113393641736,-0.37142556701891355
0.3854752027270196,1.14590526237027,1.628352758367928,0.23530610669982888,-0.9391019855476064,-0.038252077711800905,-0.2443816028301428,-0.8977686965712599,-0.8391654149762428,0.42364454322545025,0.42937491090994756
1.3149681075890718,-0.19022185099454494,0.04257920882468047,-2.280010453255449,0.7302724910853184,-0.7430291234112943,-0.46245901621865465,0.2321066446031768,1.0153035445396634,-0.6995591126600019,-0.5419410988964685
-0.35666667889308296,-1.495778688551741,-0.16567907656492853,-2.397444913630865,-0.6395935186393,0.6733064955061607,0.2452329519902337,1.0181070297940704,0.3850685054505236,1.262747111813278,0.2902554827831881
-0.42002476112857856,2.454656279419042,0.10381857686428148,0.7974795034155888,0.9805446337486334,0.48385026206713905,0.9379086124292981,0.35821011271968883,-0.3874741125275531,0.6659001749395813,-0.045144312426896024
-0.4386890206555939,-0.06589266904806841,-0.021843288253858263,0.7419840296321399,2.2990169197425483,-0.46035789219035916,0.25753465563417344,-0.6045316852764961,-0.8420160352781888,1.0474923557154083,-1.1931802468307686
-1.1898377829664575,0.11745081533401272,1.3275730986493341,-0.48843692174953046,-0.34008135137839546,1.1086187226761146,0.7023192696808729,-1.8730888824692258,-0.39267174175789465,-0.8375704480082407,0.7107475596091594
1.6891214824713385,0.5507356924571617,0.9564745244966817,-1.6332985958948356,-0.6226304874646703,-0.24180266375960938,0.5301900182076955,-0.5176038815322765,-0.06840776362414662,0.7726819357790571,1.89134064607031
-0.305481249102379,0.31562406463474585,1.174762719356747,0.7251582582440216,1.5599896338211017,-0.16345613222164987,0.11591337180387448,0.9175732164388009,0.15818502682960267,-0.3988718655855086,1.0682312416837256
1.5202897369631658,-0.16882210856094032,0.2193675739560471,-0.5041769006378507,-0.45482878030553664,-0.9201147441405075,1.275877315709775,0.0283059457083425,-0.5322931176690024,-0.45884757191364445,-1.0690323697201924
-0.23663503536658884,-0.1781036460450897,-0.4942540659147134,-0.41685106431215874,-0.6874513049707979,0.11717333291084737,0.802678000627133,-0.040405270549056425,-1.6935312664731645,-0.29426671605151095,0.8776300423288791
-0.925150729620001,0.9500880401925828,-0.16076687105465706,1.1609574547647965,0.7537116967925067,1.2417519331396774,-0.27651806016790365,-1.1199901408027482,1.2957790602609582,0.8685405442725743,0.3370899710546516
1.6181879140029412,-0.0836236003763738,-0.37569826063116846,-1.6718663523458548,0.35479997850504585,0.6124638515650798,-0.8434793979359264,-0.9431280375071159,0.9069051707986318,-0.02546899518272626,-1.210293227195505
-1.42572367858221,-0.7669463431453066,0.3674369137189524,0.1384722339375973,0.9935610762005904,1.1584674669655806,1.537849706283419,0.5800994761150726,0.3352230704667994,0.48752701491056477,-0.4182923092228262
-0.45787256693326306,-0.517565299908106,0.3024756772950326,-0.5303172597989025,-0.6560996506649863,-2.27085236512241,0.18827527521329282,-0.8792306326244534,-1.7882733243046023,1.0581726323732723,-1.80530071238944
-1.1593629618593388,0.17855388632753438,-1.1117098160279495,-0.8950032472817157,0.9851907401676975,-0.45603517350610084,-0.8492550244491417,-0.015757958281260965,2.3739552397449444,-0.7937577497223935,-0.8170938351046854
0.3158438470197235,-0.1862549488345995,1.013137353666494,0.2760597973796964,-0.030374412462505395,0.1551381761783074,-1.0990528272792592,-2.1570158914285504,0.6963727256088609,-1.0241963651142991,-1.8515596674468862
1.684984220492202,-0.5900651290402277,0.19575335088950888,-0.24526153907025403,-0.8052439941505856,-1.8487485811562376,-0.25726351689472265,0.3479728972932046,-0.5815622974195002,0.6595769698377282,2.0419000615059555
0.34685218864017425,0.7252624804945887,-1.3939672418989082,-0.3666997607796499,-1.1679923585909069,0.9567924652564002,-0.12024351583014521,0.6532848278975675,0.6709310732728294,0.49133725623690233,0.9864488336573706
2.134275895009231,-1.1441407261545409,-0.9079886984397686,-1.159804170845077,-1.1288016234472864,-1.3035179436156754,-0.12646366314143723,0.191188462862278,0.6461322249972481,-0.3030744591955211,0.9666699578843908
-0.25229191155315356,0.2410621405664673,0.5541161318776545,-2.314503342431666,1.4735800788096924,-0.6038330141008286,-0.8151595630038275,-1.0817978767772372,0.8116738075391423,-0.8452318214873658,-0.1437171115561427
1.453668487394833,-1.6921635813835092,-2.532103208922413,-1.1497848511039714,-0.585406127996873,-1.997533071329001,-0.564387358046725,-0.2247778309095889,0.2533062400186517,-0.5895463698670449,0.9914896448451215
0.22732919328816148,-0.9359692901432921,-0.47179605567112687,-0.040195781629465105,1.3321233261761916,0.301233595090344,0.6559007099924234,-0.2248575109767354,1.046310850661712,0.133474411572385,-0.6424336298817889
-2.1643681911442307,-0.13357561397241044,1.3830211032323283,-0.14159085631230203,-0.2956406952864085,2.2453659311964382,-0.385327886487942,0.40821596293938434,1.4303838427595748,1.0474863283798406,-0.8606065519786674
-0.3121352402017581,0.8313916001658364,0.16357876145489025,-0.5113535045031599,-2.0537540917317347,1.5393313900965162,-0.9263859713950252,-2.1971685870478344,-1.5620090919091854,-0.27579853542709765,-1.6131513748464874
-1.3167117754887157,2.232814498990525,0.32048994560908467,1.9053634190416757,0.7071113605983131,1.8551141312867294,2.2178124904223684,-1.8281551243301182,0.03467972165536495,-0.4931597183005454,-0.37849551654211366
1.3097749503245921,0.5684929644841322,-1.5164319580675127,1.8905448121817994,1.4083458225962953,-0.6288209345692743,1.570071096767282,-1.8069224451262613,0.27861573722402566,-0.2999722346536565,1.348484414140231
-0.2264246134473562,0.9771667861404246,-0.34675126848345245,-0.32655782788610616,-0.3182987161817457,1.306022255284002,-1.081840623173086,0.8219165913908408,0.40552674027947694,0.8463620494215118,1.740406119470346
0.7717633457209611,-0.06466230296038791,0.8802419572605804,1.6685918583503037,0.29083619428648266,0.4893896386495732,-0.7789727123118824,-0.3466686792723374,-0.21109431360061123,0.818699434537388,2.057219826277724
-0.23841031256510986,-0.6003873337632236,-2.4538686820270597,-0.1972073052574616,-0.29127056844599836,-0.9670441072682506,0.16228261241703656,0.9418564980139017,-0.1293615869287541,-0.5849220748760207,-0.534648268882541
1.7568076480586916,0.8593582059468554,0.4939303393236591,1.512319123129734,0.8024759811428668,0.37618008020297683,-0.5881088254801483,0.7737318501524975,-0.7611334148067292,0.38014325111033415,0.8036436800971972
0.9976459283611615,-1.2618938415540606,0.6536856891943579,0.6333385623910521,1.213063490232021,0.7344765713881779,1.8508324002659589,-0.4490946888021642,1.061013679574475,-1.4807322007580412,1.015517597834021
-1.6069089077930776,-0.9995297174610362,-0.2088221713041185,0.3485643114970608,0.6787120563862773,-0.5893902064514025,-0.4278566074956306,-1.0760517229137168,-0.16063404369703746,0.4258691199817883,0.37280799675547743
-1.3171514933507487,-1.131061128059295,0.09587053598178093,0.5107344608689599,-0.40511171793917455,1.1050879965086091,-1.0627189452640395,0.662986119349164,-0.5178026443454653,-0.7695956771674507,1.1951828026990268
-1.3648642895013334,2.755298531963659,0.46188620661641455,-1.1674203557680753,1.3038948685445013,-0.2918709814552343,-0.15512867700469302,0.5182245677870673,1.1161695413447164,-1.5257398258964332,0.085704358413368
-0.9032618605458063,-0.797814782946253,-0.1311981151149422,0.10702902713315654,1.0896768430230002,-0.5152848777502813,1.108707328313817,-0.3876876772710567,-1.1166440436485274,-0.12256924122451628,0.5082340728590075
-0.1027256845443037,0.6184109094031158,1.4057378176851736,-0.4823982219148678,-1.2322995662374268,-0.474151961735599,0.446973432319204,-0.14631566134767685,0.5169660016918203,-0.6059032519462236,-0.6487178038380671
-0.9192437183521226,0.599957098932939,0.17133552755117298,-0.9554033527582261,0.25178308321806486,-0.7079993481192535,0.8717821871375527,-0.7537571475421913,0.3499086192699421,0.696722727975778,0.47218935586851174
-1.3863536432731705,0.6706551190182424,0.009243494687024654,0.7874653179177196,0.545182861777276,0.27272763531876454,3.430610692703216,-2.1194618231057345,2.2239882103281166,1.6945316561267696,-0.3795036273629037
-2.9690719915438,0.8718104677544939,-0.760087257246601,0.7181384362867587,-0.6238296823372192,-0.34182903670535225,0.17592640942073945,0.1609473070770023,-0.3653953219627404,-0.44349941056472514,0.07543350595078785
0.24043320733703805,0.9024355118584231,-0.01692660516024321,-0.6572707096798281,0.23271463549322033,2.3304048922730027,0.47358872618357867,1.2929335029690152,-0.3778618655181499,-0.35485911129398023,0.5861331539504203
-0.7504229785691042,-0.7436859110914581,-0.7259541154070148,-0.0038042594125438076,1.4705652886281675,0.18488687275420632,1.384780320385193,0.5491674863933731,0.5830043170359825,0.24164399797571323,-0.00760342757103703
-0.8031202365536141,0.7766088921417441,-0.16012347074718347,-0.27814011673195727,0.5376097082439326,1.193018739570461,1.675411463386864,1.650440547311705,-0.47461734145545226,-0.08468907709194433,1.8189875964065512
-0.30112837051659147,-1.200133420882569,0.09672033840553852,-0.7492166516315945,-0.06676368003579392,-0.20812053810498912,1.0476147189995375,0.08396894687102309,0.25915770768116225,1.960403860698173,-0.004426507311963238
0.9190513032034126,-1.1783436104875367,0.49390083940213025,0.6393267960341644,1.1399126308019267,0.5300940448740916,-0.30454788003832595,-0.6577723953608113,-1.4500177949157034,1.355875175101094,-0.27890379520555053
-0.5546289590660676,1.1058385220468108,0.4389476235588504,-0.6504630107297409,0.49858057859462396,0.9653064669392447,-1.7358673391327921,-0.5564403423990321,-0.3258654200482449,-0.06217821458399734,0.04543677100563085
-0.4088746460866898,0.8108858743170618,-0.5297799235987337,-1.585751469754725,-0.6097645118108642,-0.5380254550355991,-1.1514365514533231,-1.2118185055926995,0.22777992185145457,-0.7048334166314174,-0.3788501984370952
0.8843851322877742,1.2657921671688053,-0.35078197191116345,-0.5631830963708898,0.6838067901115558,-0.9586083068293746,0.9675967956510272,0.43675850328075355,0.7299533630483199,-0.7657701000520799,-0.8915452114415151
-1.3172281130313086,0.056644135318852845,1.9187693100935583,-0.7955021023659145,2.2189391511182115,-0.1420736567842153,-0.004772153127402005,-1.9453973729179312,-0.10628665029726801,0.34922432224039845,0.4000207736055978
0.19526580538316166,-1.4917214475483194,1.382324996445153,-1.2641133985564084,0.2739972925864701,0.6143378554646124,0.9465063109648503,-0.5832050420143353,-2.1085532132109353,-0.9633330529011425,-0.3770164242027716
-1.024851769222922,-1.3641078073310065,0.6012352232815465,1.5670121297971202,1.1761464167830618,-0.7765983165144824,-0.7182158069113892,-0.06960754957287962,0.020921390983176653,-0.07726057395949076,0.54468720602056
-1.1325343155459167,-2.688137780448696,-0.3861147912857542,0.6400657270616533,0.19071173471739405,0.8700823135763783,-0.20236809816474718,-0.32910417109633466,0.3942317250829362,0.07960749916047155,-0.276872987584159
1.4794760426592057,-0.3155071219748337,-0.3326965480309375,-1.240575448372969,1.4195190302286278,0.9387299034127297,-0.2558784520097875,-1.7010956002715707,-0.786113656793922,-0.3907534661128938,0.34749100211272044
0.4849601899731356,0.5677705211861355,0.2328292579041191,0.6336080985306772,-1.273430320310551,0.44381295342481397,0.23459998866258464,-0.026057649173273283,0.49381093030089546,-0.7313585713074641,0.7107365830421938
1.012899252528855,0.2712605186963078,0.3876714172144647,0.5308578317838366,-1.2686822352358922,-0.4619764604999069,1.20601114942993,-1.9176002305616244,0.48159183013091045,-1.5483707803283784,-1.1939249753743508
-1.4853439932550532,-1.393750158513852,1.1698162289899927,-0.1592440443956724,-0.8883787515960819,-0.6892181247455964,1.4351355634197658,0.26570568706539355,-0.5722866599655443,-0.18853612902596412,-0.19508896274888218
-0.14664638881990527,-0.162987242685237,-0.5996180453530463,0.22355506308200948,0.7815299603898731,0.9146374436691189,0.9752979302320253,-0.05847495548390213,1.9740362438203094,0.5323876614878235,-1.5940594294913473
-0.2537754010952166,0.4889004910930311,1.216595693447375,0.7072146754706282,-0.7772207561621984,-1.3581831293568254,0.04483268634203231,-0.7529536547504678,0.3388443025030032,1.2025431327713871,1.0333393956548007
0.2295675401984149,-0.6212737637393854,-0.19489755798244718,0.8961378183775857,-1.2121058153514346,-1.1992771335196535,-0.15684974567976645,-1.3109822669701157,0.671233390738094,1.4154635971588567,-1.6185472403926138
2.0070041973576984,0.347702730261303,-0.8788041618181215,0.1554369169043192,-0.18678771424013027,-0.8099069792954929,1.746318836541269,-1.3680548947329492,0.21924339970901605,-0.5227078072269078,-2.3504837737051956
1.1738449419345485,-0.1473990835531398,0.8516932664611855,0.4219454840214541,-0.4727223261983335,-0.11259248510419151,-2.2446215926859616,0.4113861903271258,-1.9862745850552916,1.0114820374137965,0.18520810639341465
-0.7279906170000893,-0.5550936601550387,0.11093260493332509,0.7756060703496691,-1.001423700975672,0.42165236304617165,-0.10556727953434093,-0.5961805020089529,-0.4278789970853477,0.834316728399123,1.4343398165565453
0.7230111921037607,-0.8850430982099273,-0.05584672636531946,-0.279141298229106,-1.4043831124713253,0.10619306308240066,-0.1995855494209574,0.13891004498342382,-1.2914821865917134,0.50754857051884,-0.7175239794553996
-1.0526399821633294,-1.2944242929145895,0.6710988298691095,0.843361462618021,0.3542443551381861,0.14235049339062464,-1.2564743580271387,-0.7044803002362823,1.0786147540291602,-1.753005472751081,0.32927059376598433
-0.18778369527237396,0.8466733412689209,1.1711743595434134,0.7235928674113684,0.0313030815586264,-0.009392480104550124,-0.5510789838842093,1.9363437274994366,0.5618625703021521,0.5180642713149749,-0.38003649790878163
-0.3941474630392607,0.6757829900531046,-0.7398771574349011,-1.0618991862103964,-2.867078421149015,0.5645036985137555,-1.558660823202985,1.243945406538435,0.924331123595082,-0.1325538861263098,0.8083687709187936
-0.7435394598026739,-0.8333876692087768,-1.6009487462300054,-0.5961800896458271,-1.6641806316685026,1.5850585659230376,1.3989211370448111,-1.5300669590359528,0.47451345990286226,0.34656809743491324,-1.3189053782524616
0.7710175036258241,-0.4123530412620866,-0.2224453588441551,-1.6734065236328595,-0.31243436323661317,-0.35045376884081275,-0.902855134267043,-0.8809938289804399,-0.23605006628295394,0.06326040764409697,1.8086061886596259
-0.19248635393042046,0.6479302773405314,-0.05282628005273662,0.042007747510849514,1.038322059238201,1.0578076068398043,0.4310749221465312,0.5947976680757395,0.005928096746580162,-0.8193631780081553,-0.17489041649039916
-1.9761690755766181,0.14952716449795633,-1.2110315436315766,0.5613042465168381,1.1873713183974113,1.109361716507086,-0.26421307357807156,0.8551609607107978,0.08713542658637329,0.838986438004385,0.12785990158651447
0.0865097930218374,0.3413716492723992,-0.9226720145899673,0.6459155244371142,-0.012531889671542005,-0.37127092610708723,0.10065530942224156,-0.9573492275153841,0.028362190889363904,-1.9917815035336806,0.022103827531844
-0.7938965907981362,0.3122298008401705,-0.11553539035764088,0.16593072596845937,-1.8439047497714016,1.2645212682694649,0.754734592007155,-0.36059064304649613,-0.6452923201680353,-0.6046167444866665,-0.5022167741945283
1.1340827596000793,0.9861060471275505,-0.30911383997659453,1.080000707289708,0.2093551663964417,1.910368711106495,-1.8078021065335232,0.6203739708529107,-0.348233425260675,0.7145368849886147,-0.7069194655879741
0.6908885073936764,-1.4042789460937175,-2.824817067813447,-0.6133930113272614,-0.2497548078512108,0.19267098769933555,0.46262901129766604,0.6058586510833346,1.1677766495535395,-0.5444837020615146,-1.5284000152782373
-0.08577240776043721,-0.569424728801607,-0.2731745229773456,-0.389663333847733,0.10820772532130174,1.9247701918364912,0.7322962811141687,1.6784359806493827,0.44821045831679457,0.8786562181614201,0.03673950703525384
-0.6113424457176704,0.599080532679725,-0.17168584692033886,-0.2312900285798961,1.0203918562062064,1.3751307285673169,0.6675716550649186,2.432887202248087,-0.286023558041875,1.1399593750162256,0.8304201483138208
-1.6784262424620948,-0.8273847471542939,0.31812928352381065,0.22909603017005184,-0.3571350861442822,-1.0681022772100888,-1.3084223209806258,0.8853143427565328,0.35973205282128734,-1.4101334317240977,-1.527461438518311
1.8030088537797884,0.7930141083272217,-0.2370058514020443,0.3029258271048505,-0.8292364453723968,-0.7761376448556133,-0.055407945150456224,-0.22615119415964194,1.632961738920469,-0.21061342833183014,-0.04181241075199749
-2.181110651243496,-0.8638875411133905,0.15820797213216378,0.0648697553517072,-0.522483248713557,-1.111811274104901,2.155940579093679,-0.7449668853337503,0.41384879233193056,-0.4090240402121819,-0.26351219244067725
-1.51573387363068,-0.0010525504719466363,-0.09300710316152223,-1.188368625854571,0.8403712934284052,0.63146874789529,-0.1881284661523415,-0.45274601787910196,-0.24155371367295259,1.084803408552233,-0.08436169516645686
-0.46428342772857256,0.4341178905147426,-1.4117695543493636,-0.9806156546762593,-0.4867871573192506,1.0640135364266465,0.35666418116385384,0.2937529788872639,0.35107458967131644,-0.040983588841720264,1.0199714712808656
0.9627178095266556,-0.0731992213165861,1.039393141977408,0.34083602342404007,0.7516974746253768,-1.3330916785061038,-0.35973243872930627,0.4054332598698805,-1.4597177151803478,0.6712693982150231,-1.3228584383830384
-1.1132067280291027,-0.11713204487593691,1.69970088298903,0.3096594393905416,-1.3153564377549507,-0.4121810751054691,0.8582797972143162,-0.04341526118027968,-0.13867283842264244,1.123738951825375,-0.5455624291155671
1.51767129948116,0.6204401595551919,0.4473632027113313,-0.7250694237397073,-1.1042051957205536,-0.6717726870746926,-0.7756784160392257,0.4297051006498204,1.6769525300512391,-0.6882453635505127,-0.8838470050123783
-0.28959130270074207,2.0811356140780144,0.5769102814204379,-0.8625731765992024,-0.8987971205365154,0.7934415394357209,1.7677683292512643,0.07629979091966838,-0.657939475065614,0.5493043589249539,-0.6347311575389454
-0.019368315687864807,-1.0595513171687934,-0.40027408136442916,-0.8617015131790332,0.22675166484730752,0.2817003610552461,1.38946298552343,0.17695912299664962,-0.7638476017627965,0.6723436703689085,-0.4021278348315237
-1.4785459264129206,0.8005847772856395,1.565310322566448,-1.6569306162334587,-0.22178013096150123,-1.0824249305285456,-0.6949360623717312,-0.8186634161157819,1.5522438818299125,0.6869197518818798,2.302571061254581
-0.8116650047785603,-1.2027539519215904,0.9187143708004021,-0.25683995037095836,0.33585047559511205,-0.4022390532439374,2.548084642629113,1.835236221631665,-0.42268238375912176,-0.27144842817967124,-0.8157838870112891
-0.45254285703282515,-0.7176448149442526,0.3492998728147887,-0.0916740027900846,2.243010783182908,-0.45821584392475107,0.3217795019111968,-0.04255089704953964,-1.1581715303837952,1.1219356305266819,-1.982380602032727
-0.03975231795225972,1.0295852361891071,1.3062538025544053,1.448199495231494,-0.3887666371496229,-0.4278409823454073,0.1708372344319043,0.9059612803945505,-1.1275873112866168,0.8911698495541136,0.9718204981968868
-2.9460734946453644,1.211455252011968,1.2833813114280888,-1.4523278714160421,-0.5684762777839105,0.22563570641972716,0.9428352882444565,0.22599760124198356,-0.05823862529012203,-0.6742119968992044,0.472696429757689
-0.26806373843737374,-0.8122080598790904,0.04050460467136235,-0.31629125283618736,1.7603855638556385,0.6935069151427387,-0.7904855113316286,-0.9311159922935647,-1.4495539134144495,0.4887228209978795,1.0697769705510312
1.0884703380864222,-0.2846126040009421,-0.7266255096877083,0.055501919403098385,0.7471640436551777,0.4797451488987467,-2.2150868910985397,1.572207613211544,-0.4985221141600414,1.4479558150486604,0.5752301240977664
-0.008924956391817803,-0.8434083292441299,1.595282527967962,-0.654694186944027,-0.7452546861309807,-1.3183903721106194,0.23130907600542575,0.315871604093303,1.1908333705667635,-0.6868293967088647,0.6232518244099446
-1.5126344898405264,-0.23132639301431204,-0.42307309305708785,1.0307028564652494,-0.7888537960203309,-0.9024970921961541,1.1027272162389818,1.688512368253489,0.8035915985349945,0.7223943754540623,0.10405667255846504
-1.153376366114839,2.553084531345993,0.23345620505766912,0.5335459031528548,-1.126660886330509,-0.0016307558595843835,0.6733564400311168,0.04452031284900399,0.4181557949913372,1.5756116625722707,-1.4913060964362324
-0.8635603867933748,-0.37954531029075383,2.6775166259099263,-0.5681739623967329,0.614955042031184,-0.5957453912283726,-0.3454584535860036,-1.0247147648991228,0.37135602878464535,0.45772600086924253,-0.6472130921387623
0.9449332451045063,-1.0949141331313932,0.01895509124016764,0.02252781339088849,-0.054988727567314585,0.36280175103759077,-0.3248015649674217,0.12287619711405696,1.4316612740782895,0.19575156760791423,1.104736826889059
-0.28342152085119265,-1.1261874105951817,-1.6505799592435246,0.7056553220296223,0.13076692374647003,2.8645824571459095,-0.8308752220267915,-1.0339344172684306,-1.1217423348176618,-0.6354801762282409,-2.043829806315512
-0.5207449528942519,0.9530596926236089,0.9331126578350661,0.1265613631486348,1.34123155361994,1.323830572673737,0.32546680056655625,1.0092303836336842,1.5427736091136053,0.3426577317723603,1.3748496567115656
0.10532587252938111,-0.4133319491116384,0.5087014916006668,-0.4175063217896248,0.2699522086318251,1.1906533483828046,0.28838282030671597,-2.923579523266246,0.4870663757844946,-0.4850214047845771,1.1054923976820565
0.22091371795028808,1.867981055424965,1.3625523392249514,0.9879746845531258,1.5120506784090517,-0.11611837557690809,-0.6193609575367378,-1.647153342434775,-0.19408325507318486,0.46109740251258596,0.33594559843410277
-0.18406336611130475,0.4376137435561616,-0.15203767523951675,1.6933708720279195,-0.3750610730939157,0.25367065449448706,-1.6146252175026707,0.4771306599646914,-0.21925204272230958,0.621821099512058,0.33508973361106015
0.264029676401845,0.24972531373967313,-1.1200707463887853,0.9419872081680847,-0.4996926912361996,-0.7557198610437879,-0.6106909715388049,-0.20227615784225078,1.7288401209102517,0.5386728920584117,1.1329883632724982
-0.02307328549284165,-0.8951791435348931,-0.9509190257228027,-0.9294489202753685,-0.8440225144039029,-0.2509355303086873,0.4730397584046266,-1.8249276851326117,0.3033981232880291,-1.713253075661675,-0.9518257299946149
-1.702755069593468,-0.879324422785164,1.3542510634416518,0.5312079590445109,0.5080813285435557,1.3667242609359913,2.057795306945643,-0.3909726420164499,1.3335736359080588,-0.027214060266454985,1.1455063363570341
