-0.20255857415081507,-0.8624020820265152,-0.7220979602391854,0.5327368188244055,-0.7420057283589285,-1.0640956709515645,-1.8491039709904264,0.20756241478563525,-0.7456023337640272,1.6617720673929683,0.2962920107366952
-1.8338051065370309,-1.1400844613700143,-0.4778708127029826,0.862317580911854,-0.7440933857307293,-0.21392835457340875,1.643810265368154,-1.8002348672153679,-1.2252592996844631,-0.42374989568171156,-0.30880044283720887
-1.1447790652318355,1.7418996852200963,-0.7749532615041577,-2.229006775390352,0.8745693075730842,1.1565556766517164,-0.012077370323237361,-0.8746147918221613,0.18083963275161535,-0.5664049243015091,2.3882084086054904
0.36411068674020686,1.5985217517458798,0.3216950193011792,-0.4519048912746141,-1.0090886023645376,0.4758323042322139,1.6000527999426182,0.2754051353514202,-1.085899497371619,-0.824747365653375,0.5770716581100798
-0.18251025347203087,-0.2411272135691793,0.5993211565691001,-2.3374796568066807,-0.1302642647172876,0.22546395913374648,0.9938526449020246,-0.08180061296960729,-1.173760860477682,-0.19071081959796585,1.3186589274124305
-0.3221923892573287,-1.131900391221501,0.5660252729831097,0.7369665240232665,0.6315143247974542,0.2519904257408229,0.8684328729199501,0.06458176132171914,-2.0875844802575974,-0.880093257284475,-0.9642701750128332
-0.2674954008571784,-0.8115643193372295,-0.8475529044066628,2.5196602920498816,0.5733201394950103,1.1373569387187181,1.1449674427047287,1.6224861069320857,0.005104782030622099,-1.0130497349839735,1.6722574005970279
1.3169057201998473,-0.8111129305312542,-1.0454215172112027,0.12480066505328799,0.5720879297577167,-0.8057313322881977,0.6824723877628422,-1.3651590959186992,0.6429710759288345,1.339831472150465,-0.540123429057964
2.392164470838039,-1.0640015305068078,-0.5999210217101297,-0.3360236023542898,0.9957082060125148,1.747069398081748,-0.7179206902246063,0.04273189121807949,-0.4987396682846763,0.46298646366464813,0.34558476331224663
0.3934624479287678,0.46101009390024866,-0.46658563620796967,-1.1746175992293182,0.3208986865071821,0.06818282967001708,0.20743629015371565,1.927960134853072,0.5143597444719691,0.6160485244444505,-0.387538538208957
-2.0635812231786375,0.9654042349112046,-0.7614857589909148,0.29312327053581694,1.3891903798999663,1.0855420477947975,1.8320204326151999,0.1831297776309666,-1.1392290704541401,1.1036691940146302,-0.17681582030816448
0.3528444953445929,-1.1576042300683156,0.6743351703289507,1.3369985790162744,1.7563263643244131,0.65815350994011,-0.12671933770492158,-1.5856632579086267,-0.4957019079220425,1.3670134966716845,-1.3451078279859392
0.18906704977272604,2.718517188810005,0.45358965349147184,-1.3685394584744501,0.43434153308187845,-0.3914103609377884,1.1390775560177382,0.9620528022512201,0.38512554711362335,-0.8578418482232746,0.5362174080619005
-1.4638178222954426,-0.12915271977741788,-1.1953319165799328,-0.3835076107912028,-0.11433327848689107,0.345996194226223,-0.7384368092843174,-2.0891577401359247,-0.08112170472496585,-1.082132639593161,-0.9375406694285038
0.4251523744315485,0.2959329283985252,-0.37452111218683426,1.7406638168101527,0.4116280488410073,2.614060010411803,-1.7682054794725284,0.15074584831329746,-1.5550998285883668,-0.14535066858195392,0.24330818382620287
-0.3121416561694411,0.894566865674164,0.33675163497450833,1.2632786769518052,1.2045795864538653,-0.16047101722999857,1.687550240923412,1.2083150616111578,1.0564549435331931,0.6292381000455666,-0.1344665554184815
0.4436099629435132,-0.6001186537802418,-1.0264304000903375,1.1572754604622308,-1.1211948364661053,0.0709760317993717,0.49916739062312504,1.5879349451038438,0.5009878666275175,0.5632164041767016,0.40079662134170096
-0.47756676559149447,1.2188001004108369,0.4378298375337301,-0.028550022583270596,1.4981499409895644,1.204234830158956,0.3733568940822443,-0.9244059535897109,3.0611491100626744,-0.6267148662662307,-1.1135683438294184
1.801598678267785,0.12772712437478573,0.024050875015892828,-1.3570034202465864,0.9838636468009634,-0.45184700305849995,-1.6488993970729042,-0.1081767749453922,-0.7783554439389849,-1.1209689641623786,-0.42593016649212045
1.1999920588929995,1.484472140667706,-1.0124728818876603,-0.6998146356521355,0.5439008061490204,-0.6777200150969833,0.7054858962686963,-2.641037822673936,-2.101133394551205,-0.5875101523532607,-0.6067639246057464
-0.008822306384112482,-0.03566784926675374,-0.8289664609895393,1.4914060380896026,1.0960631006524089,0.3630215481662521,-0.9047808112467185,-1.1914121042961512,0.47047473123829636,0.6485257120024591,-1.1237135636526159
-0.49965050999324084,-1.127704399347114,0.40402988121642663,-0.03710194121870722,0.8187180950260223,-0.1732501318423259,0.18164553522944094,-0.17070877357594805,-0.48549818130872624,0.7055304049090477,-1.1409500745880474
-1.496993971999111,-0.1906755437772329,0.4397862515382333,-0.19781151654643755,-1.0225845040851158,-0.2614392809439456,0.7611454626568387,-1.7846325794266817,0.5890013099519718,-0.9635333241923073,1.5352525027443804
-1.7129769197893923,-0.6348853071455719,1.165613876527557,-0.35865363529135064,-1.9142893881782939,0.15711724155184928,1.8351023512674536,2.133436298201499,1.7031642118772499,-0.03859996382350573,-1.1332405785704858
0.011630829716506039,-2.1994038463730714,-0.42992814689941294,-0.7427573736845071,0.5394885802329371,0.7745015844319015,1.0550878758231514,0.1858369299008662,0.08286048772287671,-0.930392944637818,0.8590979246837271
-0.15714376329854107,-0.1854728782171557,-0.9067534394224182,-1.1081166608387423,0.4951502478977706,-0.5063297311366319,1.3077023062435253,0.8179586266527203,0.9148606675390751,-0.23596334298310187,0.019097285263014536
-1.530992853076674,1.4496195426543306,0.6248309135771305,-1.0821220486456264,2.4323935195640036,1.265051498133323,0.08267797846981378,-0.23697563914303058,-0.6562422576631189,0.2768894671341713,-0.6529338979871463
0.7529149059542425,-0.8489835212516758,-1.1642735293778423,0.6019544260814234,0.9197440857310817,-1.7194469602492768,-0.7895091571583704,-1.6521961620573553,0.10859173657602836,-0.7004254036656549,0.15361605757961888
1.2149071256752528,0.2352225529540112,-0.9774024255932285,0.09015274576820632,-0.7652165057056798,0.11775120893008797,1.4751032243685882,-0.08129198745707872,-0.7123088118403886,-1.6541826517213132,-0.31149555736571916
0.7769648023970845,-1.1476001752755802,-0.3446288541525284,-0.4717246462760316,-0.2844467582058706,-0.861335240207619,0.4378063241383891,-0.5360977323253974,0.00010674097312043147,-0.777041774643625,1.256059126929339
-0.6193045619891261,0.02933463108555384,0.7357089858828885,-0.5762444468933249,-1.0544311091818708,-0.9660908003454104,0.22062460319367794,-0.8363193777158451,-0.7980894974484096,-0.6973055597727948,1.9477639578812316
-2.0878254637533438,-1.4817211805254324,-0.4706613639298408,-0.3774523453682485,0.3516724187745057,-1.197888945956598,0.49059894255917086,-1.2814892469770496,0.16466836827462583,-0.8871497027053351,-0.24448339338307748
1.1165713780011552,1.56410503852472,0.8486517822633328,1.9329783079366163,0.14531430496153488,0.6692702021948166,-0.6419844571998734,-1.7580279073165423,-0.5062145701285491,-0.48311936609709755,-0.054145721817686045
0.5680132419808698,0.34090915131296395,0.12885592884583327,-0.10021051440011279,-0.5563031075634726,-0.01036270710306827,0.08782252770873593,0.12380245531419841,-0.5882023277151712,-1.3414395539445387,-0.7750220433962501
-2.605719174762645,0.16873933825795778,0.3065148750406951,-0.5776308152727235,1.3889290453108125,-1.8504459431746016,-0.8180948403491582,0.868997673298562,-0.3487313509954731,-0.4666536701244446,0.9193013749356452
0.9798328974488195,-0.3945977421441529,-0.9512974355256939,0.0874510076874194,-0.5369169471700944,1.0986605643693355,-0.08481750381293283,0.5914637444516367,-0.4194183161220694,-1.1371143054544337,0.09358105635949451
-0.862333276829799,-3.4268593991903997,0.4111623100759138,-3.028268826463405,1.7822543312044437,0.3936996209194201,1.2740737574997034,-0.1757824426472453,-0.4919189524380329,0.8295430562194954,0.7916607981602306
0.12053013124257717,0.820805207352775,1.7204340271182654,1.1354693535921985,-0.1406147085923379,-0.16649190166031164,-0.7371883727512148,0.6483206765449453,1.75200871687631,-0.13426215302549657,-1.4484565678423862
1.4962380704759388,-0.32296444927198825,0.9619370100963144,-0.5719544707472993,-0.6015419234148255,2.8388236484622187,-1.8416417292685956,1.588131789009142,0.044209890991571604,-0.5079913351905051,-2.085207481728845
-0.7685522418980746,-0.5258483316943163,0.609798445494724,1.5373529707152718,1.7590596556479654,-1.21018761291085,-1.5291545193415705,0.12715993286941207,1.4000241533454165,0.39493582860519827,-1.0120808465391606
0.511445501523528,2.5754153025695086,-0.5595983598707309,-0.1958407367005106,0.7844036625374814,1.7176036783327628,0.2985602661685564,-0.2591448763148086,2.02083722466372,-0.09369753262688715,2.1331802367541663
-1.359266684621369,-1.0267091612926342,0.5854385569809514,-0.6204015702981798,0.15958155439544075,-0.8202472706982277,0.22052212523342532,1.574504422145202,0.512905168212914,0.19002681834154106,-0.336770254775874
0.7840196361007337,0.5319588373693787,1.957897733383009,-1.9489627317501366,-0.28565304940732733,0.7013314878913905,-0.2153412708379467,-0.9536220193975313,0.5298648837775266,-0.34160822048849265,1.1182265467703456
-1.4972529019692051,0.5835583948687526,-1.9032718278485456,-0.5317575486736621,-0.9146677052511396,-1.4509982776067123,-1.4946288037239932,0.11516604751343765,0.43045677886033934,0.8152819434053684,1.7055051349219486
-1.706547000498041,0.9740688062184613,-0.21156378059840478,-0.7887700662087371,0.49456353364012123,-0.02075885843805176,0.9895537415940068,-1.5986992192011724,-1.1531060558731292,0.22424491368022245,0.7093618205065172
0.5455979506183992,-0.13488022967841867,0.8069729138666482,0.7050120746133669,1.082606616033165,1.6346601189003616,0.44477127415626966,-1.4278114851648709,0.7611774548943269,-1.2828347013591506,0.43719952066977125
-0.12632027415944014,0.8266217538663194,0.010854729676645093,-0.3668988135343346,-1.4250656702771622,0.682154111412188,0.1969724361915258,1.1115902708387897,-1.8501754912252155,0.38459447660856316,0.07323299039434941
0.23137503608877433,0.893976874071754,-0.19613744849141115,1.2634339362662577,0.7669382950199146,-0.5093823506209435,-2.210428905370325,1.6085085814063058,-0.4157969538183791,-1.1710940644415175,-1.4837556076804619
0.47196333991964434,-1.3081003559211775,-1.363620024334129,-0.008247137293243266,-1.4904276332776059,1.5163320050455114,-1.0458865337206287,0.514401326891272,1.864801488058271,-1.2404165017016207,2.4932436194494345
-0.11779339940837269,-0.2827150438386329,0.7962225795002075,0.6985559817498133,0.5466687848859784,-1.1936954417350805,0.2558526866771412,-1.0655605301112983,-0.10510777617943975,0.6111797259643895,1.8065053886135538
