-0.45084326200316965,-0.4714240805033896,-0.5542844594683318,1.3843672947366337,-0.9717836828528298,-0.06252823860214207,-0.49650476739855154,-0.8323726598268164,1.044551813740975,-0.24798767271510616,-1.6025576601558718,-1.53945139809671,0.9917033171652003,0.7103161584341801,0.21535405145004718
0.557347285730043,-1.3230765679243248,0.7720111404315969,-0.9587112382605962,-0.5144589254948608,0.6012140474754448,1.0792536138496398,-0.5249243586584593,-0.5158703108275337,0.5542861480929797,1.0790708416294756,0.8712745386598246,1.2147088498688652,0.4603633980425546,-0.3370490263908584
-0.11221777010357709,-2.8081016566678842,-0.7091266880425771,1.077558357814392,-0.6451222922410218,0.19143984629285482,-1.0266706086457427,0.11177184725864545,0.030233343350185925,-1.2201909308684071,-0.6594227607647082,1.2312618244812046,0.5483550775849262,1.020557137168627,-0.050675533196587366
0.5916984994560643,1.4286827736153427,0.6381350767985502,0.14779012104401607,-0.050558754417208064,0.6569807058990428,1.1561357469284042,1.6469316885781264,0.9090031838809527,0.5881289385657466,0.6312052599852818,-1.2747327620797193,-0.8975148270618821,0.38274655041408934,0.042373165383302686
-1.793316134732669,-1.5247298819376613,1.5907652944690882,0.22172900935770276,-0.33217455739863416,0.21139844845821673,-1.2265570950008824,0.5699801480315569,0.26054940044573854,-0.1465127565182593,0.2977342147808803,-0.7701193451775639,0.9196493952185321,-0.6862590990629532,1.5302144800644095
-0.7536867121677757,1.2423883673158604,-0.9419263523185826,0.9714507435584485,-1.0878205133198264,2.9685330816392708,0.3279550510056491,0.5026597720436617,0.48715198310446417,-0.06700539071938509,0.06749844705886243,-1.780667163013529,-2.129538113901169,1.5352382182072974,1.1744385383828269
-1.169873239106978,1.5537828334055048,-0.5324274923967336,-1.8853068137511932,0.514474262282364,0.30255511949493197,0.39038634574994613,1.3806750761530717,-0.5949735893386846,0.27982617188032055,-1.9214084903708122,0.9509731216741101,-0.4349677262464384,0.7220568531306023,0.16474588807498217
0.2436280725652423,-0.15015170529358146,-1.3099266873272666,-0.05064805481744028,0.5475118337887794,1.7580818977936465,0.09703362315727058,2.0229009906336755,-2.4614692220739256,0.06375725734339056,-0.4889954498415567,0.5514154652514442,0.3066110174874353,-0.15238605614785022,0.21617849391859414
0.8590766512513857,1.5146684114094058,0.29231463611678027,-2.8826206000364123,0.752812069627099,0.3112896174164213,1.071612917836367,-1.9157878352865039,-0.18515133101168896,-2.2908568704406034,-0.42203754779721764,0.6893181056026441,-1.1272947770600317,-0.804463494141932,0.09817919603796756
0.8448058345413106,-0.9657836575016533,1.6790265737933496,0.09706290965973499,-1.401344847696332,-0.3468700088087793,-0.020688735685409354,0.32385939495253174,0.4209594421244284,-1.2801652477965262,-0.5279149384663316,-0.7221791433266365,0.6215767134083254,0.9338111785030485,-0.6618578172546685
0.09687608429748944,1.4018474534184813,-0.32728620780233936,-1.1435798250654508,1.755989390977583,-0.0857434905507068,0.096643553121641,-0.7217266639436472,-1.1722156440078602,0.4666491590277608,-0.22166584465221323,1.561123904945184,-0.09986742242935771,-0.08175992984214,-0.2004280410944206
0.5628562035253812,-1.5083911943242896,0.8500863204530945,1.777958692625572,-1.107697315753397,1.346119801035623,0.9980838848988745,0.5119327969188792,0.026407565168617794,-1.1727139110693594,-0.23671466191755716,1.323078368527154,0.06530462100788142,-1.5016382887303223,-1.3134004941204223
1.3095293447219944,-1.1023591824536643,0.9804689900359218,-0.18232287406707595,-0.3206141411660699,0.12876187800850494,-0.08949965173651933,-1.344708181614541,-1.6059118041601432,-0.40385996857066464,-0.8307428851526818,-0.37073667451785847,1.8392071267368533,-0.49769737570949635,-1.1785984375259204
-0.27119885462252236,0.39764123301192156,-1.3881954760763833,1.1320418855797985,0.9607077205155604,-1.0487367429366232,0.08703006401650212,1.0112779001976762,2.124994668767452,0.38551973931820405,0.9242836787638288,-1.604208660667454,0.5480468551145177,2.64654327698349,0.31614816734039286
-0.18341840236890827,1.2972448842537905,0.7164022895150046,-0.02135914923993249,-0.09727715765291992,0.725376556795949,0.27552990998812904,-0.7478504295961775,-0.48863478485140166,-0.9745018031548067,-0.4573694928802526,0.021929413281175102,3.01302446516535,-0.020687087679816175,0.0468266294748828
0.26846423149823795,0.6072229031216665,0.08382529172024657,0.9979713696843915,1.0584043859901031,0.8101613924098491,-1.354611066359236,0.23148042768941474,0.2783993800823495,0.3512405482151866,0.302604569184018,0.3369050990972843,-0.04389251755299737,1.0700822144454196,-0.34563538665348686
-0.8848501586885338,0.05977396876768337,0.763507108095615,-0.5633906103380825,0.2788572113783359,-0.366472951336681,-0.8565685195207083,1.296139613331135,-0.38392369039139607,0.983028991140776,-0.17548187389565445,0.5365782677310998,0.8911737540740194,1.0604439048594003,1.6355905652296074
-0.25604558433833596,1.609855496257077,-0.5612244521657256,0.7875088737625432,-0.5398409275276007,-0.9440158677695969,0.4205703692374041,1.1053754325133884,-1.5943578579191329,0.7384197145881433,1.5944543607824027,0.2776583644385411,0.05609567974310623,-2.1653649847130625,-0.8316087683313484
-1.8968793888687,-0.6282076074525076,-1.1659672350986505,0.5765440494688601,1.9313075969558193,0.3469600590177516,2.272776659133803,-0.03785274687739633,-0.8390023729110866,0.38576658579945555,-0.18392768793251527,0.3635117318330751,0.6495366594361306,-1.6043343350990953,-0.23081937161001195
0.4607191150306689,0.36410305700920725,1.3506851676441456,-0.824444634034484,-0.6419328469945587,0.49757132196100246,1.093021298250402,-1.2264649696733818,2.0538724230834795,1.3638323239412686,0.4265557909705487,-0.7714433347402739,0.2495544349017401,0.16426743461747426,-0.07503035289158241
1.6013165364277542,-1.5785796844528928,-0.7886297852761608,-0.036887469992300796,1.0027997018418557,-0.5045418803879717,0.5150435655920141,0.8250235310378968,0.8282100964594206,1.269340360902632,0.15976355247814789,-1.6304811367081613,0.4438002356293467,-0.3537727267696208,-0.9865889750689201
-1.3442759593043752,1.7870517328741453,-1.0774514147609564,0.32610856566912316,-1.0555604499380495,-1.1200063731008192,-1.7428592327240842,0.31950924994710944,1.086015169167888,0.8843986743075377,0.38909022284572814,-1.407886520840982,0.6153491655673502,-0.39720362823289906,-1.7923866761640361
-1.0644682819555331,-0.19456576305975243,-2.16858048125617,-0.8024319346723492,0.3212923923093328,-0.10573346063280457,1.3620754437615623,-0.5572435663808378,-0.053635901904922526,-0.30910196160397546,-0.10823615262450759,1.6880232085434075,-0.593610829388525,0.8630332990763238,-1.0338905085630081
1.1120692931422045,1.4997521133826317,0.37419944458054005,-0.13946998359533416,0.49884337431656833,-1.9322730832974686,-0.7345614383609292,1.3371442168792653,-0.9945139066795543,0.48790814385410985,0.703173082458604,0.029764655964833558,-1.2472488312011922,-0.8374301243442986,-1.1072293171615428
0.3159012500427996,-0.6611297731045214,0.4941689220427008,-0.7292914327207207,0.4675708066821057,0.01693292516996837,-1.8785775294492935,-1.1427212631233028,0.905614191473852,1.2461664070599356,-0.5130321335757192,0.6030662118285139,-0.9131805075252609,0.23112515376887993,1.684941083151691
0.30441161473716777,-2.2745270612204775,0.15159998179960427,1.0435261059846257,-0.9799818384415306,0.20936524058465297,0.09393160472294945,-0.2766798832937561,0.6385262170291424,-0.17287679414901025,0.9481287561410974,1.1007262676829253,0.21736852522576755,-2.8738593188811437,1.7988013626516959
0.18805680048569995,1.0951742080846694,-0.27522726430126293,-1.3442192144662035,-0.8622777657186165,0.9355633668266863,-0.012367856911308863,0.42319183272480687,-0.6155055075466078,-1.6606107376000918,0.6995344329545353,1.3888546587074717,1.1524509555713556,-0.07506915251473059,0.010324562259240442
-0.3603807177393143,0.3116311010199111,-1.256144569453746,-0.9644064561905304,1.3641213607322882,-1.262310060470185,-1.5927758571635697,0.9002661585144803,0.7053340170930208,-0.5147878405281171,1.1434798103420487,1.4440234184163332,-0.43849620945931767,0.15613477040147047,0.6692787914645254
0.17414875862492019,0.40415659260952524,-0.6941233720013015,-2.72587953871081,-2.318282057854329,-0.8640171994974903,-0.8401781708261276,0.1870277540922426,2.1715626327155837,1.1807816181238422,-0.44792580589912534,0.5237428736204407,-0.4914634963554349,-0.175774914810693,-2.218158594208305
-1.0224538875917193,1.6307677059824226,0.5411665612994719,-0.2914952881970703,0.7490409351438209,-0.04240492708312095,1.3905749919387,1.8906703003793395,0.6127314025484925,-0.12069022227665535,-0.7199933850548603,0.18800750297938681,0.052764938767197976,0.10091578314455414,0.28822901034744064
0.6652038836472526,-0.23156642902421123,0.15264377706107804,0.10437439209899707,-2.24052656952868,-1.0593509764257591,0.13630576784239426,-0.33583156766728006,2.347171675548119,0.35150409801794524,0.5686805185553889,1.8655828078683971,1.2662250375577808,1.080514136429353,0.16872258662959397
0.47354491477910704,0.5528820254761246,-0.3867022793653511,-1.1922420264209843,2.187865550465057,-2.192260428274098,-1.5610285268048805,-1.1696899314301947,-1.0396989818520188,0.8067631736234134,0.5217655398976364,-1.915354878580162,-1.7498548012359816,-0.38135409774066753,-0.8073835290691066
0.7447387515913039,0.2798396538440926,0.31344066607681165,1.1896379732291205,-2.298622634154281,1.1503069626628666,-0.025957052415110385,-0.4942880380742567,-0.5960021779087344,-0.3016857221775434,1.1771274910229315,-0.5440078636570175,-1.0668163740947767,0.8515264451472015,-1.6803563357802969
-0.2991889440018646,1.3352915518847954,0.18431473475721172,0.4518105945220978,-0.10672882029092674,0.06071041420999166,-1.1128425408447429,-0.24169900004278858,-1.3383014325831355,-0.14108428646059396,-0.668159637853089,-1.2339603735645817,-0.32386883339462963,-1.6638169973423818,1.5488394449007294
-0.17853764191337518,0.42627960115643476,-1.6965229768138383,-0.7653626421608889,-0.26086689705756044,1.740313119943794,-0.13908918366192907,-0.07316445141182873,-1.4836006544865397,-0.8778937634866929,0.22215854980121977,0.6819758475573129,1.1501669355713136,-1.4516138212508078,-0.7997317854213583
-0.6655914558172862,-1.084613019927693,-0.5000624026967708,-0.0002702129643934112,0.28018682887815505,0.550707608045987,-0.18528250825522255,1.480513923924335,-0.747503387765845,-0.9496781563572243,1.658757284768504,-0.09241767424756596,-0.26342606252520917,0.07978328596596171,-0.8234357082267258
1.3857813138604127,-0.9470559740205644,-0.7264479975964071,-0.8144729851665115,0.7012208677728141,2.0389710665400083,-1.3171230916866996,0.08077678625299382,0.7050867547183655,-0.9233619454676976,0.24924075187296932,0.5900813848330014,-0.6106838134250997,0.5068273176754143,1.5619757012429891
-1.434422903714844,1.3148118436425165,0.7275077907191677,-0.2421269406456707,-0.19973680389662954,-0.38820677548365745,-0.14032700609266363,-0.6741003277432192,-2.2381401052449754,-0.785061961402626,-0.07493472566844014,0.4980376580987744,0.40662532430201,0.6113399076822168,-0.5009927131033886
-1.539531018689867,-0.6679066204690418,-1.5683005280238327,-2.5166980408912374,-0.258709177613751,-0.057519886070115184,0.7154067241074282,-0.5288658407822048,1.2365948481717661,-0.6621929085682994,-0.35204887562109705,0.1284913587279005,-0.25662507580783617,-1.0442488894435378,-0.41640958547252777
0.3173698771852961,1.141020199872641,-0.2517891920647514,0.5206714729670623,-0.2315745939660484,-0.7696114945782331,1.4956326969736837,-1.2095084528408788,0.072358320793468,1.9102088612295471,0.5862017090702119,0.016492342532633753,-1.3223147952687155,-2.524693444776805,-0.3667283128620395
0.08564160774692997,-0.04554170345611932,0.33534016819237256,-0.19173309626857474,0.21257068694626866,-0.1621601197136833,1.4266176257251324,-0.2939875830339994,-0.9649224808199707,-0.6061313028999364,-1.5984034881477283,0.14807534854805612,-0.8347537309254909,-1.2959343895350766,-0.6277295440148374
0.5933827955017051,-0.6294445676747435,-2.522595449902324,-0.292093774398627,-0.007569521526537028,-0.6444274115168894,0.0502696069346377,0.0790513007686174,0.34257337029065016,1.3939762629105124,0.6929287950570334,-2.0230377003394384,0.13940631785769642,-1.8804406016824766,0.31542199087739725
0.9021243264661648,0.6013292141547979,-2.332514089443937,-2.3205088442799133,0.9830608956545414,-0.5469733237643987,0.11444399498633942,2.4082925365852463,-0.1803813647115798,-0.005212432790483524,0.19900892830484337,-1.2930645731422823,1.1354666231960442,-0.3513552568664736,0.12524448318333048
-1.5403727856759968,1.08390255625185,-0.16052486369879163,2.0057068977958465,1.3490541519222736,0.25647178964187,0.35306945518776234,0.38146190076114156,0.301010945953258,-0.05269848121561501,2.2825003849972907,0.6025347553897079,1.0646841123864743,1.5018509024191873,-1.5938981924950455
1.4484821732765996,2.1126700365636206,-0.5760167764986487,0.7808360818518465,2.2730901990178207,0.7761577082241066,1.1073750645844644,-1.7183777816933832,0.14668360936596478,-0.25821896708773967,-0.10462103225599302,0.49317890709260737,-0.36285885261561346,0.4346877054293197,0.7789725938382399
0.6847792946065683,-0.8867378765911835,0.8635008842110078,1.0921113891186387,0.3605273482252917,-0.48323136992553267,0.8685210929761472,-0.389560038396677,-0.8975487184904597,-0.7521765795283905,0.8401006541191082,0.7870089763246572,-0.0843846270140215,-1.4518218033822918,1.1742365145622131
0.14993006608582493,0.6092269339713958,1.3201724491014246,-0.23970154604229849,-0.04794360295185851,-1.5129252375045752,0.5475225909381823,-1.134773663328217,-0.9282368912445846,1.112643090727498,0.39619214228164307,-1.2780650273494942,1.3375122554529784,1.900452683230368,-0.7048553168163504
-0.516504813105274,-1.1557446502787128,-0.7894380451317805,-0.4922994961236795,-0.9636512603793085,0.08650891505984445,-0.874479926629913,0.3155033545777911,0.4216800198876502,-0.6244473613710828,-0.6936554291392484,0.7800628440672681,1.7002518633695038,-0.2521374975834127,-0.9435612408929516
-0.6014598950530048,0.29484026315966727,-0.20796944373330778,1.0208776359239635,-1.5010974843274474,0.6399525669386096,0.9626779890629473,1.2999271066561844,-0.8828487158254104,0.10237440479167745,0.2709640491041127,-1.2798189774826536,0.8384555464177642,0.3367315373491046,-1.7186342023254586
0.5501603853677788,0.2533439190231513,-0.05948776934686104,1.0083119644213503,-1.712927190210944,-0.06324126123666003,-0.22734605002637287,-1.8669452283878567,-1.8965699146621338,0.3345585209116944,-0.41830975934563447,0.35451326776017833,-0.6730727999507112,-0.9015722890492054,0.30803956814024236
-0.29758325894697346,0.7605611266157823,0.300563460626576,0.7231414830125569,1.5420892080953634,-0.38456744898544487,3.949310666477988,-0.4320042690666454,0.8160340222769213,0.44180971464391106,-0.2057842008648843,0.19983862447559494,1.3413358407711253,-0.6260262914789805,1.7057386951671822
0.058281120392189044,0.22283321524669486,0.33457528058281527,0.7754324763088067,0.7749277611381695,-1.0127350525913101,1.178584192032563,-0.7244367455094882,0.8768794013207517,0.638968052301233,-0.6159570276261818,1.5314264563503255,1.2464563967673978,0.4555836386775867,0.7911732593504255
1.414191140342489,-0.4387397369530985,0.2643147562507966,1.9337957109124448,-0.14900687873948815,-0.5080537350601158,-1.479795642556853,0.327384988447995,-0.251724064350329,-0.8449452101487325,-1.6073751510017908,0.07037648766691247,-1.4108672251541343,0.33988555617973054,0.31142539972295274
-0.2953692514394409,-1.1360819053980116,-0.10491401516476036,0.0322171673269147,0.6164472602610505,-1.6550639661626119,-1.571526724269366,1.1610453410917057,1.53998381017731,-0.4225061182163957,-0.16339346739844499,-1.4830784920642512,1.510119224672705,0.666398644694163,0.4719906979139019
-1.6835689676824432,1.6626954569610615,-1.0054649039351173,0.16661464051456326,-0.3119618976284657,-1.54761983523104,-0.3213009004761252,0.12014980879699202,-0.18697201918436793,0.2963230541350087,0.24691050585928148,-2.024256013486289,-1.4076277276837739,1.190259502073544,-1.454166664314024
0.2975657811267278,0.008678416355306725,-1.3865229304174473,0.30327294719579223,-0.25901269969062957,0.24429039319696705,-1.0465960769259899,0.589217285275414,0.39975238406443214,-1.185513638743545,-0.19194586131097052,1.8484917246170087,1.3318464495533193,-0.4197716590904805,0.09645985759603332
0.3032025520401114,-0.6963695880865434,-0.13072203653297895,-0.9010749011541112,0.12133626382790147,1.764692573905334,-1.764274593697652,0.12130772776328907,-0.5834070394496838,0.5030465166822599,-2.023104668135914,-2.497213136529103,-0.265074518940614,-0.7871471479738122,0.3370039531825194
-0.19362704054134902,-0.923301710133031,0.23915011677996909,-1.4195447195382278,1.3073819572340912,-1.0635657167985828,1.291546103487351,-0.8325305391242267,-0.8693140825598193,-0.014627639210247657,-0.5501445847457453,1.4356665381498308,0.5948241135587768,-1.6677387668753376,-0.07327329076567576
-1.1073257033246764,-0.5217963734415696,-0.5788997246823069,1.1650234821222705,-0.8334771885119023,0.21938455945377455,1.5555929856172332,1.9088498103164822,0.7140708536550742,-0.10697809421235306,0.6651623469044027,-1.2061947880352837,1.029454178956917,-1.078681708052996,0.053653819887540234
0.5283269272870448,0.8408529825623358,0.020097753697583924,-0.15406834283296247,1.9726903017601138,-0.6407199112432549,1.7699981809770624,0.35510028014074996,-1.0802266504910312,1.1185157045244247,0.8260946717891972,-0.7384801435270025,0.5907093315201419,0.46567575303463477,-0.11139877493718957
-0.6579502976396618,-0.15841050315555769,-0.6947212042536978,-0.7044116086640104,-1.014892868136172,0.9557209448812503,-0.7786074674555478,-0.24433885557618365,0.1413533656504152,1.3400205154725109,-0.9771626594847372,-0.8749054800480797,0.9738930600138447,-0.15744686870966326,0.35559019128031166
-0.5515302444809979,1.091563288198657,-0.3883364274962222,-0.25415824280150306,-0.576756786400729,0.12422013167675086,1.6990818993718801,0.3610144085283177,0.6182935460672404,-2.7354323841951285,-1.5287280793758782,-0.3736158309916196,1.0460660794455883,0.4170102050173351,-2.0331373477092556
-1.0921678076543795,-1.0044941969509715,-0.35469286174640413,-0.5976391178285966,0.5654241557240957,-0.4250036997318531,-0.629557015307128,-1.6332162357091577,-0.10876210008664705,-0.8828405896976131,-0.5709314077951678,-0.7000001381618145,0.4488703442022762,1.6321444824219487,0.6582182135043302
1.5488601336570078,1.738831460019357,0.29365501579940584,-0.3068991757767991,0.7132990875099231,0.5907476045378774,0.2657724653693747,0.2245569126736262,-0.232656913643081,1.316855031811145,-0.75902362047052,1.3562358639489784,1.9839142343122067,-1.3451182098817978,-0.6224903411128443
0.5601078043409132,0.8980329278039673,-0.12726763655850865,-0.1261036433240424,-1.1666125142814285,1.775822071579353,-1.5756348718901891,0.8439416249350485,-0.1853804377466639,-0.3049350187746727,-2.4941342116508918,-0.5213996770437415,-0.33274956246714,0.4323495468022402,0.19212666366260234
-0.839600144961239,-0.719301967723221,1.1276854343829192,-0.9392364276640383,0.5116511827648954,1.6355229529261626,-0.8171511677689349,0.681005727241304,-0.5443957454154378,0.6316380599488396,-0.7782264664791807,-0.09670033775464762,1.2508034431380315,0.5635030385168628,-0.07369282631894546
1.148280880047115,0.48212629571122156,0.15822630169043944,1.284853481028332,1.4300813136986834,-0.25814589929648935,0.24262751637706823,1.8454844153857792,-1.1847007034256123,0.4977669247109942,-0.9817301757523923,1.0453317017163921,0.6235190178373574,-0.33153945609942365,-1.3179208267424112
1.7569228528909948,-2.5505351714080264,-0.8123256718867586,-0.781204076279362,0.8576558207776698,-1.398533865879972,-0.020527227239124066,0.029380899473441344,-0.5960222145605438,0.11683418188246017,1.3477086889550802,-1.8135502915098243,-2.2951205938842953,-0.7602957174713968,-1.3160902334325328
-1.3180044452959319,0.7344056787524769,-0.3966930582049527,0.0685935564012957,0.0698506978375808,-0.8989194581549116,-1.5100439933442524,-0.11957486299901304,0.29211561629041793,-1.0762631763743093,0.7685895605809704,1.543137972109037,2.5138938135330706,-0.9342357303389729,-0.6186846719799612
-0.5761127657846189,-1.4400126698462241,-0.5464531214009144,-1.486225575278922,-0.6772595443243492,1.4724585188431598,0.6491529598151281,0.5529582100390994,-0.5102878630166615,0.7171955583497438,-0.5472628866179305,0.2511396154328398,1.0805769998734494,0.7037964959111324,0.587469889194968
-1.4453361115502767,1.0346503161944627,-0.14331572589240812,-0.46725976900693605,0.6352726454667446,-0.6932593354341443,0.843018886392424,-0.39424605232224574,0.8489477930437118,0.7573282002506994,0.5897787334851288,0.4770921520624506,0.221548326561717,-0.7912788060650666,0.28312820073290546
-0.30634887404752026,0.7681352210484029,-0.9585891751844253,-0.9136082080761472,-0.12728153114965482,-0.9762739090608651,1.3257784797713996,-1.7563986662466244,-0.6123239138698038,0.4042974265829508,0.991113279309485,1.5624457013633224,-0.445373332618253,0.445613598561945,0.2611634353543348
1.1937294225516115,0.6680467749222051,-0.01385799302676818,1.5289080216003117,-0.6894632092737953,1.350218824558533,-0.5476367181639429,-0.8084300804449862,-1.5213469722832944,0.431830629395939,-0.6276791071137777,-0.5917419203669488,1.258704701216265,0.14575172218803342,-1.12324344127495
-0.5945287358059536,1.4379247752510764,-0.19695401456861525,0.6497520773556071,0.5048838866425359,-1.8005425452899122,2.7767447270160366,2.8103975910162284,-1.9057209767229717,0.07605889942690418,0.32764415334375413,0.6925365020204919,-1.530540201269751,0.9271235611791906,-1.15170402482746
1.0966913487739502,0.5352027086290412,-1.1884509383036412,-1.747064710729052,-0.8544319898307073,-0.6435736317262795,-2.1895248026991747,0.7009158784170662,1.2987724725821217,-0.5667433170576347,-0.7971496510613298,-0.5704539367362956,0.4230759126385127,2.4144081592529805,-0.6728439733371987
-1.3210852738055838,0.6874409233626878,2.475652452260875,-1.1023796901520952,0.6246935611666802,-0.11066079390872201,-0.03280848430181354,-1.3139737171134938,2.306013233209464,-0.6439275851256167,0.40906298587874446,0.08516871102431671,-1.0840841680934536,-0.8129336326618715,0.151046597258187
1.2330642345359155,-1.9928556112954454,-0.6270102937164234,-0.8094990597125877,0.7381381341986941,0.7179885989186323,1.1172780699220604,1.3097691490536227,0.8966860575320955,0.7143584973876652,1.4273762508822871,0.7861687452266662,0.11248863751753586,-0.728935374796073,-0.231057549578341
1.055549603871048,-1.0244886390177026,1.1246210324225636,0.3344246304181205,-0.22155812663044525,1.0249256001949312,-0.17000826406684952,0.7055079231018231,0.07439885761156338,0.4564545527111215,2.379146999964287,1.4760806061347085,-1.7987355812853076,-0.7345598573506139,-0.8072436965171895
1.5507961529219294,0.44648170473845195,1.1060540266126555,-1.8020405521377052,-1.9100127015047867,0.8995353446629668,1.7609921543332538,-0.04123444916656171,-0.669908692466335,0.34324298043257134,0.5309535741650464,0.6044369970438255,-0.28991551941563454,-0.5026461759242818,0.013552932641955723
-2.2658674381278856,-0.8505280150896612,-0.6047116035685663,-0.416742041093635,2.3482059310462806,0.18586746122543632,-0.47680039930070023,1.3916054713414385,-0.6118466854536746,0.8322079745105873,1.2165825712200309,1.352093628748022,1.8862312689927785,0.413901297301669,-0.08081872212175303
-0.6679948882586005,-1.223703902023092,1.2900189310611003,-0.2779008634675726,-2.54162727300062,-1.5463386351682054,-0.7704801318258154,-0.9393772396807986,0.8667164537548042,-0.7353968938779754,0.29800194038959793,0.2275237925402821,1.8473431092203656,0.0798210451046816,0.4045984051046857
0.30697274004842323,0.22695492721377605,0.8056303144489328,0.9418075996916093,-0.8376472188375476,-0.3335270864630609,-0.6585871352453317,0.11152540030257282,0.07623045164286595,0.0014238457819787213,-2.044171329095879,-1.4422954753009598,0.06871849741689288,1.0158196749198645,1.1151734162149576
-0.36384130034510387,1.1921576335826667,-0.7115012430718011,0.4348458640387578,-2.9489622839671896,-0.2440467612965326,-0.3988376185529394,0.6630125683799895,0.27065495529624534,0.5826754816988466,-0.6879708441947913,0.6815612046488824,-0.6456508704235149,1.0987544413417791,1.829893808353758
0.18366181693635716,0.36209842725326385,0.2668196466890362,-0.7786781257781558,0.21984031150358443,0.28065492825179833,0.4451139486402298,-0.6629601388839903,1.3279783614934435,0.6484965540828678,1.2718170081838895,0.5813262994608902,-0.7862336159431601,-0.5256711742589963,-0.001643918642194708
-0.2953034113653363,-1.6444151787843422,-1.0395305268328203,0.8736392261616558,-0.4968986785089817,0.07270377341460277,0.06314871484917409,0.042361025197489265,-0.3129421504031333,-0.2933636588282954,-0.4010644702182557,-0.7892260130524936,0.09579130077053061,-1.1443793296798448,-0.15186533402617172
-0.7655575170803733,-0.3994944858564993,-0.13544520136570423,-2.057613247899923,-0.2976053144087534,0.811577159720964,-0.12376452270743765,-0.16262163377325883,1.524458506348329,-0.6746924968602355,1.078457455359454,0.9876436426774002,-1.1704441733776956,0.2102391192542003,1.0263216673783817
-0.230273394643948,1.159307761767996,-1.287199977142721,-0.10348347561710165,-0.41479662385833943,-0.5347269866074709,-0.9939271292053948,-0.961532915857668,-0.25734569684324754,-2.4701689209100306,0.5273720091557205,-0.3939427536022562,-0.3661155355125144,-0.29714050170477774,-2.363770288821244
-1.1768002781237785,-0.3820219408003372,-0.5086460576532581,0.3330785074775065,0.48758797162878265,0.08539774218584377,0.39504891686231397,-1.0612791404012931,0.9384409088715162,-0.6372741174068141,2.054761540312139,-1.0436247876983598,-0.2553865717499213,-1.152239349046033,0.36157986662304714
-0.9742995674872974,-0.691382442155341,-0.7477120401044399,-0.6051963305903639,0.10561965384110385,1.2799359688308667,-0.6609719637723456,0.8673446450047727,-0.4185369456239272,0.38072603801623484,-0.19412336824530388,1.0530713207971423,1.9150908491208416,1.1145917232454257,-0.16437707410873995
-0.6631553563835041,0.892214591936254,-1.4980447155328425,-0.7458510848710418,0.6064263630324165,-0.43573656221574547,0.6722392928214626,0.029929456363973192,-0.81287216815426,-0.06697158720138298,1.9566338632411342,0.734006011758933,-0.9924279457033766,-0.11302262647960148,2.402923484263473
2.307953251416945,-0.8920854145778887,-1.1676431872015638,0.044011147086947464,-0.17592654964071433,0.7051134993263061,-0.425474809489354,-1.2237131287716192,0.31144083399193023,-0.21202447380863856,0.15981708719299012,0.2319106158498653,-1.3645075189314022,-0.39550821398345537,0.9006989352098371
-0.6533751714917108,-0.9038546165077271,-0.6980536876322538,-0.23426766005915906,0.30409752513691396,-0.5556780766227467,-0.15249116071803545,-0.3359634122805396,-0.8282267039727869,1.6610314514900657,-0.38695271361878486,1.052851918085369,-0.9256007978309035,-0.21836178941064652,-0.15051378427282855
-0.3986286369012909,-0.6581299615642272,-1.597907068561775,-1.581310827866029,-0.04576190418674335,0.0927425835789131,1.3021968497814846,1.1129841063661945,-0.49822650019387255,-0.2502077495092342,1.1832342982777861,-1.389537173801086,0.46781678675056154,0.8746567113269688,1.0498785222697073
-0.23029941284161307,0.6478209786074053,-1.1087276851448442,-0.0024693496901965557,0.8184930872700534,0.17903280833486654,0.795479486071045,1.8846110013738055,-1.2405557819502864,0.6407439406608536,1.0237116350603235,0.28092774703946877,0.21674526561294527,-1.1928442062039017,-0.9365529222876756
-0.5797486057117952,-1.2007265923599284,-0.9762065349292864,-0.21645893391116505,0.10730517105703878,0.6541722657099999,-0.5588348542733641,1.444667063143028,0.6542884739757576,0.371206888970304,0.3094853051562046,-0.9181267477703713,-1.2440062656793567,-1.7974841394036194,-0.008259152432441066
0.0547597689996749,1.7207502853350956,2.0519444687591597,-0.09905623925311151,0.162752875075324,-0.430249028711487,0.011252046800835592,0.3823197353368626,0.14757990959041253,0.30445546080335173,1.5997007837854134,0.18957113942155035,-0.1278245676166161,2.512679665253752,-2.9109115596761135
-1.7601781625054764,1.597127825552311,0.04464099507715701,1.7830867163042252,0.1858479619869674,1.1896537225061974,0.9714924333385049,-0.7397304344320719,-1.0741431718897028,-1.2154984115088714,-0.28575081716312417,-1.6725153390700578,-1.3314256873179127,0.3583329468487745,-2.4633609127700304
-0.10157426463933085,-1.446133239948376,2.4308724386796214,1.7301003212749542,0.6322652031192069,0.28429777525286315,0.23774422302322504,3.1925000583141103,-1.6564995248113252,-0.7807855500841062,-0.29135863135886764,-1.2379480905675422,-1.0631224114422135,-0.6430000861517274,-0.6956911170524916
0.9636691267239333,-0.019551115514833035,1.1898551438605216,-0.9042552036738075,-2.7180458936154093,-1.318790149972214,0.5865364745144683,-0.510336798006908,-0.6630661916716106,-0.9721697236606474,1.0438290786916324,-0.2206790367402008,-1.2135514485886916,0.33932329519820864,1.2502058920427128
1.6357413992002636,-0.7331517814615991,2.265859972204285,-0.39679275885429083,-0.24180017854594155,-0.7178782383517043,-0.8567793559545122,-0.018598520312062553,-0.9261934014933443,0.9294923546367081,1.950269263234978,0.7323165181363537,-0.9571734571527086,-1.5851013054354595,0.5009578750801188
-1.349139262114444,-1.4272543084429143,-0.011529756631859563,0.12698208204605224,1.7764355820609439,0.18805805863760017,0.694333101523272,-0.1566189182258892,1.15801925758809,0.3088620630815011,1.5863706671390982,1.4525916561870582,0.2967281957170036,-1.2669749979656826,0.22224974038628134
1.0115996475279458,1.1403146722988384,-0.7159300616157398,0.5250751634951406,-1.5471821654277151,0.6423120023021258,-0.6635071737255179,-0.18793103787213114,-0.7364852639423584,-0.8230183004647298,-1.1574087147186631,-2.580620453694155,0.9639867442550683,1.1042865727840756,-2.711834004639704
0.24915362119566986,-0.9463177966996608,1.3900468312896634,-0.9193464046280991,-0.10041519409106195,0.9336242014752468,-0.3085919150963848,1.69521569548606,1.104771080029979,-0.30715645307678835,-0.4704353484510566,-0.3503097361646038,0.3834926657857332,1.1471005020783844,0.13132085461358356
-0.9465977566405682,0.31611307873183037,0.8724050775492684,-0.2345327659675048,-0.20605320429734236,-0.1391694244810889,-1.1868763144525407,0.9185214484550371,0.323187411583288,-0.273431761048357,0.37809823457539476,-0.9399817048503566,-0.5880914583697576,-0.23453458345660086,1.3474573910074141
-0.42311241365382396,0.8186401205352202,1.1904778650212506,-1.3338587282374403,0.6324577640142881,0.8617088117499854,0.9427060498666336,-1.3289265172127425,0.1561808576068292,0.834609956644596,-0.7121198257344038,0.6878882768552013,-0.3101805945921187,0.8097237359576185,-1.6484987036496477
1.3736899302332584,-0.6716124158094279,0.12713267396071534,0.1565331980466802,-0.2456572725438477,-0.03746075718137916,1.5368485272556773,-0.4858873060969528,1.480879470388213,1.4214945673495514,-0.8127378547182473,0.8841712647252988,-2.127183754815007,0.16041532819388762,0.3603303874406135
0.36967972788565046,1.0441661483999403,1.0350946090510447,-1.2517815333851985,-0.5009782767659511,-0.5641390770797305,0.674779378929855,-1.263578637393898,0.5873100263833636,-0.10628404104266728,-0.50356089405486,-1.6637990487915912,-0.9684839663936926,-0.7772763605435735,0.34332408420446103
-0.40451215326894435,0.6767144734182559,-0.0737785347396152,-0.16553593468052422,0.3646766790329936,1.1140793848781,-0.3312286258558832,-0.17139272910747233,-0.24523489145648736,-0.8183247939896229,2.219514970012567,-0.7889507344649711,-1.3877598300265992,-2.0809256819731945,-1.379861058411838
0.8673780920886843,1.8231802144047573,-0.9378070227636682,-2.195718802604447,0.6849886094331108,0.14961350161677678,1.4673978975931024,-0.8665218194652331,0.4896593040193892,0.3357638103081745,0.46806079929538674,2.207905747025483,-0.8400807656628893,-0.5750909579232668,-0.42968356072165975
0.17601587458095364,0.7951378837285541,0.249458478016678,-1.2360053114904543,0.4621105419129168,-0.650466592764152,-0.7112210916042728,-0.41718894634631865,0.0025103963047692283,-0.7387935016825129,-0.07865948416836428,0.2713571969274428,1.5402038252085373,-0.8641059358171123,0.8917835871964234
-1.2580560030751429,0.8756958384102536,2.114884659738008,-0.2115342322528068,0.7778593358473113,-2.6644978249778126,0.06503429226060523,-1.495693203085975,0.1876495910291254,0.11996932125741547,-0.049441581724236135,-0.2939316975538772,0.6043615649785707,-1.27642083474117,0.5715296909641204
0.4646933919344515,-2.592248692946162,-0.9219329543184664,1.8306882410203846,-0.8513420628403754,-0.8015086913984035,-0.6615874662016736,-0.19689415618739972,-1.183819058004383,0.2623632654030705,0.3229847349253167,-1.347733635069581,0.3825322018546986,0.9350741395695622,1.3547032562152914
-1.1215185015489997,1.2405172989163038,0.036031365557784224,-1.44880913891295,1.0856339738633791,1.1831764141362275,-0.8832601984913948,0.17406279987642964,-0.7979134500711591,-0.7657481172027023,0.9738564919536316,0.4184041895652644,0.38863103718749936,-0.6342212343162358,-0.8842016172394833
-1.5035320584562135,-0.2431656886863405,1.5579714620877079,-0.5755680705765983,-1.3041366690779426,0.5685153056693395,0.11452441193754233,0.1488181328390612,1.3146291433222361,-1.3520222609106665,-1.3717313634877562,-0.8220853790380972,0.5038534031442907,-1.1379310831562819,-2.2898300380446104
0.6912345590330211,0.10126472424197061,1.836752754101931,-1.3786638358401853,0.8252349695794415,-0.32087353512991984,0.7283220612132766,-1.107864096930694,-2.8448017897662607,0.09762374512360183,-0.0598235111853779,1.4630631058569088,0.478334045280094,0.47432140915569787,0.8592206261070306
1.5418732770918402,-0.029202005938710914,-0.803899559073558,0.4725249359834614,-0.04887110297168606,-0.772442245054837,0.41467748901157986,1.0995959454877131,0.8351940604432768,-1.2439295391655196,1.939269553567458,1.4448714472523168,-0.3066040113570137,-1.707342980514067,1.1533201518914604
-0.30299058688679836,0.6200960511948275,0.4249960995515508,1.6832490334400922,0.06985647913017119,-0.5883183969733209,-0.6973881466687236,0.6768349692755214,0.7574461702630153,-0.3346885216791977,0.04158927395486091,-0.4790597616969721,2.109219290746937,-0.5942946886120241,0.30378074431920543
-0.033611553577745056,0.1504978197736229,0.01642147981811632,-0.22627350124099677,0.14784500002275203,2.4420049374959887,0.19043312265398607,-1.791628403720014,0.8541097150933107,-0.7872566552614609,-0.3036712143731047,-0.6151964196727329,0.5739859044945008,-0.17385036722732422,-0.5192949721120347
0.2694066706985419,-0.5676549282220418,0.8519168542981289,-1.3905721250880945,2.2113506958789193,-1.0212601798513554,-1.6251922466358042,0.13318189062147526,-1.293503295875953,-0.8634892253444009,0.44330291901189617,0.3248124040842804,-0.4293073092400458,0.3833313987089372,0.6094411033809112
-1.7341557812251815,-0.6773428275075086,0.10526087208557407,0.21317716070518797,-0.712574666482965,0.6649857633837524,-0.21591964659402813,0.2603746502826648,0.09833719710683446,0.547008861421119,-0.6913403724842773,0.412286611784596,-0.4938479180428177,-1.4570195831204398,-0.4296047132065792
1.74523945398581,0.1759967597571074,-2.05370144476697,0.2201297594977274,-0.641219605046421,-0.17575582190498892,1.5188051647059364,0.5614635317498123,0.11324784782000241,-0.2866216925625378,-2.0998958057955006,1.1730259468090716,-0.19508584827596084,0.931174283667559,-1.159822809114957
-0.8086568799887884,-0.01840154087274761,-1.5863672142187932,-0.09828227935611634,-0.11298902817374208,0.39364281646696564,1.064829536654906,0.2941679883158367,0.7439703281229509,1.046709663582834,-2.4510945194974227,0.5542728920387182,-0.5076842391494293,1.2253056025791869,-0.9225603582032412
1.4597891554871514,0.5445418341676466,-1.2077595908310947,-0.11054183181960443,0.9359336401754925,0.5926076642383076,-0.48420581598754003,-0.506968086218357,0.7957279272043439,0.1994647068845055,1.5427959353467198,0.1631188146510199,-1.1484987628974286,-0.11977677162079078,-0.09016771381236686
-2.0748175876652395,1.0168612574268137,0.5176644062833101,1.1484474941089076,0.12020163328578783,-0.587310514502163,0.5177103419419773,-0.6899259430673965,0.2652827999980456,-0.06807800167144637,-0.8439142773164819,-0.5158033324289226,-0.6377793326617381,-1.4654850281417642,-0.31584553399563947
-0.010525106045492953,-2.095077241844495,-0.8834691208288813,0.5889978918876294,0.9808853553023203,-0.12093778115646969,0.10697283944205897,-0.6085298975695146,-0.6602300863660387,-0.10971608934042609,0.18390618798397998,0.7233595802233238,-0.35122115062740417,-1.1635767457407948,0.5915216852916398
-0.12865412440453985,0.1711166077272964,-0.01176150119396671,-0.2463955397635877,0.46352789109665116,3.5685579064783752,-1.8707068131833309,0.08320342229154586,-1.5674993730199043,0.8226022667219246,-1.2665990177592763,1.2359378698559378,-0.0011989373374837696,0.8206358440060453,-1.1781790066223752
-0.4476759228778366,0.10549405545408316,0.5914976653886517,0.6520962381117444,2.065500158584148,-0.10363735392941165,0.7214446893791069,-1.417254531334,0.7755410214687163,-0.40955327153387566,-1.0545736925676183,1.1833869636732672,-1.1761874443409195,0.23786457013299198,-1.0270090823481517
-0.6177994069268302,0.17568240275358685,0.7617888753031297,-0.61220479525507,-1.1447583571485846,0.7175156785136756,0.8416220164494613,0.5121651078042038,1.9492229144334947,-0.6697250678608592,-0.5872659701547138,0.06676639226344738,-0.6134564553037364,1.5282496252269913,-0.3463178115426441
1.5452430447148662,-0.49810702404387774,-1.01429785324569,-1.254586011420634,0.3692290343899997,-1.397367865155685,0.7027639925642207,-2.0881081110350395,-0.6086605507238735,-0.20483174409877572,1.6121906707126576,-1.0210787835405721,1.033874372174898,1.4499346460145524,-0.5720304509983758
-0.6096208482184635,-0.9866724787692122,-0.8472822028815039,0.3825967867466059,0.038146495127236536,0.27899487591336103,0.08571863762678503,1.144975332924855,-0.7998409938236613,0.33775351078521515,-0.06328846019400604,0.38084660192517106,-0.03872108039433631,-0.6909953403214184,0.9830277732448964
0.01575980860243898,0.8925928214322275,-0.3329414622197016,0.9972632515210775,-0.06954758980971622,-0.8441735588257991,1.4610600222980445,0.6295787821319199,1.2115958784081267,0.33905943833001073,-0.3383948311124577,0.7011957751143932,-0.8073955091086016,-1.321863869802186,-0.6544596340846341
-0.6046652906002166,2.0403836856315354,0.4447384287387211,-1.5464235360239829,-2.963647958264735,0.07055871178684489,0.3821531165693331,-0.2089778876950236,0.8765468873970367,-0.9605786691052294,-0.231573927382707,-1.2710496497502715,1.2299747559398264,-1.7238729397311374,1.2691892541905572
0.9127729754490379,-0.9903209422106987,0.6353369963504136,-1.0454407286676246,1.5841581796280728,2.303514234666056,0.959025581133269,-0.7103586442544811,0.3342898434037094,2.1719449455314126,-0.20650192851123877,-0.5599998014916362,0.08581636126455228,-0.9942931501746979,0.4169050059774895
0.3688268487095572,-0.5471526261880427,0.33490295006789694,-1.1130709768239686,-0.1489974231836659,-0.6956668971389323,0.6235377094408511,1.2995735719986252,1.5005782744969607,1.0720722705526664,0.2362367253846025,-0.8967816953056159,-0.2173816404473827,-0.5429217530665641,-0.9429992507177443
-0.5217521246172026,-0.4398110600073053,-0.18126662532354024,0.5395310282814921,0.3207737595479096,-1.0808559378917086,0.07991249421717356,-0.03826102743224662,1.0085767700118953,-0.9067890192221012,1.8626509984645445,0.3195654289276246,-1.8256534983259955,2.1369933224651882,1.9363765377805606
0.59245124517743,0.09912938439021617,0.010747728018654918,1.7799395094030026,-0.8689433081063096,-0.7212621519309985,0.5085145616928379,0.6987910957060278,1.0410795387913485,-0.901624599371096,-1.4672842247555873,0.13108892083165813,0.9345119612301004,-0.23449202816779122,-0.10941088436925885
-0.12514291064539393,0.01739776241346581,-3.100009332545647,-0.6663747769215135,0.6430249757457124,-1.672481922478546,-0.7172054976243392,-0.4432988042087424,0.6874021951795698,1.2706067115752626,0.5881501707861949,1.7660854559715637,0.2784590486952555,0.647985832736143,0.04634818319081292
0.7115134691058008,2.459730455101001,-0.5882219744848709,-0.5814200597941883,0.06189173120339304,-0.845215538826294,0.31727400245858506,0.6642917457869707,0.2480567321037787,0.5104204421771196,-1.2558777006091293,0.5390842713341516,0.15000626921223847,-1.9880139781255755,-0.9881621840047872
0.27199408481052734,-0.8321901635781023,-0.7306255518411771,-0.5400133783246138,-1.9232018796044565,-0.526567481436588,1.7373961792469719,-0.5781743501043252,-0.10808241605851572,-0.6489286393291669,1.2019734115089864,1.476046673823019,1.0226922041096955,0.22788092144125008,-1.1791602234323644
1.59644363571537,-0.5812208853415644,0.007280079738276215,-0.8255165707228131,0.6744793422474994,1.1882463847264557,-1.8109187706585939,-1.1188672256928192,0.37898891831903386,-0.9805732884985029,-0.6510621658947279,0.07498627979354099,-1.4054497649823088,0.6193421792691586,2.423998488091405
2.370727190578403,0.29677001803936925,1.0062744505196388,1.3859469335202046,-0.1572076694704499,-1.9391952604305993,0.7194604597864139,-0.0876740758962881,-0.3366683182428609,0.5020509311619358,-0.8897424365921743,1.3258736423741475,-0.7392043342946396,0.7424396845645966,1.5076159808085658
0.5166090204516524,0.46713181177256347,-0.3542461701961722,-1.09318714139254,1.3572860456642584,-0.5387283227071916,-0.31356669549172744,0.8710290803642369,-1.1889322737273658,-0.41568797696525916,-0.021972542897537903,-0.45921815034386076,-1.0096163722735334,1.3569474140751663,-1.0165758714347675
0.7320336783587457,1.978768353523021,-0.0798642661321737,0.8107837248293189,-1.051906858145783,-1.1782233815128869,-0.5443372076955876,0.52162398248541,0.7761083517078272,-1.4504916700207706,-0.34975236225439793,-1.5133333079321034,-0.6694147125273039,-0.4791630277774352,-0.6956997398776952
-2.2289508755092697,1.0299783508945768,-0.055003133829174426,0.7015216732049467,-0.6146440814549354,0.5035326640634815,1.7080100296468026,0.47003943793492553,-0.21459354673598088,-0.1766342763188785,0.38454617205431774,0.9277357312347502,0.07534247223002172,-0.43644428154576137,-0.05429139021244306
-0.47495480543521984,-2.059522762488812,1.2821099822899482,-2.1051326667757673,0.7417657514941213,1.31964640768213,-0.06090762284404158,-1.0363176639347527,0.42610362046913297,0.5591787173353797,0.5428028423176182,-1.5842910387958704,0.20151995557663166,-0.25793081991872674,0.2625104023656868
1.045657422735907,-0.5666402359450495,0.24013139340992448,-1.019234421904689,-0.007963564848489509,0.8562139670637494,-1.1089672349033728,-0.10071563124513908,-0.22410247648794301,0.5382962150369301,-0.5622017152303692,0.5094745432616359,-0.8367784777256912,0.04561677291037662,0.5525863628205226
1.1734866644329787,-0.6073043087074986,-0.6609945781498046,-0.23179429467654947,-0.5288215708819418,-1.5320722538198508,-0.5682473364910735,-0.8536010167536058,0.2709313785002758,1.2113102705624155,-2.0210479356231636,-1.7719557746423409,-0.9058234903603694,0.8042567477973749,1.2041403660631815
1.916275541251506,1.5900380513216017,0.14886728604578028,-0.38638368836300824,-0.664917103700101,0.4372384878748679,-0.49181324849271546,1.882886951651058,-1.2376924365487911,-0.9172420754216013,1.5551624117064335,0.9842933470071423,0.7920967043115101,1.1285479418307518,0.7760386662251413
1.6482456706307027,-0.5710314597069509,0.15834044686423,0.3266877910193072,-0.7684795153893769,2.235960279238998,-1.6926719677761277,-0.4472019097721402,0.6421507583025305,-0.9545427067594454,0.3099910891822629,0.22831102691576655,-0.7633884929831906,-0.5647334334684178,-0.10605992639276228
-0.31367910121251796,0.7271225068668934,-0.5643367305974164,0.69869618246253,-1.4346782167386523,0.9395280511042707,0.19838666000240313,-0.9521395341395048,1.3340908426118046,0.5625447120896179,-0.37050433121384674,0.9744833577462088,0.8103505755510387,-0.4073635892907935,0.7765975130471101
-0.21428196204507066,2.251037597473521,0.0592860703724341,-0.6529298697009475,0.635897071321452,0.2507006124364331,0.7315336913804275,1.2104018832375871,-1.545702115681958,-0.03743715207969875,-0.5599457730708859,-0.3177028451507164,0.15357956308065351,2.3260241924124525,-0.281486516495773
0.6832514394834631,-1.1846859371538307,0.5907046397100116,-1.6096840634554055,-1.7888495758654857,-0.9933788920503699,-0.5488498550340462,0.8281883212843528,-0.10495314764777983,0.2626084961260232,0.3156151463771251,2.1604791317767718,0.23074660050198817,1.683497940090595,-0.34641529541468985
-0.07039319519158556,0.486208482878567,0.11995755110380756,-0.41975739036905174,-2.0362113229801677,0.5252031185932805,2.0304747552285196,1.6533385020041873,0.6140263116323417,-0.7680586430354971,0.13801137586404755,0.8738974648024229,-0.2792940370745035,-0.33138904093192467,-0.9053681086392209
0.9683692040921281,0.6664584990954912,1.3146392435624743,-1.2384646293301234,0.18966651046811467,-0.3061802583499554,-0.7169175703550198,-0.648012154569891,0.15517443063714093,-0.032823507662704005,-1.9607548997108901,0.7928824081567147,0.23925278802831831,1.4863137200102268,-0.061269178334602215
-1.5295985894269684,0.3313690994772838,0.39515432317176774,-1.131970850202793,0.638245875617263,-1.6780713725407104,-1.574607451160762,-0.8098380937662862,0.1300261642734146,1.489399622303649,0.30203435366136205,-0.08974681471964804,1.1804189656134585,0.22425454417099244,0.4919798734676013
1.547955087746235,-0.26337743440996647,2.41612783492852,-1.079367594525949,-0.9541931794095282,-0.0984683221643814,0.6787671311732677,-0.8223445953427964,0.39289229916585133,0.24189980008593803,1.0534398191830832,0.2140999167954178,-0.06792896102079739,-1.5438481192500118,0.6423073374555044
-0.22994234649724427,-0.05920743694967141,-0.02801825061290154,0.5932721899666247,-2.373000760973591,0.48507536827220804,-1.1446260449040002,1.9520296104577957,-1.496558815825868,-0.6075753367507369,0.6109977295697715,-0.3955711715988976,0.08155319638205395,0.2625700259669893,-1.4750020916679183
0.8607911725019354,0.24737763903722032,-0.625367269430865,1.4036618811993782,-1.1116226758376786,-0.8289425734211847,-0.19718767897197603,-0.9145606925843999,-1.213037083507799,-0.6667687177189547,1.2159474939960013,-0.09036721473344203,0.1396414095138816,-0.9870356875564266,1.7086057065169995
-0.7421329918963578,-2.152368797386692,-0.011999596656189679,-0.1846640457637897,0.38682249507230554,-0.46448573984105906,-0.6611976841762551,0.6031329826991565,0.5162666638606305,1.7386142021529722,0.9946642595035357,0.8778380273283769,-1.9651513874932904,-0.5807164662315549,0.24862897790760755
1.4921109798461323,2.023017939052925,1.4401494004402033,-0.43693654191446085,1.4960982138175203,2.01777971046484,0.23413503517691667,1.3170914644824208,-1.6964624291588866,-0.9254114172912279,-0.7120982921794733,1.3720518261247523,1.2015393026469168,-0.4235158799261955,-1.3523729482019553
0.653672522949657,0.7743718892004543,-1.3121328180367438,0.5194817112116046,-0.0638656266875044,-1.889437869049485,-1.5840668121766315,0.8655995786991953,-1.0346547600799016,0.7961240345526334,0.508012025753689,0.08819130158297091,0.8913900709904636,-1.3221835033656248,0.3025873020065917
-0.32604490949209786,1.306007876091081,-2.243704895532305,-0.6045324429972289,1.2685609715435056,0.6690776976044756,-0.1439376273937425,1.657328245618973,0.1669431477288478,2.6167744584426567,-0.9325285764869252,-1.8897400468115626,0.21068460488881785,-0.9667509121807198,-0.3227343729079192
-0.2468922178244807,-0.1083162471443495,-0.9631358585148952,-0.1451724252084594,0.33740356085302653,-0.39313092564973773,-0.5556778107503358,0.5883100145406369,-1.7155723575109558,-1.2495745178399957,0.8080185556059851,0.5223741481230973,0.7305249738523821,0.024933574888993556,-0.06258277735271574
-0.09333376186612355,0.8753901856788235,-0.2997175249630203,0.8343833158402731,-0.6312506101558274,0.4684324665921706,0.7453500254791621,-1.7667573966441712,-0.31204428801186646,0.43307912239173296,-1.444616698099166,-0.9415672891825023,-0.05268788073424951,-0.7432577949708797,0.48874178214771097
-0.09607297904319996,-2.483370823929111,2.3612131275913195,0.11783011671831985,-0.563022574972876,1.7049863526374787,0.6028705713757337,-0.27169004439315814,0.34115872057184055,-2.1615011490778935,-0.20490707573599934,0.335073972717427,-0.00354297331874148,-1.6174592537875256,1.553360497682529
-0.733836118111671,-0.27128271509839236,-0.9310123670576599,0.41773039523772887,1.7411051947630325,2.157264971456926,1.5334535156885807,-1.1136451467797106,-0.07384080123645621,-0.8460851418985217,0.4760502444285928,0.5742945955493656,-1.211013085085135,0.08952031111977221,0.5548804640587888
-1.6167342023404188,0.25570872063115835,0.7358079901872122,-1.046007465777241,-0.49170442012165033,-0.2089720888385734,-1.5514258537941492,0.5102547603263567,-0.09879490979044468,0.18027601796838252,1.1441792604312793,-0.6262627080434522,-1.1250451004994502,0.4674227145349718,-0.5437765698373924
1.1060303938716498,1.0242358370745115,-0.5463983317954292,-0.4472858429163531,0.4905822906735374,-0.58008540800022,-0.6631120080244606,0.9932609996106575,0.25157668436548,0.02545027976866535,-0.49160004922636175,1.9365710016846507,-0.8253945100818619,1.156500140226943,0.4712825654205229
-1.3998898028692552,-1.2204691703542554,-0.7543216536380851,-0.41947286057738425,2.109731369726405,0.8660523617030087,0.5516290258633657,0.035582753916599374,-0.022201098373576596,-0.7180526415686074,-1.8778725971228727,-1.4706955749271897,-0.15623300600198284,-0.19404075390906056,0.6697882559733069
0.23890450505676228,1.3975167886781967,-1.474523735434568,-0.33080903972292236,0.0050868212034217335,-1.4805672044593339,0.19342816396935103,-0.49107648891223804,-0.780704536865093,-0.43811625570728746,-0.3578756082880023,0.9833161824953298,-1.22342925732885,-0.9945938749526471,-0.10097713003739317
0.4010756009206976,0.4145989705246927,0.35590192499351664,0.34560671508494106,-0.7288987920361756,-0.30218238987509516,-0.23892055734407133,1.1633476342698688,-1.0876053592398578,0.7697072774911872,-0.7904540730665905,-1.5678767637452413,-1.4480024807908696,0.4142920553273829,-0.528326725239753
-1.0906496026083459,-1.1934892990097201,-0.9189111551910074,0.7255140829088377,-1.8396685359789038,-0.12455069078103022,0.2892260944080571,0.4956833847196715,1.084321268866204,-1.2772534090928824,1.130314764286912,-0.10400116338530964,0.4556169907637543,1.615453658227518,-1.9954202596346344
-1.6548433164422083,-0.7162327326606913,-0.19739412049967184,1.1089390473194116,0.09463731984476428,-0.281121947068197,-0.7093890002467225,-0.16720757166652148,-0.7412004760907966,-1.329819986513858,-0.1429780013262065,-0.5980386351818809,0.3183699191062426,0.9253563551699938,-1.0246016728533403
-1.146762907505593,0.8805796131003156,2.4362379934788256,0.24556547161270836,0.37216685385089665,-0.44634338315545646,-0.8167206134486645,-1.1426381602462472,-0.8602087712813733,0.4656111316674053,0.7058352541534598,-0.7374531004259366,-2.221273895381518,0.5767860959707416,1.2207970715236514
-0.4829742630995261,-0.18749995720909335,0.1354677918781048,-0.16894146630364126,-0.17609301630527266,0.19215692151751657,-0.37762701364345486,1.0535214017015593,-1.391838266446611,-1.2148849530589343,-0.0457909818830055,1.4030629643538344,-0.8823064360063833,0.6152858800785519,-0.5178317940518948
-1.6571488643320933,0.2075896398413354,0.06449611440521948,1.0054693488069166,-1.4917548057175334,0.24744421756676768,0.45954964558816763,0.8164903911290307,-0.22249973768171843,-0.3368471658972755,-0.7365290715875737,1.3606888836579811,0.5288302958277759,0.41089663259394094,0.4156075795438422
1.519246105809109,1.1596804916552537,0.601972450157473,0.8306262813811188,-0.9166391063547776,-1.0261242735199292,-0.010702453877177038,-1.4204363944886325,0.4320452598000369,-0.4493759690059655,0.9752647816397855,-0.5484391850423238,-0.7473790905375987,0.2852601263235053,-0.807280918525613
1.8459281723881087,-0.9334084143708761,-0.3784332282497759,0.3485710427548617,-1.6609124224788547,0.08532194937158284,-0.29015235557901903,1.0538200446730308,0.6549611273373569,1.10494277368423,1.6503192544339007,-0.8467985097906274,0.23787531360134942,0.76326691919259,1.3200887161296935
0.035149373995813124,0.3574030056596392,-1.785527744774674,0.8237542397615996,-1.6275380462078495,0.1821184223799746,0.28189568662473585,0.44599982785729353,0.354023048064046,-0.8154813322383861,0.28063794584793816,0.24238106396787173,-0.6642763816550951,-1.4238192266483474,-0.17637104741848458
0.888925375435184,-0.17208873982157336,2.1972854037286806,-1.817060678075358,1.8125214695531073,0.5066271713301769,0.10954227699429728,1.125048803143332,-0.4005423517899883,1.3885870950177563,0.013801237648512975,-0.6379879901622603,1.6779045335522493,0.3899689273266025,1.239790615400053
-1.1157830284878072,-1.4537602423022777,1.7963074159294408,0.5804525236168048,-0.3637039916975789,-1.5325468483066422,-0.9815275571487072,-0.11094996810481295,-0.9832855669371114,0.6128429648902263,2.4603301835467493,1.9571401299227262,1.2184311186903918,-0.248904875141298,0.4897706142937135
-0.02612037932995704,-0.2976517116717496,1.7015633669051202,0.6864439965732986,0.8826507165125644,-1.0817039346287298,-1.8424036957627443,-1.2245874950408897,-0.7447658784266369,-1.5947211947774698,0.29471338935928393,0.37167174501300326,-1.1718562256756697,3.2381651888418066,1.2695534714907868
-1.4021299453727731,-0.14267117159459086,-0.5647417300108648,1.0552260446801316,-0.5785480201545764,-0.33643938046202676,-0.08475444894196132,-0.30379243977662523,-0.739219630938298,0.12493753707945875,0.5027420419637008,-2.1415602929934114,-1.2621766899655884,-1.2026276855929776,-0.09988510712666644
-1.5040111246064671,-0.09718524542828498,1.393121274284746,-0.1092499356086661,0.8486769437841237,1.9923977126069505,-2.1703818468463876,-0.3774348762875493,0.2157722369109699,0.26540565049895687,-0.6903013521568558,2.0188643876201104,-0.4631500204608802,-0.831847762133879,-0.028793390490401694
-0.44684357681123776,0.8628703857578873,2.7240423749247538,0.05893097636168736,-0.9830899041083725,0.7874984465122362,-0.9532733368867677,-0.8785561754604144,0.3437372482033486,1.07730048083671,-1.8705453795865543,-0.14755289709823252,0.20004019085671831,-0.26443205395666103,-0.5411158394869036
-0.6362669027801217,1.680755298097113,0.5642726227916236,-0.7298366122329373,0.576006117945096,-1.1356570779155077,-0.9037013049196801,-1.0813647242221354,-0.46976012528692446,-3.2819891068038607,-0.3479445971553402,0.5031873510144235,0.5336072447329674,0.5829870044330574,-0.3567036085538795
-0.04382928815384228,0.5567880190936497,-0.6902254473271467,1.6799531423490353,1.2162935312696628,0.4741101912462618,0.48434990915117965,-0.969746788606943,-0.8339222361500411,-1.1964204600664783,0.7681730351736841,-0.028445665546095934,1.1018401361876649,0.4017926696341594,0.3168912806860398
-0.49554214927557283,1.236880669368693,0.14971528577329135,1.6124816150235284,0.39868365841721226,-0.4122931719493356,-0.2179638038604744,-0.7045457562686336,-0.3028246385452372,0.41896253717965015,-0.2103778906870433,-0.7038187891876508,-0.04610415377106205,-0.5117437540525649,-0.6001782773440547
-3.093400280726656,0.3207457062393296,-0.28097344840534255,-1.5370838728700862,1.6219183693130808,-0.13620463816051437,-0.5515390296219931,0.8730968477809774,0.2799025191604359,0.40081948189457445,-1.260727752858337,0.18288607368052598,0.799408609690542,0.7198498611974125,0.019509929272695622
-0.2013350720676656,-1.2443220617901969,0.8649058558332207,0.5240887184157965,1.1654668213859354,1.6001440888474512,0.16838647043037758,-0.6534834327393753,-0.6287854892555019,0.1956004897398065,-0.11865920525905337,-1.1646962776892074,0.03875031384915683,-1.0923368164076661,1.2046412490611826
-2.217005295496718,0.5305125384145007,0.26909239397550866,-0.9060061308405964,1.8106847531668928,0.3355644637021985,-0.11479834703984698,-0.8429486879917771,-0.7747642459783671,-1.4668448575411084,-1.6635729958542442,1.3996154702781638,-1.321391994445464,-1.5174319842838695,0.6337114141730941
-0.1425640461840869,-1.2380507231666327,1.800643293396014,2.1258180083070335,0.8255483735203304,-0.10833593922112955,-0.08234624819300483,0.8162290753589804,-0.07008858056165349,1.02749533290769,0.20183101828963812,-1.3774646004029971,0.042035217373295554,0.6449747374405022,-1.432283000886325
-1.022952162195749,0.29610835621252635,-1.5393374178555765,0.09100351716025637,0.18840117094301195,0.7819079744040102,-0.42050690297520216,-1.0191243902561464,1.4146639491651614,-0.5329796491648547,0.4553777893788742,1.2451873089885972,-0.8114865322510715,-1.4095195974856802,-1.4179030691750099
-1.0676093113473824,-1.1740079187233443,1.7163240537392355,-1.0825931798673323,-0.33161217232213286,-0.43038452768892055,0.869903229938493,-1.5567940621946077,0.7213249840323086,-0.3783534825885419,-0.9696468080910765,-0.2549782546703371,0.46821846192648336,1.0347786069798093,2.5270009107675975
-1.141891694252855,-0.007351124022784549,0.27421590630839165,-0.7576892778285967,1.1739705473251918,0.2987499843806027,0.23480655099604195,-0.33673848523293826,1.3520042362109992,-1.1271673937559612,0.5751616077840914,1.2984191993650636,-0.43899350153167654,0.3305347667348483,0.42952716506415684
0.2841373837735754,-0.4452051884731124,-0.9587678751843295,-0.3617633046756837,0.09637297810739129,-0.039308888884059964,1.6050501581855823,0.9353823289609237,-0.9213979629844394,-0.8467931944792981,-0.27631089594365044,-0.3254646008740433,0.6452772858356979,-0.8466574124023687,0.6291750495917866
-0.5659624007533915,-0.6221836062283509,-0.8621949393690209,-0.2941547870829463,0.5132477870624803,-2.202963578559267,-1.8231783122933944,-1.1340063419888728,1.8590255475344124,0.6924470222989848,-0.7366515599154255,0.9430053704206942,-0.30260300983852567,1.145328514415651,0.2357201508938032
0.10496922053003516,0.4272028287295701,-0.9815653449736372,-0.6179480769091624,1.3362286743398877,-0.8369652958018565,0.976569195224624,-0.36454657530216483,-1.1011451037202278,0.6253260894549157,-1.08149372021739,-1.0724079611717727,-0.7551414160887424,1.75791561887893,-1.420539056961425
-0.5263396929965852,-0.8593718490880853,1.5399775217375823e-05,-0.7758254815497365,-0.1649286345286709,-0.04839553307411502,0.5082779974506605,2.2145588856764604,0.5634152214039231,-0.171015528832763,-0.15482588472912473,-0.15795376319715068,0.22117516864864897,1.3896080963808135,0.8762180447503503
0.8073386030060219,-0.4569553463131994,0.02968316982678505,0.9836687582625767,0.06905792087864848,1.7167552613819776,0.46600673032063283,0.45166389445228605,1.8795147592761992,-1.11061892772078,1.570517382941029,-0.2613994466595227,1.205205122332668,0.7913782247646479,1.6947388278036855
-0.6947549503677832,0.06004563268089269,-0.9976875498492749,2.0727019706546916,-0.503374825747395,-0.4300201466476785,-0.7295685087498789,1.3685441656443964,0.2784791004933373,0.34379551436658845,0.01120416722943786,-0.663562424531942,-1.0993762115855614,-0.03897576187130921,0.3438768429114028
0.42379349812481054,-1.7238372231928738,-0.9008420306250858,-0.23354818774400485,0.1614216840487017,-1.37191794695253,-0.06776370058020294,-0.7682005398419326,0.8336398909035805,-0.859402474539538,-1.2887769939770206,-1.4852405711181078,0.528434795353236,-0.24338131540214245,0.3606727831453526
2.0050361823621006,-0.46198370037899156,-0.5264182955733152,-0.2522645508450349,1.307605911707378,0.35034360427222244,1.2495100650395488,0.6493229225749186,0.0039961449004046155,-0.09125524197516441,-0.4595235125887641,-0.3518056996536574,-0.052204410723894416,0.2703067493120414,0.999014955567898
0.594808032618519,1.7838780606128428,-0.4969892370846904,-0.36070420778811485,-0.018266756927829378,0.7745636751094718,-1.757825941457907,-0.22983917175039525,-1.1796667938921004,-0.12390238009471773,0.20684302223254533,0.5618438917543697,0.8410056236598898,0.024963590891454675,-1.0257646082744658
-0.37451971804595696,1.4569460628927038,-0.11390986882027773,-0.37167344311492034,-0.660921999949487,1.2674781351510849,-0.09435713383724541,-0.09340480593892665,0.4502128211428897,0.19575023504824726,0.3547462200623596,-1.086144510682027,-1.5517527012719567,-0.42132874482627347,0.5199051936871253
-0.6364062226761619,0.45523919505425303,-0.47337744338088156,0.33074074530676156,0.40598389218368197,-0.8720191339087998,-0.4710407851470288,-0.8213308082228201,-2.841327719213616,-0.058563570580034856,0.19696904643601762,-0.10038937197697557,-0.9985044457865108,1.3243206926110604,1.412411988124183
1.0741026613918017,-0.5315767274040895,0.20320766546429925,-0.8990766842794409,0.749149058919658,1.0340335664390525,1.0895607053382148,0.27515987821046256,-3.3745306284873404,0.8477304140065992,0.11964834552922496,1.8857497460435486,0.3158979952113568,-2.461642428716652,-0.6650484675818206
0.06757979211457948,-0.44937507998870996,-0.19191262021701957,1.2109837752123116,-0.7524317523706165,-0.7023080832398945,1.6622317045051305,-0.7241966318516403,1.3578611069804314,-0.5370059513835335,0.6777256022464245,0.3366399369198513,0.08665723430774692,1.0666238262752146,-0.9886450993519874
-0.4256281024077424,-1.0647597430545597,0.30570772203894253,1.4198501475685645,0.46607208395777566,-0.2208994221195512,-0.30948319953205233,0.20123163686002177,-0.396769256712528,-1.0039300544140835,-0.8387633404352823,0.773444740490052,-1.0669886958941404,-1.4320134808727853,0.4460679138904368
1.2925130067898878,-0.9533672439427833,-0.8282628838297923,1.2473825009048327,-0.8114035219078707,-0.7533659862797831,-1.1160782888206418,-0.8938618455247704,-0.7770077034702583,-1.1412131217925086,0.5995345940311055,-1.0453014739691113,0.080554399300125,0.6166944995286439,1.7519976050115766
-0.5244229670015816,-1.315893852863046,1.187961539364121,0.8601990459113955,0.2458773865944426,1.0858170579950237,1.1959520835424582,-2.0758975700364015,0.415042582243545,1.336262088118268,1.1123865221234894,-1.8912535709608225,-0.5282434122500552,0.4186678060338975,-0.864709888191304
1.0193092210769041,0.6374244584615978,-0.08315227563814702,-2.1721825663568115,1.4872606032784192,-0.17138072276573435,0.9763150965261664,1.1936219547825884,1.876453603420735,-0.7969453005304459,1.0032874929041962,-0.17794311319981965,1.3680987235038389,1.2130481443603456,-0.9835198981671488
-1.4197235243629147,-0.47751985233858923,0.8084196936266953,2.1202326980202297,0.5880259027896694,1.0324439132359642,0.6016633511385766,-0.6160085713457505,-1.3563393875538998,-0.5573335050566849,-1.2078651750516882,1.0648976452100343,0.9453377477799391,0.3708016304839357,-0.8202995216508462
-1.5031455593241967,-0.07315891870880664,0.03261159585576552,-2.3045832899178236,0.7878387044557241,-1.145925002210212,1.519446201949067,-0.028764395547398354,-0.1600923565887944,0.09302708518363265,0.3775732611837993,-0.08312399050810025,-0.2948399925782636,-1.538357304284227,-0.3910461316165751
-0.601576806587386,1.1751303358274585,1.361076909032183,-1.9785517681173204,0.7870557785075355,-0.07202355156178512,0.3699548386150329,-0.030189429925471436,-0.2512359775261875,0.36088647490599957,-1.0196225415969407,0.7798207043702282,-0.12102757045170087,1.5725154006103919,-2.3228238625683275
-0.11190381957436032,0.7319330713071942,1.7032865519860874,-0.1578700853760813,-0.7435511043176745,-0.04886874569309437,0.5378889652531549,0.7837765746593028,0.5092213837143265,1.2880030359798125,-0.35567755036263166,-0.3072502306608669,-0.3931330366738419,-0.03963466490802817,-0.8548017316280317
-0.16447638465897638,0.16020571996463873,0.16344849662398994,1.682670833564378,-1.3001890739635182,0.1201322508197153,0.18817457663062295,0.7765245894821051,1.0263279693993772,0.8334000536829437,-0.9574921891075742,-0.28865299196218025,1.797967020827506,1.0007372680905033,0.6423387484119134
0.2284777726893367,-1.407621410113185,0.5555130973282388,0.028252589511982094,0.663454727541984,0.6716969050101931,-1.4352830010051014,0.7673990694517342,-1.9131543004653144,0.14908211802835658,0.05433876591251936,0.1197504261056781,0.5791887062586194,-0.6621731012817483,-1.3240162682183325
0.06214426262549924,-0.3102510028912292,0.9042393648663003,-0.7980990676149741,1.189425619134344,-0.6877779814051116,0.8199706708538043,-1.4398842864471486,-0.1800467821786592,-0.626804553169611,0.38950881236261786,-0.0949240606453313,1.1294160348979245,0.49382547701425955,-0.04444482930463531
1.8402987780425073,-0.6860704983520671,1.130851365341912,-0.6208905706314861,0.42874559428408765,-0.5573878573571561,1.0369784489029663,-0.16438841239284155,0.3235286484624201,-1.78412742729045,-1.44423533826022,0.12697885464677874,1.2314196129275754,1.0763074923365192,-0.3047032275428806
-0.1491300522058067,-1.4289493825173303,0.7332587896510899,-1.062782809085163,-0.8436274485217433,0.2988516326108253,-0.38842802486937705,-0.48791784269569904,-0.589649263252526,1.938909577345208,-1.1010337931142262,0.7963858828218371,0.35993431400912235,0.7196428242545223,-0.5025864132233541
-0.3224094754947288,-0.7418232245694678,0.8469367249012776,-0.725238914883391,0.6707206336212178,-2.11258578792501,-2.2441914450964817,1.9061752310014328,0.22371461618864444,2.199143914554602,0.5570574063659052,-0.3549723766755092,-0.34684736319364234,-1.6270086826595538,1.5458945073678219
-0.13009131874067253,-0.748678034556796,-0.3451211010060321,-0.6390000594257204,-0.9863080399458949,-1.8228941536379397,0.30011132936232826,0.4936974166226331,-0.3925045445386895,-2.2450554409853085,0.31879462594828356,0.299133252972198,1.4812973423362787,-1.634761622214833,-0.8967132172628611
-2.7687822896688457,-0.9897541340703065,0.36231295367426014,0.6278246486440583,-1.6894903973584467,-0.9902177307616982,0.023951498382120476,0.36242589093296584,0.7663541210902078,0.3790314145388183,0.5269210057106514,-0.48893340754938197,-0.9574202190535651,0.04106783926126485,-0.4833495507565185
0.914473499769983,-0.7770750166447833,-0.7310306763125125,0.34593536734113034,0.28117845666392793,-0.7704748732880844,-1.4273356714847811,-1.861038134275324,1.0061243356423284,0.9843298990013936,-0.4577961354450854,-0.14267133785712247,-0.8287746017552242,0.28296992866352494,0.3302084209086795
-0.13445175418505517,-0.0020561263881513398,1.7303808853330465,0.710831313637255,-0.18042466524641151,-0.48785876345941775,-0.39867156679619603,-0.7021166093646684,0.3107508991344604,0.6963168539154446,-1.5021842480243612,0.2023681104351914,0.38910837256049213,0.13877035285931405,-0.13233387738788585
-0.2724540186243395,0.8634865880206452,0.050918058615365136,0.6593511258405669,-1.8317797267105143,0.1319820305855618,0.35026533026448414,1.491953956148519,1.739599246303367,2.0585886923086436,0.8826369555292497,1.4990350689338858,0.4514383195275003,-1.6176373525799324,-0.5749275890094661
-0.021328512166688768,1.5993868481899276,-1.0398748954373311,0.5740783773956294,1.3236958584049547,1.3596331083120294,-0.553325414829605,-0.6265251386488221,1.8967473575808897,0.3855054569286616,-0.6191707255669633,-1.263120862249295,-0.6776672802281466,1.4574895601516291,0.28865526680938314
1.054418389222849,1.4207014395539872,1.8955166864436854,1.723074044925372,-1.6459943392943204,0.17692273391675395,0.7748711166286473,-0.24918065854373453,2.1104821044973017,1.8916558286524021,-0.26840490415275814,0.38433966303168354,-1.3341879095674112,-1.2794736900283958,0.35652383151062705
-0.8432715436999096,0.5134540231154248,0.6456740069469336,-0.3218878958012603,0.27999711204686817,0.9145284043368718,-0.6256943678512483,-1.0481337683058674,0.446705382450676,-1.8219771377796747,-0.43527750003306687,1.9946695597356088,1.0553534621967555,-1.3785240719302951,1.3148896360123812
-1.1115406642868086,-1.50017224222469,-0.15071590585750183,0.24992919336784303,-0.9224636403821203,-0.029109654504597918,0.3468904653854056,-0.771602763071509,-0.8773017908019484,0.45567492359974926,-1.0845763264108517,0.1620684017378381,-1.315496756687567,-1.0970113105795498,0.06272520856344199
-0.0980224646629264,0.4209311707666927,0.5889849853639275,-0.5921873844593053,-0.29964130113824067,-1.4075944955084123,1.4683007455367003,0.15167658338137688,1.1152344309934898,0.6301763304202018,1.3313369715483443,0.4053501415162591,0.21174283347955833,1.2544708447657176,0.1896036351474849
-0.013037802162612739,-0.5504970519851891,0.6115217127197146,-1.72488230991043,-1.5711032439956139,0.08076952529632357,1.080363512405162,-2.0734900130847556,0.8005365887671293,1.6296481637619342,0.8338020361065394,-0.09587661711140111,0.5385065423310179,-0.9617432989681075,-1.0046244418253072
-1.6018100602467136,0.39723784950222196,-1.9546422928300584,-0.4516745572872818,1.0215893217807415,0.8680900839237738,0.18715189177970856,1.2467059787742543,-1.5319683184836088,-0.319428514388562,-0.35864327691101827,-0.7511952160210345,2.760771195404977,-0.9349628631807239,0.548106991391648
0.5091289780807323,0.8884864298366008,1.350358114878691,2.2895302875099133,-0.2956444347036654,0.40156588592790327,0.07039532491408557,-0.16287260779714843,-0.1541792266534107,-0.8087718619104796,0.21508646662781117,-1.6621213534907404,0.8798842330867481,0.5253051188719166,1.1123155013586112
0.13919980496730514,-0.3016818150072533,-0.40659794996317566,1.7406072496042384,-0.21574048630101658,-0.3148910204720547,-0.5360623076255411,0.20595751397270753,-0.26548209246562937,1.3109387426182497,-1.1841257135929524,1.636920574414025,-0.07891144638819299,-0.1782023562981779,0.7147452613297584
0.4662735666491925,2.282437201327157,0.17143058067803035,-0.9063044139790597,0.9158701568850395,0.8531536869994273,-1.096116041381702,-0.9293161498479083,0.456525980126328,2.2943708016250803,-2.3321432343515895,-2.201646750318461,0.17525342061264254,0.3805775601730996,-2.089384176313973
0.31300593224535456,0.07277277229356299,-0.4708891228424126,0.11391025421227466,-0.43231853240917134,2.2391983818812626,1.5703954920281313,0.13196611135245012,0.26481003845841783,-0.9305338353298498,0.45092329271665604,-0.04523248770438404,1.3451000523947403,0.1603838916073014,0.2668195379872643
0.8860409087144065,1.2382576746845728,-0.1405827539595823,-0.6886997126703397,0.4137584062987004,-0.2676622724247455,-0.8732501787510003,0.1963633290660394,-0.30041603127840905,-0.4369219673646003,-0.9703636741423192,1.1779480529614252,-0.26811242272103547,0.14720027882768028,1.2237993606161368
0.8766420524741408,-1.540053266693328,-0.21326825913661548,1.2546061259713464,0.7757921916365311,0.03337370410969981,1.0622492573898954,0.7277989601038305,2.1860924457515694,0.05955762710222211,0.793367473862731,0.14078652964301683,0.08707806523903394,2.278728569416724,-0.9933447020744332
-1.5292938978286272,-0.7363999633640225,-0.2170428427718456,-0.11938815956358706,-0.1637047494703964,0.006533407988487848,1.2283233881889017,-1.7257813580562253,2.2225436103344625,-0.2814036529035402,-0.2096203490890194,-0.021305469524894625,-0.9553418171354315,-1.1303818852913239,0.6573113491209052
-0.06026388536427006,-0.6800246203742716,0.42388310712183586,-0.47919359788079524,0.19647054067669312,-0.13021661165610643,-1.1571795294567495,0.2630034983801325,0.2102253556754451,-0.9633113418515874,-1.0414978871758183,-1.4599982463561063,0.6255935002408616,0.895947899208007,-1.1996480620301728
-0.9931116646711886,-0.8222500159612246,0.6886095396325284,1.2734052681930819,0.7377750438401979,0.35495248439955385,-0.4974173244350719,0.5740344853543737,-1.6418072499392333,0.8568338822006039,0.34708191254468473,0.2823555460656863,-0.38337099042209055,-1.5250872179124104,0.9080550866831963
-2.295877258502227,-1.8459813146121358,1.4201144713482858,0.29256451803701944,0.37760192453920616,0.4393408948696875,-0.36464576588034336,-1.8816516302605595,-0.12696868320611562,1.2227250176637534,-0.3205004107387312,0.39394551274381917,1.174180225043181,-0.597341202699211,-0.44311399641819577
-1.0701946864347387,0.08546194015192765,0.6840086682392358,0.8109783587897328,1.2185924596591287,0.7153258245259484,1.1424979806577176,0.1572819392797079,-0.34579637772559946,-0.9664718173833424,-0.3986494832206009,0.8603078880602194,1.0131607348586578,0.11838070800119335,0.6049072186814616
-0.44602598325740667,1.8158127018177128,-1.577414712951673,-1.2218465175868147,-0.10448404189751571,0.10516704993876702,1.061832546494853,1.4829244357507616,0.41669438907903433,0.797303298635183,0.3401396931391419,2.0830353694388815,-0.3399231312303855,0.2661952079292569,-2.0592654388042044
-0.7127166073512059,-0.520738302284696,0.0012130427084787341,-0.8198008537956252,1.5352397531604318,-0.7023056477080482,-0.4714760894002624,0.05341384611050772,0.6486946231758794,-2.69787130231728,0.4937475079569354,-0.5506836760579393,1.5296744690504787,0.64231240328125,0.3623960696640138
0.8943715250818935,0.9834977308104089,0.16069804334583562,-0.7218459551402262,0.9739611069793245,-0.19246880950289721,0.4866837919484058,0.4383039016313675,2.2390117572890804,-0.7948236509086924,-0.4738483062979018,-1.9129747150398348,-0.21818684748372563,-0.2719435146318332,0.3228519231623043
-1.0455055616912683,-0.11506482226958258,-0.27088740281968826,-1.5266309596859136,-1.0509379187469998,-1.66320437551748,-0.678206553253516,-0.43532158233334456,-1.0494079244210974,-0.5275182955929597,0.5774868851426209,0.30202007306672124,-2.051813541225984,-0.9039101620475009,-1.8505105558953066
0.47051761623297694,2.20924070027547,0.4756221135511273,0.3678048260348866,-0.26481680122410206,-0.16366785920294732,-1.0360147053003477,-1.1997727256134287,-0.8892307475816591,-0.15715014395021193,-0.3238827011623585,-1.1955977213171636,0.7978734059061371,-1.1323186845754576,0.5008910734329783
