-0.2046700411107557,0.4620032249565462,-0.3447356125444136,-0.5906642938088023,0.5135133462471707,-0.09385788041670565,-0.3130002961080903
0.9215490144332582,-0.0873681391997198,1.695182922447458,-0.0648117903266512,0.9009301467958024,-0.5968733381798935,-0.2948268295480344
-0.1479516957036511,-0.7288154891024488,-0.11770551878371469,-1.286389588499095,1.0172836744244171,2.1738123663883337,0.668640478249247
1.1127540606167001,-1.7336855868279815,0.5300444238419507,0.21499527798913579,0.24053196653240108,0.8057625741175506,0.05909306426798911
0.042810886281744544,-1.3689271964523944,1.1163717902880914,-2.0056785931394643,-0.8493761063572753,0.09595555358061976,0.8426995878600423
-0.7052794146927125,0.9638908600636531,-0.9482743562143657,0.4441377519144246,0.4058919313370431,0.6192401111613587,1.2454309879516245
-1.2026988668080496,-1.0926658533780833,1.298511779454234,-0.020556493009219766,0.8836088790089592,0.5129764428591466,0.011879722499870165
0.7657998877598666,0.377711098924038,0.23497243938454176,0.6287204627569846,-1.6125378819477587,-0.05261626920892078,2.4463710037619943
0.3347014481495312,2.3248017230207627,0.5427512012068769,-0.025456804338033635,-0.30582265061586167,-0.04402184457053544,-0.646131778376225
0.6068166636286744,-0.16960554232378047,-1.5899784009150617,0.6755112889358337,-0.27873371238592326,-2.190214771380734,-1.2788056696062016
1.137425096518221,-1.3366388997269447,0.4909342351176598,0.10708995189665557,-1.305686279453984,-0.6602681146360647,-1.0747349961783625
-1.8815323373829536,1.1934824717295616,-0.19254702997664544,-0.06130904953414591,-1.7305446389000916,1.1215037374138486,-0.24609273818008123
0.0342777233953374,0.029842844203006723,-0.3466081219148285,-1.8648836083131126,1.6385484723501864,1.7213661824952782,0.7940619608383813
0.41657777161526605,0.46235951942618214,-0.06313806052285792,0.5107843470612452,-1.0547244519817216,0.8542045308396731,0.16811385742783477
0.4199862961234721,-0.2829227816954335,-1.114716500557844,-0.1875670873844742,-1.502884016004113,-0.5460463401232428,-0.4621744265676802
0.6552060407403562,-1.5986091099454665,0.6736459444580609,0.3798009217228291,-0.018370344787112195,0.24794315898298044,-1.3667255408429613
1.2129920973951773,-0.475432324456603,-0.3864446843284511,-0.7367591071399722,1.6680390432901104,-0.35792190692944953,-0.2627213448106031
-0.7231764420945508,-0.5123459539174727,1.017426326371358,0.1565598038647322,-1.0095398187945825,0.6656996174130059,-0.028474233336481383
0.04547635487325496,-1.1255541006314016,-0.9240611037209988,-1.0279116879729384,-0.5872677433755957,-0.4411941343621316,-0.1015427713931802
0.8529153983986563,-0.404776059040513,0.09713051748322596,0.24300110794438087,1.1097143882474474,0.4624258230128119,-0.7669969253966773
-1.0487194912939617,-0.20272253410450228,1.2053464553426085,1.2670778173939516,0.6220816078458603,0.2500222762030392,0.5150592553664165
-2.0073570814278767,-0.8033889981972466,-1.7762874452044275,-1.2460235802232589,-0.416045012547938,1.6132344366691138,-0.9108940791526073
0.22483848053068034,0.4046705666722582,0.16709678229082073,-0.652989450503931,-1.964514590665376,-0.045776654398622996,1.4716112557242378
0.38869739977126794,0.6792054133456054,0.8985293899752695,-1.2265981400796901,-1.5087954909714085,0.8407039492418841,0.37564220528886694
-1.495415450907097,0.33145750911777855,0.06797790600941676,-0.21780297577236424,-0.08236025935859771,-0.651705949922157,0.6410618529982622
-0.3078187043126859,0.08301335901491008,0.9271130729976266,0.2793883940943013,-0.9098124125088273,1.902622451012627,-0.4607308616860465
-0.4373162527491565,1.5709982658332498,1.8403499213913015,0.8697108679279563,1.1599570620409934,-0.06682208841849183,0.7282975408922092
-1.118618330659858,1.0111123061333764,-0.6165980865850424,1.7055206092013122,2.5514034706300945,0.47305784679257556,-0.5405998429167651
-0.1820620768991606,1.9669012472703071,1.093804456055617,1.061089854037641,-1.8007876351834462,0.7049262254977142,0.5021353812861881
-1.4168132582596382,0.4337347513678093,0.5642288944624985,0.2063561625771076,-1.1750399661136952,-0.0066425346802204644,-0.39502985369520816
-1.21348325021597,-2.178646826500955,-0.4640885771452849,-0.4897026635761071,-0.3404317867598396,-1.8361370856236354,1.5341648048881589
1.295650508344999,0.030785612461292015,-0.4255864527321767,-0.884339021090413,2.6772855967120224,-1.0104045308846614,-1.2128291481441682
-0.36035650599444424,0.7448633643404866,-0.2034028509075993,-0.5481473566746955,-1.0015024413488773,-0.250543439487939,-0.09244372139258256
-0.7729078740828188,-1.4696956647634805,-1.588087507463263,-0.5726128699881321,-0.07219596455456986,1.2307760191422472,1.3744215151232373
-0.4029343992866109,-0.2635267415843085,0.4977754317751485,0.47702875917927284,-1.4652419038379694,0.5095481116031292,-1.4313271574666744
-0.37416202641816104,1.276654189666741,2.3609605585664717,-0.815215872790575,0.682677238294166,2.248118144139645,-0.8769380184564691
1.0696030919873731,0.27535449435597903,-0.6389777869880914,0.13194548087990832,1.115399320288078,1.5553492729983927,-1.2470894218925979
-1.4297176046940498,1.1692669448664763,1.9300224991022739,-0.97966848523825,0.44230927244276375,-2.0806775132846402,-0.9930136194904711
-0.3734979935565585,0.605991799136462,-0.5319827569430908,-0.772676746049688,0.1151804242130913,0.9957774289555777,-1.2685612447153696
0.9732077613129132,-0.19761095463153738,0.31686618035583985,-0.8474601250622276,-0.34232071521008783,-0.6616935328719756,-0.41339076439264655
1.706702803178832,-2.244407169169382,0.25089878358451706,-0.20320316701113195,-0.8259343456223047,-0.3517570387430407,-0.2569259504342798
0.7269673835761788,0.7515172188381144,-0.3516135797956044,1.2804250231311787,1.2133180578816112,-0.516228170067851,0.6441701000245599
-0.7292829872940316,-0.7387202343564119,-0.6322375803537614,0.07279559745776377,-0.4344354512997903,0.3843951856216076,0.7917156143290007
0.8230344141249967,-0.9086449593857103,-0.6177451272609795,1.9702483654731944,-0.8365792858893343,-1.8275179431600013,-1.443721181989862
0.8311602705059946,-0.07645978755417236,0.26377980080795455,-0.6875878837368177,0.363902283201619,-0.9505405626045618,0.921132680648476
0.7546547504386961,0.9033222393447107,1.2792782218014076,-0.7462723782076172,-0.35941973477140765,-1.6737373544921184,1.0406968618506278
-0.393338349372133,1.014794788878629,0.2622140788339964,0.2740525501222212,-1.00840578238623,0.5315817787747757,0.5142305510238755
-1.138314688812304,-1.1308126014452053,0.5726264732583145,0.13042924481346202,-1.4733490384890542,-1.2631601066552245,-0.2201246326222547
-0.1852757607170945,0.24171329064291072,-0.36590287736486726,-0.842865851853257,0.4664138562647835,-0.9950462632870857,2.272383282472931
-0.25252510311030496,0.6812279685282877,1.0453509613347296,0.5434800582809827,-0.23754324407225297,-1.3328028547795907,0.3776029245126382
