-0.4982818990696607,-1.8208186310070629
-0.8823334673385765,0.5623599890835097
0.05327301823897112,-2.123093293284286
1.0881117055901321,0.7644980710746782
0.8251253686709963,2.123730284382208
1.7364777662764492,-1.1712661771340864
-1.21544412436853,-0.8009936670743061
-0.4017232216396181,-1.4608714990050524
1.7028623712912334,-0.5670392749758518
0.6804115398957287,0.8184156987096608
-1.186923384632214,0.05967894631120735
-0.06655753951913689,-0.2056893804479003
-0.04326229291158408,-0.017371482564145696
-0.7976625167668671,1.3811513331066696
1.7149689115249063,-0.4761302824349752
-1.6694420880431242,-1.713288743335656
-0.72864572885646,0.8082488143760101
0.08640679561577416,0.44443091533605367
-0.15892209373059216,0.5547873619521716
-0.405944103556926,0.7997131849956285
0.9325796498702356,-0.35626420921052926
-1.0186665655276896,0.6951310117245515
0.9039454375021594,-2.544351350763204
-0.6071633128958571,-1.304388257805489
-0.5807916032333328,-0.2877224551945787
3.1900200638764296,-0.34139132849772624
-0.9912700444759266,-0.613292527215435
-1.6679338871743266,-1.0331963361038945
0.20448786369931693,0.8367837701004486
1.6291536095012933,-1.114828611124682
0.5607583211926115,1.3461498341654377
0.7350823118748895,0.3010421083660208
-1.2179465684132096,1.4265363089810859
-0.6388576383875214,0.611915335194904
-2.3814558267292782,1.445734258348994
-0.16489593812610345,0.3989342745443176
2.775512209061585,0.8192137695949445
0.28716692023226464,-0.3180096175717015
3.45414889044063,1.5932980807810915
-1.0381770556774519,1.6824687171963935
1.2026929675109597,0.664711017949175
-0.4855319370276725,-1.143249358390657
-0.058599084954775185,1.2917911233550559
-2.2512279950562775,-0.012967544864352832
-0.8182506946956576,0.8593568415948567
1.7600782299199242,-1.383358274330599
-0.5772034057779971,-1.794843469876457
-0.4728673525610028,-1.001281972391452
0.8829357520398179,1.1417785064085988
-1.8029028038789645,2.0233069516518283
-1.0363657716313286,-0.07341564757571599
2.349127450790607,1.617547279452298
-0.4698224919027718,0.027126307137547295
-1.8619532968162258,-0.2290816541342646
0.0392937478669208,-0.15024231049634412
0.44787066090353395,-1.8279207000799185
-0.9866975934278941,0.24515100194381373
-0.2004619606173258,1.4621971391462685
-0.43418383628065865,1.002464835734561
0.9286719371929036,-0.07332444383008478
-0.5884673430760988,-0.9576651861419653
-0.21073074432293093,-0.6289378855850035
0.5484997010661509,0.19289244837492453
-1.1669191983563678,-0.651685245989087
1.0903908302999579,-0.9727383742786322
-0.0555999545062105,-1.889354468373662
-0.4725884192894598,0.7006935994430439
-1.8361136888931744,-0.07065944077178304
-1.5047979861821443,-1.173806624083516
-0.8340424237406571,-1.533732023209562
2.107739509776262,-2.279574193929319
-0.6497491856745254,0.4860422564070546
0.6137480846561246,0.6206882832686578
-0.09083520010229337,-0.3934182571290526
-1.5063634266357617,0.2883485564928217
-1.1034805818781837,0.11599336058026166
-2.622472123575554,1.6549063814506169
-0.24231223774390637,-0.5778852425918954
0.429047255644738,-0.9331790617903987
0.39209836234041506,0.48201904749537394
-0.7204302993555203,0.976884139646728
-0.676352647587723,0.210778946287332
0.26597963641331596,-0.6925754830936955
0.48239815888662363,1.2710905334427829
-0.11420835268336832,0.68168626565276
-0.23266301956269295,-0.10987437502047846
-0.3009761749265892,0.729432024071229
1.4670935515211507,0.029851598885975723
0.2808323971304471,-0.8165276453073463
-1.4255930125408551,0.6661393297643653
-0.6280171618748013,0.8012589743947547
-0.5146070708560733,-0.8228719018849135
0.02541758206003621,0.3317060397836401
-1.538887853953659,-1.268113158144212
-2.15730199801066,0.07744546315636036
-1.4852383068354116,-0.42745416753105364
0.5692227117963136,1.6596580951957092
-1.1063807524653073,1.5722667871255989
1.464559983928389,1.0589450253314205
0.09297337967809452,-0.662661504343109
-0.6208879302754854,-1.4592712535059391
0.5128458461217718,-0.3509311681125811
-0.13420178092653906,0.8793995521717134
0.8627263650993484,1.0136316705405854
-0.9070509091358293,1.51969711975265
2.0823881913679543,-0.7855951006445137
0.6567130098720233,-0.8224068423887069
-1.6459043173738024,-0.7600231791314115
1.9511324889103618,0.14448314694371117
0.745031559466378,0.023326063625320137
-1.3554740210550682,-2.090767021168514
0.14739954745351258,-0.9520588498208109
-1.2153766239621815,-1.2216017299471198
-0.947494789100582,-0.40335828907869964
0.3711291812783349,1.4126011713140156
-0.5353579760322986,-1.8747418050103923
1.0828813209018398,0.6369154365556706
0.6088023816660675,-0.1581942884683926
0.0685935037330365,-1.3728805359765608
0.5290278995916567,-0.4331811478695089
0.5160109567431007,0.6612529588228844
-0.12280738839445599,0.48856018708755433
-1.2055183508284886,-0.7610434874263267
0.693701412430264,-0.3502006513048715
-0.4504538606364657,-0.28343673950973763
-1.5079011181664008,-0.8108827632757055
-1.5911676398284886,0.14722341155415808
-0.09578912814044559,1.805170168075956
0.6395042716737457,-0.0901273727480851
0.14168870440291767,0.6100303913069531
-0.4873187718162583,-0.7596311221483443
0.8907157486756069,-0.18789983602426624
-0.690602746502741,-0.829989369705408
0.827526447119992,1.4026753665977956
-1.213785298963169,0.5908092539125106
0.601096774659308,1.0750166503542022
-1.4895860235653775,-0.34713434768662915
0.2439258839687034,1.3660669669564853
0.46971367460638097,-1.8005212246319051
-0.22815717268882038,0.7743973721251437
0.8762913481186118,0.4860697404368084
-1.4346912443999285,1.244662193866911
-0.49264230059787417,-0.48618975931164726
1.6485718650578671,0.6627579896705292
-0.5331938710305679,-0.8865835194588273
-0.17172849150075248,-0.5308980847888976
0.9420835162407714,1.0074237852610972
0.15289374544132783,0.3134447253303572
-0.5919881017740432,-1.9668840627379318
-0.10586923664754412,0.014464933822800492
-1.071107858243594,2.148310322140061
1.1857069548842076,-0.5996831374681586
-0.1464918282414329,-0.17835673754355513
2.00394467876984,-0.22891403076188624
-0.9579089673895566,0.4235307590655178
0.8715758226032878,0.8154315833821856
1.4752598302211117,0.07421708976379274
-0.45016940224503066,1.9483957617579473
0.00971333249430563,-1.5812186644764277
0.9670726327415429,0.11803227442906815
-0.26436437387794354,0.20662267272972662
0.0025162298918965263,0.04757968335965298
-2.0067088655974734,2.0217618304872707
-0.3987328378290683,0.10669320423524918
-2.14275689018347,0.6217676370316164
-0.38730985736922724,0.3683032613182147
0.8357944928283201,0.7444630168410333
-0.06932763533807182,-1.5686511430061458
1.127366858751328,1.482558125561427
0.08195341844058243,0.20712364533689503
-1.2685973094139094,0.3653959385721834
1.142652317687954,-0.19076942876323144
-0.9258359342090255,-2.0565823757171464
-1.2109086567763536,0.8352939982046583
1.432467385732133,-0.3288402122242729
1.6362200037679508,-2.086868742999896
-1.331447803064973,0.37494518512696406
0.7126672464287319,-1.370374105946603
-0.6527002469772122,0.2148812170045262
-0.0013379309862630664,1.4424135604611938
0.3882172783322367,0.9829382348211656
-0.9650446380683618,0.9020929176389022
1.6587322918490637,0.2135713899105399
-1.190241626427356,0.8091035388389096
-0.26629244263107194,0.17246987148728807
-0.5209394882957161,0.16383111107149065
0.8194239880419303,0.42984075884094197
0.9271661591903048,-1.2861525161344305
-1.1880480122372645,0.5225747220712924
-1.6974932568039218,0.45750837036912384
-1.3402024059330164,-0.7462507270389398
-1.3873683760805493,-0.32869750374042506
0.5192062198683778,-0.4031697380066827
-0.02084941062924942,-0.48329433573923747
-0.6106378083738667,0.37982952969255424
0.5035272030452376,1.303410227978511
0.37216577750487567,0.2850609954460294
-1.5422388312097373,-1.0107385156210078
0.5248705082052061,-0.7064187146010674
1.1332115665155174,-0.04457716461542106
