0.03622670716042755,-0.5386244028599916
0.9102382404875816,0.12941065241403157
-1.2776943689184113,0.5427437562428823
-2.0732424922543866,-0.5552028708807357
0.14549060602860536,0.0023544547365074685
1.2906396111062124,1.2115670409581651
2.411907046654708,0.29102135112906036
-2.70973856420501,-1.9779903914800083
-1.2140285885672768,-1.7090406226391397
0.04993959193933543,-0.7961220894950051
1.1952835607090355,1.3645110097101871
-1.2520776363877382,0.33147830696737896
-0.7635741576825228,-1.8943313516537295
0.20507538921413193,-0.2945848431467298
-1.4648058414094423,0.23978098674440101
-1.3894501324149766,0.025665911521522995
1.8202443575501503,-1.4396030721883706
0.8284618329900656,-0.05800279023420786
-0.3968972169943053,-1.0889081649315497
-0.8910558438198312,0.5111029635164809
2.2638289929365207,-0.5493310822248187
-0.8522371482532238,0.5005176565212438
0.2653990332181,-0.8488394927374117
-0.05575674769875629,0.4171732406144205
0.6379089278639656,1.3598125385423996
0.9773380864918545,1.1756044775437327
-0.592307836541609,1.0668721831179082
-0.7537895206709205,-0.8353709059812271
-0.4692904353430672,0.7353457125608774
-0.5900382379886946,-2.8300130615330064
-0.4854895146848962,-0.5115677261706044
-0.24668929998552344,0.17456320541832096
1.1087504727389228,0.5046077494009075
1.1460209483334263,-0.5568868540372666
-0.625502444808742,0.2222559938387953
0.024645724343913274,0.6508451029149521
-0.30157230198477536,1.5068267378294917
-1.1689769357447883,0.07476668844727136
-0.5138572019995871,-0.2169579788501744
0.32102187283495043,-1.0394912667567187
-0.2056921474201291,1.6160247129215304
-0.2978027638096116,0.27194528051380484
-0.4014247255191586,0.216012449493367
0.013225272397929429,0.6720098305139988
-0.38967077377705284,-2.5206039940161222
0.2628720057162431,0.0072513575572115555
0.8894039111759466,1.0176269500782007
0.40180361037976176,2.4095833226476193
1.2477304571624077,-1.6141960440817424
-0.7876759225190144,-0.46064162842168027
-0.5774633876584151,-1.0298765036602076
0.038103893230736256,-0.42239099790029594
-0.40134527375717904,1.0231162265753253
1.4619886164808145,0.4173219267284622
-0.9751671420996716,0.8186547739507662
2.9911774766988324,1.8726424502607564
0.3740199690338794,-1.9983229471635087
2.449342216517028,-0.7873169371758524
0.6439067406729984,0.38541251761271805
-0.5724520706437081,0.6608014520323676
1.2093376382293644,1.3766488902650422
1.1963674443214354,-1.3257647973729403
-2.303417689872612,-2.540593936598329
1.0729224607018297,-0.5806016197158123
-0.20466116105001905,-0.09151655172347899
0.31297982074599695,0.6524261285494285
0.325755555892329,-0.6550500376883113
0.32974416621388464,1.0671856406391518
-0.5205899685900024,1.8841884500419517
-0.46211645414845354,-0.7342458203012218
2.228863065155604,1.0252138635363677
-0.9447340013288172,-1.81460339477803
1.6732556960826928,-0.7917315471558728
2.6177455592930037,2.0030954949053115
-2.021965646838998,-0.4290582551643831
0.7166670263931936,-0.6291812954489516
-1.5635807471369934,-0.3237231034003514
0.6591343203278341,0.32897317440798685
-0.11836868699260908,0.4720709673900985
-1.533609402890221,-0.25459974154524445
0.9731525312599505,-0.6014656724857932
-0.2542185434529193,-0.1888777206327053
-1.957632865286392,0.28554156175023837
0.6859984687073476,-1.1604244954414193
-1.5692579301906993,-1.3666056249703635
-0.4968902063242484,-0.35191071109399025
0.7823234465532982,2.145199108789773
-0.5513677311741307,0.2609637401749446
-1.0486017929196954,2.2913808833658136
0.3279354015495562,0.8644627114179154
-0.4192972257331699,1.2615068874254183
-0.6424019869682686,-0.5188046243897396
-0.6405025373859357,-0.45463225814784064
-0.13005031379034016,0.2101453268271165
-0.17784165953786685,-1.5218045988747064
-1.4438102172609504,-1.389588854094318
1.1874548436685268,1.504867784317164
-0.3176777645854568,-1.245228174035094
-0.24094189608997824,-1.7412763740606725
-0.6423436075007102,0.28658472413688324
-0.2037505080162403,-1.9126062361776397
0.9600978636983465,-0.39820085343647577
0.16950855649856109,-1.1180523413886108
0.40181285054142735,0.0998697256902582
2.9828898256109104,0.3928814315661654
0.9692269596824731,-2.456585323662497
-0.6770157129235268,-0.19966704908129546
-0.875395107267843,-0.8198229694265132
-0.5257801655702384,0.9468837059784762
-0.11632427635201548,-1.1202926283644665
1.0229032947836572,-0.9126548465662477
-1.242684877421669,-1.1430424009787603
-0.6027455737115925,1.7997186088667532
2.2857828210531665,-0.7175829386442267
-0.5873839840139741,-0.5328416978508186
-0.6102782599669873,-0.05608117099879857
1.2775389989346373,1.2042837295431086
-0.6317581699771748,-0.6238939235878533
0.4927264081006549,1.9923854998316848
0.579993721640572,0.4297333012997084
-0.6142960834534038,-0.601141905674735
0.7106061915907093,-1.289664195159139
-1.592214494031826,0.9342001487933269
0.30219071198366015,-0.5695299315501627
-0.5167997167943914,-0.3847568364212202
-2.395414875152112,-0.9565274000511423
0.5731062880311024,2.477023150856722
-0.16203956841942016,0.8339665603823562
1.6523043344316595,0.24235937106333
-0.9355736928444516,0.6035061491154678
-1.508875109426512,-0.5659920929818658
-0.2925173115110625,-0.3243231024329418
-1.4416250210744288,-0.732508000115472
0.30021858076707353,1.831363128744217
-0.7617439306792088,0.2686171977644261
-0.22436005894257707,1.22370020855009
0.04585003891795853,-0.8192522179459418
-0.05542712730349595,0.29763641349226466
-1.3071347628616277,1.611242349798019
-0.19782828135880096,-0.6214142375921633
-1.220926136383075,-2.044966739748262
-0.35256248057177286,-1.1007566121585441
-0.45123562738078404,-0.15089121817968967
0.9583117305052222,1.3514413218825951
-0.42913983731569305,-1.3154289287979855
0.5657864628976114,-0.9688204373554544
-1.034061029472087,-1.5210290091768932
0.5508448028965955,-0.35847972170247344
0.8444427176470313,0.5589444551002245
-2.167598838428421,-0.060589521932259485
1.357133719508966,0.0652457111212123
-0.005883777973429279,-0.18146956487915225
0.3418742960934099,-0.03816923174688907
0.7480891294870804,0.05524185400863255
0.5901091461346888,-2.3980943547565583
0.627839715834391,1.6869597047022096
-0.7249776827133196,0.8702875429503775
-0.32397900361732196,-1.1262117501212474
1.4230506421226456,-0.2516956694381656
-2.137428181367985,-0.9131881648049728
-0.1139335113911692,-0.4011491216410974
-1.0696937086384628,0.42446376642723566
1.0884284467843763,-0.05841508161090337
0.05313492077626369,0.5391842353140174
0.19296192454456737,0.5100998880602297
0.42181514729541303,-0.9085247025999638
0.1494289755250432,0.6664611577667406
-1.1995342088103391,-1.1830127387990343
-0.5568935294488095,0.39552418060594724
-1.0721206568669914,3.0572966154243164
1.498723224824862,-0.36964280474156475
-0.43666321746575953,-1.1716163947073344
1.7143631109094353,0.2668210209279987
0.18083248461082843,0.37087135231623664
-1.4258602587240992,-0.7355544528029958
-0.4170017168248495,0.4981833854803131
0.04948873481980078,-1.9273022155166695
-0.9902950795003534,0.08831345897940392
-1.2183194804016748,0.36836127656241097
-0.35099555434010565,-0.23275307872865716
0.3873447612504333,0.20103721596303364
0.6916051082567708,-0.9042311957604563
-0.6432085417148501,-0.45971280178624413
0.167590161987674,-0.10839982637151727
-0.12355084194835833,-0.5163496205828803
0.08928570560996375,-0.8488183730369178
0.12709420647480524,2.3117425092264345
0.8980660772415776,0.0983621872091143
0.577717012319238,0.9576706271838302
-0.9500005998226668,-0.7766032409416421
-1.4701480165649308,0.531832833926196
-1.3561661388259965,-0.4093395329130305
1.5675329859631189,-0.29507803978967756
-0.9535725674235362,-0.9734934517519696
0.403307025080695,-2.450252127143051
-0.5920922194011032,0.22874223103691424
0.6920206927353596,0.5166806077795224
-0.24604291592924774,0.5603595004629338
-0.2459962204864089,-0.37771986044169387
0.23154349781112132,3.1506365552630857
-0.9772927946762663,-1.0864253065046767
0.09886283488006371,0.19472429494768254
-0.3936737775708153,1.0090861786245968
-0.06422361446054989,-2.147559467449104
-0.291576160804901,-0.1199681813147388
0.21567762260251944,0.2957161477592781
-0.27398683314149774,0.6721185076478919
-0.23950479221988716,0.5493168936875383
-0.5053608044059429,0.7022281412078113
-0.7155658867755305,-0.8942044632977544
0.4194224783131661,0.5945274521424949
-1.0736492145794512,0.24032960155104832
-1.2498383030350848,-1.3824888293002768
-1.108291203693182,1.0580487204534008
-1.3863623857806249,0.06121534124705903
-0.11658382837529511,-0.2512854238999313
0.8372292856116699,-1.009873765882603
1.575163883935407,0.9622398252637543
0.4410869250205539,-0.36293902778463305
0.2527407847147567,2.006892291227607
1.1124414019435942,0.15173751314375267
2.1487398119217316,1.1977205272608689
0.249428229110645,-0.2782795543330545
2.1668749520673307,-0.8717805801906205
0.09433508858738424,-1.3083705789441986
2.157340828301045,-0.5815405600927158
-0.8354490681681112,-1.6481851908877911
0.31104775997443923,-0.8969100933961082
0.49761957250236605,-2.1478954122087663
0.6251670162932496,-1.114760580854515
1.171078445932348,-2.041248802591881
-0.24977457019250637,-1.2813041173298818
-1.3803833400037733,-1.6486076517908879
0.3036688113526887,0.6464652894675356
0.839767329727142,1.5044782399497043
1.0811918664879212,2.0851942034592206
-1.0702041287376578,-0.11764763477034723
1.5245234801554213,-0.1092424298629964
-0.9423459280871948,0.5685230555246165
-0.4456263289007104,0.5777607973583953
-1.3865035743653789,0.0904497330217403
0.466448271819976,2.3461937753421704
0.1169106544681358,0.5506441483342003
-1.0808491905605482,-0.28795939586370856
0.1725622152939462,1.30201867632131
-0.35550589648473163,0.43819949296942207
0.5001929195565147,0.5337053940124995
-0.3084850299798851,-0.4812688856761601
0.1469754363762487,0.13240583411840415
0.7280413832926151,0.8262760892344534
0.9037173509760976,2.100728618172433
-0.4973475422144365,-1.1088358175615498
-0.5116018931094646,0.4197951308064014
0.7355415785527719,0.8661724102322829
-1.9751348451165114,-0.5479375460688847
-0.8625546887710769,-2.2024475831477317
1.447839418756101,1.4119665021351953
-0.23134734858941294,1.0999204645593534
-2.219738257950018,1.03283261247339
0.564067467138561,0.5488200787716921
-0.5624497995810749,-0.4748588164892617
-0.42698720463507633,0.13444418911298361
-0.8300701917909192,0.6260370883414257
0.9030008713769592,0.4519031787354021
-0.26277795307360535,0.6983407281143443
0.31481864208354243,-1.4078135379454557
-0.2906096156457682,1.3769423305393322
0.0835939212411731,-0.7456302334426332
0.022036580196750807,1.1237628765394678
1.234413642221497,-0.27398449472643194
1.3282989013271556,-0.9928598452351066
-0.6062330201659016,-0.34319564375785405
-0.4382843747540965,1.2324125324420208
0.4217216024952779,-0.4827211133138536
1.1741068162723212,-1.4254947248106025
-2.350470119822785,0.6569051473920705
-0.23210566559896315,-0.7984247053830458
0.9774354624640083,0.3324300141957511
1.5614704840092284,-0.9917076417426257
0.47164234759101126,0.5911940896963864
-1.0834405166312886,0.4950116379790396
-0.7306577314524295,-0.45287375903725513
0.22347276315802989,-1.932419923457582
0.9183839946370154,1.7248220002946086
-0.7514666985503596,-2.1302275012864422
-0.5355591045186713,-0.6296537375232538
-0.19032849987052294,0.2176350455377962
0.5826736127445311,-1.2849630795878975
-0.38838754751386695,-0.7871620630675599
0.0082945639464865,0.7992305428147198
-0.2862774182410374,0.5179543367175612
1.984246209762867,-0.3670397191507254
-1.6029156995563514,0.4017986186316055
0.8803353124421005,-1.2205917850368444
1.0562153674124324,0.3629942043229754
-0.2063603963499103,-0.5812027448196674
-1.3937120567039467,0.27477911747560113
-0.857116265310285,0.15551384522520706
-0.5077380287713732,-1.9473688734260903
0.5131422648352623,-1.1349504720557517
