0.4627887900797436,-0.39947785711530087,-1.4250017799740298
-0.44849435665827136,0.6025968639756998,1.1816394585562915
0.9496847369649242,-0.873862743107865,0.4787295144639255
0.41633904820175566,-0.7821390695183217,-2.5825044975586477
-0.9500890106189607,-0.04194099350644289,0.2494927419200889
0.04859094586000777,-0.3689524915569281,1.4810431385538165
0.8815951459667646,0.8563073127757096,-1.432630593765711
0.22212239135079476,-1.1715871656874153,-1.0324225262693978
0.33099538687439706,-0.9761639045043154,-0.6598034887749952
0.08440510699485361,-1.1281678614208668,-0.5836005182134404
-0.2736410254110729,0.265435582112545,-0.7029491832212531
0.8169852901408347,0.5210786482922538,0.22972634482245693
0.16588317460218507,-0.24128582972048282,-0.8181711964594741
-0.1222567403959947,0.299353353771571,-1.049037215882432
0.17913715395116173,-1.5960356585225668,0.041368178942792794
-0.8756396792497388,1.0990851763973708,-0.7999688592507834
-1.5916797497016977,0.8942550182964589,0.6065299945883402
-0.846489722983416,-0.41038327958230747,-0.9866157469335946
0.5101466923489896,-1.2143568302551095,0.5395146786130266
-0.09530232414685211,-0.2629034714933879,-2.6307259525933735
0.08589093836610451,1.3693210904009205,0.174117825705246
-0.9671032328453245,0.3039595783287309,0.48450254819645583
0.9036481195508663,1.4144007089372153,0.451772695524452
-0.1477198033726606,-0.38366310031079376,-0.014466509643656476
3.448442041387148,0.6167642842831877,-0.044148786285245836
-0.5374351581247521,0.04595637102351089,-0.3829962697983439
-0.19448282814450027,0.649760131987057,-1.2800146226302704
1.1347121998207426,-1.1199014766740705,1.0754546516333905
-1.2386244326890075,0.7003245674676404,0.8163864594379654
-0.5105412685332708,-1.0813537247574387,0.062339595477320396
-0.0014983288609044388,-0.04460546402820549,-0.636651088899974
1.134935385313261,0.48698141615117047,-0.9521205059692508
-0.2392956202724477,0.4597312692311626,-0.8644628882773803
1.219286431050834,-0.004648861153114966,-0.7128540981847926
0.7631581622905385,-0.6773663090766349,-0.10914223462636298
1.1230323926771286,1.7692418527718803,0.21733030466125314
1.966645284199261,1.4737823936298684,0.08412986594091341
-1.1385014894606147,0.524547404677477,1.461434772475492
-0.3430639247263639,-2.164304611553421,-1.5670154855888836
1.0555448110567385,0.015014833203105439,-0.02578211599815276
0.5478270190647029,0.5332733809124156,0.24682944239244536
0.7740839022099087,1.6028547204396668,-0.09712667637295848
0.519749310934398,1.7721614265369354,1.4443774351499317
-0.27535829512515325,-1.0583370107255046,0.6393699116960446
-0.9650988133123213,-1.3297893478635874,-1.632081913912705
1.2067429122645645,3.24158037205837,-0.1878707341328415
1.0618456689829918,-1.0004376848639345,-0.18136438915209865
1.5707258429953657,-0.4320690121681138,-0.6469093961359473
0.06774846115714389,-0.6745254259522091,-0.14055421135410862
0.6305463864739282,-0.37292102506033364,0.10927059475814702
-0.14971594630107973,0.7303952857250195,-1.2999528458931722
0.1723085478511048,-1.2698139368846013,0.6696413521444325
-0.23625814222689193,-0.206311835349597,-1.3307696220802887
-0.2705695877059836,0.5965305949492685,-0.10004528714761222
-2.1537836985371244,1.3671818827488882,-0.5323370822511038
0.9310287581159826,-0.6533701964306436,-1.1743028310353343
-0.19394039556090803,1.3961972548900707,-0.5470797465159704
0.5594578764777208,0.6140705134218097,-1.8580466897404704
1.0607926049807925,0.4761238753212513,-0.35110845801113777
1.1013766554225506,-0.12086931959788594,-1.5579534285852914
0.7178643510105401,0.31669886464828706,1.0727102121568088
1.3107496603621391,-0.7233845589389551,-1.446129274239829
-0.8323551368226574,-0.6440174950495857,-0.8425136508190036
1.1800550378581425,-0.48118264268855976,-0.9289059894065949
0.5198997245258299,-1.607799719335891,0.7455178901528063
0.3133300476450657,0.000974693514413244,0.19511926853976747
-0.7247463778836234,-0.8157344221490279,-0.6663585633803255
1.282739055682425,0.6033516702996894,-1.2402406038213858
-0.22492356827033172,-0.22034366841537883,-0.9836879844933326
0.10912129495993528,-0.012906528029894627,-0.27221768734443424
0.8398885854705228,0.17146515682840638,-0.5755075659741918
1.417570213862189,0.17757201244318277,0.7290507528569836
0.18121949607964127,0.11955627525943889,1.6291035299447878
2.0936611159085174,1.5177298127297423,0.34411515115010904
0.6519902711804191,0.32510347309140863,1.6241574629456068
-0.17059037860937373,1.1294335045507924,-1.1008091169768572
0.02028712519662759,-0.5399577987792373,-1.040510156673672
-0.5267011286550003,-0.46206879833960535,-0.6472849686936872
1.1716577569790492,-2.573531998732912,-1.8305439574596185
-0.3492806903268104,-1.7629954879177716,-1.171036365636154
-0.15595159917909066,-1.020019078809836,0.40383028900893836
-0.8116467706064505,0.04040963688086756,-0.24784892975098466
0.398574049727528,-2.009649986353944,-0.4351466880099686
-0.21140923405633316,-0.13726930285280062,-0.13159267900590726
-0.3318355848525169,0.03872089302738335,-1.6615499226287196
-0.7885105594642431,-0.34362925586620674,-1.6176891929239747
0.7127857249911266,-1.1802204388833968,0.13300982064468012
-1.0023681586112574,0.7952373178574991,0.7326511838791901
-2.3946787665448,-0.466307130210574,0.05151130113790067
0.923888329414215,1.0366285476132449,-0.35646481454366635
0.07804595341022894,-1.2361583853892602,0.40844187613290445
-0.22033892094924223,1.1176662173857648,1.3537886149588512
0.32613247212653196,0.3004740484922,0.004947163640354627
1.09079290734898,0.678062403093199,-0.7488974141708108
0.28778961457349855,0.4481507222129887,-1.1122439662235237
-0.17303507047211522,-1.003833650559248,1.5510115564029512
0.49310573959433485,1.0380397864780664,0.3562836477340107
-0.19698225543740855,0.3863743681320612,0.050162691593906426
0.4785811397658531,0.21198309233804116,-1.3731796144871673
-0.27468925764783614,0.4108478967927432,0.9849533490599025
-0.5666793156256535,-0.5616754215087553,-0.568953279111822
-0.1729059763447115,-0.04685386489460921,-0.6288992579039591
0.9335488771607067,0.09424346737060992,0.13070885676867108
-0.9051261211623806,-0.8607943711028281,-2.5398146672633963
-1.404659386983599,-0.19286635110441222,2.41751387960117
1.361919129381918,1.223773231600741,-1.6719957441810176
-0.6731734724624483,1.7137437740051422,-0.010414472911944412
-3.0310190202999814,-0.7091700474572309,1.3883609105512236
0.8050081845496835,-0.7619432650340704,-1.160746598623249
-0.5296012907867221,0.8682918733210487,2.1707111220794313
0.7665181312749153,-0.9397829147592228,-0.1591757046132592
0.9420272525473227,1.2428295872872102,0.530237235588993
-0.6006010182822293,1.5115330933152373,1.899483860903065
-1.0301820983864935,-0.21392735233062604,0.051093905748390164
-0.6236982284258523,-1.623418348189597,-0.8278415649148807
0.7783973949665405,-0.4915640334304689,-0.9481340130517184
-0.5036727441544534,1.128084274885857,0.42087387772675655
-0.8638277492084689,-0.5900522537117548,-0.745216554860183
-0.899098667610454,0.165039580606611,1.4795897380167118
-0.13352979764861259,1.2096293207826843,-0.651436710523668
0.8802518924478582,0.5367322404302514,0.41289061689537504
-2.2571302006830196,0.7310160118269199,-0.4000733042908938
0.08201753431541778,0.1478016101687511,-0.41698183063959626
-1.6512438959270095,1.7255731491267834,-0.5006035435016714
0.9738095755820559,-0.4218191381268917,1.5816826841710498
-0.8378657566710244,1.8277091990923466,-0.8553225940204563
-0.9266748494175072,-0.0700299666399892,1.3123772678994945
-1.1459536839958249,1.0206368158357733,0.7480635465117614
0.1476448014324823,0.8039523767943779,-0.9553447177561512
-0.33982339181984117,0.5336348933032884,-1.7211795521007187
-0.38602309097710125,-0.5921973519365024,0.3738342750815302
-0.2562494937464743,0.13980745178211193,-0.8745153949563427
-0.5406241721991812,0.32308705737734145,1.4140613055729556
0.7202634502199986,-0.44597592763516125,-0.19480200265621014
1.624409830368904,-1.980463883105755,0.28333733166556685
0.6765013333046292,-1.9745683852479115,-0.23548880821001367
1.0664831179250838,0.19756200469516097,-0.6221294183020015
-0.5273189890379184,0.2970599785076277,1.3733270232461097
-0.8377082292827298,1.505450563642793,-0.7278152916446783
0.43266500412717634,0.4246469056241019,0.6037537613504373
0.03104279028764901,1.867723551636404,-0.10924110698133258
0.9353955433034256,-2.1134266563072623,-0.969579978389147
0.5454525404696651,-0.46549108870484407,0.07615935214229069
-2.4196049493913803,0.914192251323536,-0.631962285345332
-0.1518842855944831,-0.8093234846794449,0.6940144349019092
0.43934719225593805,-1.2339474255674407,-0.7422012930601911
-0.21081465497838967,-0.10015968291281553,0.5953680728713652
0.33980694270239936,-1.4129798788066572,-0.2871522783127539
-1.118200461711455,0.0034318107622453658,-0.179023213933834
-0.8823379698484255,-0.440325522514964,1.9024092604741245
-1.4054884559427723,0.356194997283287,-0.464818396458775
0.7848366282185248,0.5226198411928863,-1.221256333954453
0.31393055567697603,-0.27761606238932474,-1.1943360305669757
-0.2370602154713981,-1.0645764183135153,-1.1019660956407105
0.5488298786647515,-1.895356862007636,0.2497890462907697
0.33899992081431807,-0.3952652507990246,-0.35503058057105236
-0.18445646045487957,-1.9757170048653687,-0.4792006619045908
0.7935231519218691,1.8252422866195674,-0.2799394771523303
0.9091755495442556,-0.08039571394610723,-0.9758963908299335
-0.15000608767229176,-0.9774745464487804,-0.4448875919064407
0.934666307023663,0.6560050750960232,-0.7106014213646294
0.3475411854174314,-0.3819153863433614,-0.21013007400639194
0.48438178127310166,-1.9331688339375825,-0.6195455556769397
-0.5215315679057846,-1.1650901266202303,0.22311652813560287
-0.05981293362207573,0.8210636129349965,-0.11523985926320116
-0.9768571386559204,-1.8591921451239561,-0.9094864708091249
0.3737831775681289,-0.32317334134836456,-0.04930049885804487
0.36310044845793676,0.238575123110651,1.4462592519051032
-1.0706003587562711,0.47305335487655786,0.6179103660103868
-0.8785410574062626,-1.6458446078519176,-0.31623069341421006
-1.167797006864396,1.4076408512467309,-0.05001501375489747
-0.317053172269101,-0.3377335943876527,-1.5357637709234
0.8656483583535333,0.8776596498223534,-0.9041455862699611
1.813025301871603,0.3368898050225668,-1.162088822737224
-0.46677083999628727,0.6219789272900819,0.4389488016648417
-2.2664463611132755,2.389940897912016,-1.2293680725202016
-0.1626951067218301,0.0061205814453914,1.4251372398457622
0.18099888545786855,2.2001827012243984,0.5417650099734985
1.176778901889142,0.19282869837170452,-0.04198319503678305
-0.039910123461799014,0.1796937010340321,-0.47303339546650097
-0.8780300405805114,-0.3444344581423662,0.6050946805153756
-1.3145817291061632,1.9834396365156013,0.771456564838702
1.3759102446172107,1.3024031079608405,-0.4307116275338905
-1.0002540140520417,1.153051626846382,-0.003683598657654502
-0.9920694737170108,0.15866909000563484,-0.2630146607788552
-1.572068190089585,1.1957069673023135,0.18381991717638732
1.5834491878710526,-1.9615729042228944,0.4820078597852862
-0.5635736531429746,0.6227207534726258,0.3468360745785517
-0.008236637890644527,0.10231011613730472,-0.5346613888532061
-0.2400911301239385,-0.4815881097709998,-0.039079428651498604
-1.439078122170987,-0.7087663232586288,0.31890885827163334
0.5458537754404827,-1.5606479779831866,-1.1017655932754746
0.8853591071018011,-1.192813356635176,0.07797129604527062
0.4450533139921299,-0.8624503624145946,0.41777017405140837
-1.4710971671761133,0.9113702598205456,-1.3329627102049624
-0.6398031286429287,1.1613285235630646,-1.357438109385858
-0.2901426456074497,0.3516032994830277,-1.6418167893849718
0.5786245987118882,1.3441482846274717,1.6946062366744232
-1.3942244141418032,-0.060889872097105856,-0.28362911704642757
-0.09686692179821443,-0.5671454742779511,-2.055162664810876
-1.2046656208077386,0.41886016442288904,-0.560521761833761
0.5830917222046441,-0.768238895434842,-0.35262171781751817
-1.5385570743235173,-1.9932351497003147,-0.3190834613889615
-0.42354979178956176,-1.114465863732209,0.17243024805896354
-1.7616090373771547,1.4283181083481675,0.946461088572919
0.7633357237978579,-0.43383791183029274,-0.08675288769009203
1.0938503370705488,0.09368705170952683,1.2795257055516112
-0.12072618997007135,0.01242933940788089,-0.5999319368863506
-1.0557135210643054,1.1094340025449871,-1.8758055978321704
1.9851750722851667,0.7207979958137875,2.7417584492493736
0.020196805552597792,0.21013705381685013,0.4634982288259111
-0.41328621888555533,-1.564958971892497,-0.5625671254524415
1.8393399821320715,0.12172814863455952,-1.5537900932907096
0.2981549792603406,-1.8836393091769261,0.3956224815310819
1.3265855488575624,-1.9730272463847394,-1.5155141268308638
-0.7404305219423388,1.1183840144271107,-2.216688342919082
-0.151658240172566,1.0200718521725185,-0.29837186727948767
-0.1863648046314413,2.403962144433942,-0.20970403072329033
0.22399456624902972,1.6695779837292821,0.6753609742285233
0.4805910824677547,1.6749685968013723,0.07625748575404116
0.0971912544930343,-0.8531829773826379,0.5302076191068548
0.775397458997574,0.4513766790632183,1.199048002318503
-0.06006395366141853,0.4156220451397565,-0.15113965730995801
1.6642471473316232,0.6079790103802378,1.5977826538492377
-0.4327705975818763,-2.676865258750326,-0.19624509539179882
-0.6570872552009337,-0.6641217535832717,0.40603702733936087
0.27845532311733595,-0.04722253849531884,-0.7348594272496816
0.7969366254609765,-0.28858384979813084,2.6321625709179752
-0.08017341096576941,0.835446778303658,1.5844834290134513
-1.6050173746345056,0.8430536421594589,-1.2811052604878783
1.42284595074178,1.393755782986077,1.3718312598058822
1.5835673432024704,0.5039339536527654,0.7955485655421819
0.70946054557737,-0.448566045501024,-0.1816310989022453
0.11551070914470936,-1.356546041842289,1.3520982471806817
1.3528934328682618,-0.5592993133531625,-2.321592977069287
-0.22711135486131456,-1.0478010142000846,-1.9778916272997968
-0.5076858626016261,-0.443194654609407,-0.027075042537893775
-0.5016426452855387,0.19509407254707656,0.7108989355268982
-1.7191538415637897,-0.0027153811437416174,-0.47476648716375375
-0.04920098516206418,-0.15113659463498702,-0.022775278642075836
-1.381959683615905,2.397817782297149,-0.8685869164663121
0.8666090505229919,1.1991117295160716,-0.3579405947091264
0.5499746494999368,-0.9600621734133226,1.9023737906516063
-1.7971149525952896,0.2194825157870891,-2.406524047664022
1.0745706097105443,1.690375721987707,0.9367406423815922
1.74048821003209,-0.5363713646043184,-0.6762159435507707
0.03131321563265359,-0.6023621883777595,-1.1008571070427353
0.3269580507758524,2.163651998637977,0.30728451930665573
-2.573565247416226,2.2445021856021574,0.44939534398151393
-0.662510108837688,-0.2161954036680183,-1.0280493036478593
