1.1558982107079447,0.20516207517503623,-0.3818537322900398,1.724404207422779,-1.9193801774825687
-0.28170346360166815,-1.3884368995235317,0.4341549576886102,0.3764776845303934,0.6253327811578248
0.14848700081540955,-0.5345299754314393,0.4427133014984058,0.36683232288836387,1.3471454732827883
-1.0749596249432687,-0.8679811643632904,0.9965631508494706,0.6372724253069718,0.00415406764386427
-0.6541203122516724,0.5016143793337271,-2.211919526043319,-0.20899271133509856,-0.34603467477356425
-0.5417975892759034,0.9079038485144564,0.3322616678373564,-1.6512708512648846,-0.2574943656520023
-1.109639380174542,1.0267215399619039,-0.8804626416543113,0.06667167575069213,0.9280848719136867
0.0910282075170498,0.033490977426417136,1.5415141159594987,-0.6750931010339355,0.1505252688933652
0.08635545836722341,-0.6518679528755986,-1.7632840226058726,0.925826986956156,-0.8792657914240546
2.048569568052158,0.8283198773879397,-1.0945926615382828,-0.667153143319747,-1.0659129889930912
0.10352578833972693,0.4238177907441239,1.0342209285357853,0.3594375641758219,-0.5516479857359953
0.11200018067608117,-0.17250475552643274,-0.45832000724246047,-0.1773985670896544,0.18974252982684484
-0.7411036239509021,-1.3958546070301332,0.7288769319324904,0.9201696640142671,0.16874024375516047
0.6550631740509343,3.1106229518666604,-0.7443703531492648,-0.24482220825954423,-1.6412333416444216
-0.9184584421837503,2.161549001131494,0.21905732474619194,-0.8947837704389804,0.7416064428540257
0.29611687859256514,-0.7320493287042985,0.8824145238982424,-0.39543500191510067,0.3833529958807217
0.496343598271107,0.004807548602497911,0.18813762273750156,-0.8475975559892789,-0.7910322332010383
-0.023114107926343795,-1.8004816829513846,-0.6295232597051744,-0.6061822253136643,0.22521707028406043
0.6235445943017563,-0.8221073940236417,-0.9056174776444906,-0.32702322554911095,0.0887697402910894
0.8232977654442738,-0.5928752105422469,-0.8759001539154557,0.3214855455120836,0.9523749531170447
-0.10540543508998916,-0.6333984525411154,-1.2583676170453701,0.9165303329017099,0.4638575882993223
0.3822445779299878,-0.45082366120689377,-2.2040568894730828,-0.7951767060570936,1.308543437965563
-0.11328715363110772,0.6521239619510515,1.3928113773050168,-1.0145948131860092,0.5977360373990475
0.18800253920543814,-0.5406095468402294,0.7039704620179109,0.8758621459884931,1.1760955566654283
-0.09851895699181658,-1.1951375351035802,-1.0200282901229163,-0.6019182677421017,-0.7050238214104886
-0.4327613442145205,0.1944253694102739,-0.9238538109250806,-1.321923799656505,-0.3631863318527597
-1.6519668417462416,1.0553716869797736,-0.22783573250984893,0.2085953136090812,-0.15266257963843827
-0.26443049891456305,-0.14435925016072867,-0.38252526420522887,-0.6092265054704051,-0.15807979791766325
0.13242132031784176,-0.40938219873456355,1.2862914208810419,-0.41253975114748154,0.8361258323802517
1.0963450317899472,-0.47050389226138833,0.3324544492996361,-1.3327196416579619,0.3587154987527455
0.7844166188680635,0.43201513209008946,0.4334528897471288,0.12338661425124137,0.6937514529002508
2.3233338943859843,-1.0827819504602687,-1.1753640970675197,1.3050050074327022,-0.22234317952575303
0.5282948832687459,-0.12368922629377378,0.48286881469620013,-0.01761422241779182,-1.0432650423620748
-0.07047261649987871,-0.026270788454760025,0.41799644721711793,0.02533018339622386,-1.1177807286595998
-1.0304284933246581,-0.4752083303481414,-1.7413861842633902,-0.26981802687636636,-0.8616920940135189
-0.7557574526051282,1.4623492714778479,1.9355253367920693,-1.0863448126260107,0.4369934035611744
0.6693623579988313,0.2833515919840583,0.6265627932630381,-0.852214497252624,1.3071149882059532
0.3765543289026755,-1.5294890772139944,-0.3198804512191154,-0.08738268454614576,0.6874960501890579
-0.897173168042473,0.24953747990265737,0.6089237733758416,0.11048630620378161,0.5677393666473451
0.37696754337934574,1.3233080533465649,0.25193564301306565,2.5591333600592643,-1.7063093059559404
-1.0681509679803005,-0.7192453478286499,-0.23038584161285117,-1.027576418606663,0.538142596869645
0.5646085193465298,0.038137929811665805,1.1641157326507305,1.145865811070416,-0.17403723312623745
-0.47659897530302986,1.0758195210441739,1.0904319673584553,0.12242646991198679,1.8377625955152652
1.0143512996237771,-0.7095435273273141,0.8118598607568688,-1.0822046285610947,-0.04266941197357325
-0.1323173141706253,1.0441231915290765,-0.2549844250116889,0.9573245462715665,0.45682340253299136
-1.7291364255413844,1.3151525644506774,-1.1688132374827163,-0.35084322916831456,-1.181595726059869
0.2338093110347009,-0.009469465798784958,1.0024656486341166,0.49956996551780486,1.0877513004153518
-0.30916125932834476,0.706304539756633,-0.036615450950278176,0.32771528677063316,0.19953520291555887
0.3700510356182855,0.6400004764626543,0.0657448632420875,1.036812287277006,0.3980561464099589
0.6241933752663463,1.1934713662920422,-0.6211151374925501,1.3802418268416579,0.2540486873544164
2.8988153776673644,-0.6069186623911886,1.2051511584783376,-0.382912630975269,-0.9192598396222945
1.131578925236855,0.2663163118615189,-1.7504727030060316,-0.14358185222215034,-1.8704926385862621
0.6817136611221217,-0.7021375067313517,0.5630479757779964,-0.64705329868103,0.06194244382751381
1.4669641546703769,-0.5719663443675287,0.9904034577047428,0.6446289138316792,-0.3873205316343625
0.4713352601001262,-1.749172826356955,-0.9491525651856377,-0.8508691734120298,1.3378231323334004
0.45507475473734427,0.018349127439402528,-0.4547676584331352,-0.532099637255654,1.912036025848729
1.0863164956167277,0.3764758509846485,0.09186962450961776,1.9441395937061328,-0.061459926094328036
-0.7213482209873995,-0.052621913719552785,-0.5482152503816583,0.6861933817806596,0.6595395745104865
-0.20945918819726586,1.0762397873542653,0.976549018369954,-0.37598112173105125,0.24187142387769678
-2.049923620988137,0.12197244856186314,0.004435877009255201,-0.00022017899544658472,-0.18343848529173834
0.09792588881254335,-0.39774475836875883,-0.5242892942300302,1.3375952716583182,2.0166305555162274
-0.1836795504142782,0.03875125099986138,-0.13045087677189302,-1.3915683697615775,0.6436434859892398
-0.356006317300315,0.01536344593854164,0.16477841679619507,0.7123494533728796,0.3342340485115331
-1.0085965831710115,-0.7069864921283863,0.22100032082831064,-0.5462095766340648,0.2691779744684581
-0.8458295965117166,0.5885909701352116,-0.5821144964191817,1.8652530989074645,0.9924861961271535
0.28383591146785003,1.4391233949435507,1.4996303621613314,1.3260875057774906,2.18964305026364
-1.7002129796247782,-0.4626470206299956,1.9796883343498155,-1.714601996279192,0.7357830872090537
1.6055322855564624,-0.7228560837776976,-0.6011147741210753,1.2077106515022875,-0.08003856260818341
-1.3326300507293773,1.4637648318296133,-0.6276715604230323,-0.7406633651416168,-1.0180202423021771
0.032130801762550586,-1.3486552280762802,0.9175527668889922,0.7962663245019598,0.590716153548437
-0.18220860842674516,0.5330299541061545,-0.5457966743310932,-0.5952361243470329,0.41230637021725197
-0.37034216610940207,0.5854398054070205,1.7966140824624566,-0.609762511599778,1.1551520918666216
1.7577424848489984,-1.3911857136078642,-1.0938030795937899,0.40103161173952295,1.2525564650930534
2.2250375661272255,-1.410679797605676,0.23993799296572257,0.2514490314034475,-0.982952279254264
-1.0057121933565034,-0.31234842308782507,0.1913716396882927,1.6417238496375772,-0.3024341250129025
0.6699272115212531,-0.7952438122199462,0.9323022042433955,0.5275064693200455,0.04624461091550783
-0.003875054216978306,-0.656057773990623,-0.9474176956063294,-0.7405326107906586,0.3620951005941985
1.2078574579015557,-2.589118092892227,1.082007488877445,1.5703447734048854,1.6903260974733025
-1.6064914268579094,-0.7268814770562118,1.42140369641272,-1.1112452386424032,-0.16984495038437786
-0.18613025744223885,-0.5462757257303387,-0.8633667768197012,2.0314859631842777,-0.07911677988817867
0.8014647506348488,1.7226814919621543,0.11818326095166923,1.050089895967496,-1.1311676748156045
-0.2418425442253364,-0.6947538651871178,-0.1441620624034325,0.402608365118148,-1.014777913933291
-1.8502566849936242,-0.2772942426083976,-1.7008206495442022,1.798508127505454,0.7692147428311479
-0.5578759655016773,0.5074142104008708,0.32623131522458104,-1.3920030788641538,-1.1496724750568545
-0.09618667991456312,-0.3711652778876981,1.6323459034725216,1.4062660065974188,0.4119470577032093
-0.26673150438164833,1.2744272725415353,-0.5522424523483918,0.20753524647389301,-0.059471188815533094
-0.32818753819051966,1.7249365221027624,-1.978340342965247,-0.4650214668439768,-0.26635163994470995
-0.7865657977509518,-1.5439067733543717,-0.1133971219807064,-0.1408876828090009,-0.5830486541089984
-0.8525792544384526,0.4394359523872505,-0.4254145580402861,2.1078984572850183,1.5513901460259245
0.9503546610144415,-0.701234387936302,0.5125420232461465,0.9228503592455046,-0.1011526508282594
1.4883784788778462,-1.1151725353503006,1.4062210960654422,0.4458476682564906,1.0999719030213428
0.16023724837844677,0.6787878839858932,2.3690281034980543,0.24917251650402028,0.3692338150778427
0.7611099568790737,-1.9515027378904206,-2.0050709908534734,0.8154159962318759,0.20670072081133545
-0.16199635460045897,-1.1416018635023004,0.17310897973557704,0.09004023646744924,0.6985422940538024
0.6530443803041849,0.6319522093659125,0.6961496371508278,1.010226757882181,-1.1323753102653893
-1.432258396227904,0.8131983155137681,1.413169744793226,-0.21535872422061367,-0.17215099052633062
-0.8723488859302091,-1.125894740481406,0.8493803620369481,1.1032732496731488,0.5143358317980039
-0.8895385713944711,0.7451287666456372,2.8551314951842115,0.784323437792744,-0.037569581095557206
-0.366765782621152,-0.34815607522145,0.7607947601444714,-1.9863187600997985,0.30221066315539663
-0.8768546035304835,-1.268057782958118,0.22295004692471396,-0.286435122209665,0.7799219541695467
0.4722232064125219,-0.6440340715661663,0.6648649945437067,-0.09210349618031777,-0.399876685265027
0.2617621741639049,-1.4894129828865126,-0.2764070187121318,-0.2727081637889557,0.4791839270447508
0.2764804131886165,-0.8975605774741794,0.3257813090410243,-0.4410558881137674,-0.5138839347291013
1.9797806217140508,1.222381150843173,0.7197072284920895,-0.5874518644927671,-1.195560535164132
-1.5533439740920094,-0.491826545944776,0.7883909577149706,-0.7120080269063869,-0.370610651316683
1.4166733348052847,0.17283620940946842,0.3378739181900016,0.7296159653028976,0.5935005914478935
0.5488315285735512,-0.5323049771170975,-0.6983845062374229,-0.27992994404226534,1.310912566221318
0.8722893412914149,0.9330884091111028,0.6985269261273137,0.8084333624981093,-0.16366865098968306
-0.5158030941819493,0.4009506670091833,0.35795474150164364,0.08451938465212651,-1.388916038602436
1.1988060105128104,-1.1448255725314114,-2.132242026269411,-1.604563010140514,0.0418322530788967
-1.4113870999694513,0.09817828930702231,-0.5887569156314109,-0.46890679529731794,-0.05868554767867355
-0.6155231855395435,-0.40407060365508485,-0.8817066940454384,0.08800296525831455,-1.3767142171440807
0.472555429595264,-0.1535561950848155,0.29458246090247275,-1.2110153870204567,-0.4150041883168247
-0.7611250236668291,0.06921849181170728,-0.4585916947693984,-1.5715807176109167,0.24165198757464273
-1.0061349875659253,0.2706035283846072,-1.7194610189977326,0.49630529314391897,0.2009848070468431
1.4078464274197748,-1.636805939826713,-1.1019858855126592,-0.5392355062432512,-1.177025339487559
1.7700248018276852,0.35184323667608386,0.36163840647806467,-0.28559705981289785,0.9805260388070751
-0.2308304081051335,-0.0773822260739958,0.2579687791012402,-1.3032317667386975,-0.25591990990723584
2.312448099275806,-0.3506175665345096,0.7849803815229836,-0.3940352550455931,-0.09420689654589323
-1.5670834361417352,-0.2473494709008305,1.381092790606811,-0.8607626472320252,-0.9729526405823122
-0.5780202473948302,-0.3968030490685121,1.7067439495074548,-1.3864222517655322,0.10200509570330475
-0.07344232522270787,1.220928700322691,0.11098819755432637,1.2772397769324773,1.6789234505084583
-0.4100783743016893,-0.9231440923940725,-0.324636000980543,0.3097935078641118,-0.7599560862261872
-0.6031828148121076,0.8655075323108894,-0.7421399943223148,-0.8610050846096468,0.10658508368072438
2.113611391338549,-0.8072137192145126,1.7222188973236816,0.5487405330184076,-0.6113527554861028
-0.9595306927230668,1.8752202827323068,0.5023645328383458,-2.9147203387846763,-1.5868592902335295
-1.2576787164787984,0.7443106284654157,-0.5435430947098806,0.41199633198406216,-2.3376756815306194
-0.03269479581826628,1.6059217349842096,1.4353501352978737,-1.0778044511063305,1.009346264014947
-1.70489925195215,0.8130952720818359,0.7377938236702356,0.8955160930744313,0.13055883386365014
-0.16478758138529254,1.3812872288669562,-0.6799424724110618,1.4710415582945566,0.7934377919512008
-1.4623154239857508,-1.7658733042019596,-1.1694476124883217,-0.3324138284835338,-0.8165985634146512
1.4632248096746332,-0.8284143170400299,0.1323908975733193,-0.6133174521318684,0.544801240635481
0.6009009657832088,0.2643824052627077,-0.7610577418389497,-1.114179361866616,-0.06050238889119952
1.624747657513387,0.7309070830781365,-0.7013497938117141,-0.9771645102131772,0.9048913521004555
-0.710819393303614,-1.4398504092354316,-0.04505818515647727,0.258355161895428,-1.6624496361446532
0.5943995620937376,-0.08448614319713267,0.59629495007287,0.754142225352732,0.7478978562338595
-0.3812952863089906,-0.7290785244738718,-0.9159818212687872,0.541949423962344,-1.8066933126317128
1.728706017254408,0.1460688400745307,0.5385287916907113,0.5198798693497972,1.097011285714819
-0.713457403577456,1.1197811303141605,-0.3064049751184486,0.4963736922709717,-0.9198484726135115
-0.05859778068434165,-1.290149094844931,-0.6805885226603418,-0.2083689520007293,-2.5126474428819368
-0.9989786154829002,0.33356078117182947,-0.5012587705774273,1.737772278023505,-0.5353513462947906
0.4916100195760265,-2.0784407978718136,-0.4553930503096121,-0.006719613856994321,0.3242090757309116
0.18127728456911738,2.0280502924983006,1.703047818389021,1.9002778073395263,-0.4453848078381549
-2.495001399045206,1.5641062018407692,0.29868103699980086,0.09314988846306106,0.16336020427131687
0.2912548511009599,-0.605168942329034,-1.1463670677574502,-0.22651220858036128,0.9680143713577383
-0.05942648204412495,-0.12000508608752582,0.031114741078616684,0.20232590411597925,-0.3319055302058176
0.33218108454533407,0.49165445800193336,0.23741449690313957,-2.0041413266240884,0.99403313196825
-1.597861694201935,-0.523803604786594,0.7285886162262926,-0.7294353289505667,2.0378146984422467
0.8859782091164975,-0.784553398312255,-0.5288358560699868,-1.049952130598882,0.32400009203243135
2.194242100823058,-0.13994890254035658,0.9503705936883775,0.12563729388729147,1.0962156394926577
-0.006515889948568439,2.0299450637631486,0.32258320406697943,0.14946757766791818,-0.7296876250545288
-0.8818197018350826,-0.38880170050498397,-2.245466313099238,1.9195307673349256,-0.05128602430678068
1.0310201308489992,-1.9523218062844825,0.590049826976318,0.607674414543515,-1.488117173840967
-0.08680437475493892,-0.9033710263495528,-1.0069816807382983,0.7091659404540118,-1.1996412432993497
0.605107117763038,-1.3519061104202112,1.0305713381006565,0.28544443515441265,1.74488600747189
0.5269618470110999,-1.9226188231983206,-0.008378643506577842,-1.401757585040444,1.8725610766059633
-1.0892081033347616,0.3560455862624793,1.5032900124708182,-0.008538934270340887,0.4305015236477933
1.2362373002453868,-0.6408712583203126,0.8814323960860742,-0.04569489926536902,1.1772495748896676
1.2810422849770113,-0.4277842903447197,0.2451833441395798,-0.03276348718689607,-0.932724796118328
-0.4173759245518615,-0.13553829501048764,0.14305579556838896,-1.214142567383842,1.757320550765573
-0.8747239609312151,-0.28813826420293687,0.7463784363332754,-0.4732923745277446,-2.0379696386180863
0.2903605514850563,-1.8423646099905964,-0.2721021039334282,1.2591266336694402,-0.4500878465796954
-1.2092835248847342,0.8739661972289522,0.663959796657572,0.12663837803704678,0.6014590643970962
0.8824471289891546,1.2052490518419234,0.46397217660240664,0.5057820822622467,0.45757493705829216
-0.6418850155882605,0.9153504048077982,-0.15062779798381618,-0.6205376209257765,0.16085698847342314
-0.8541890649258254,0.1349436466007518,0.8752119608975806,0.3015966525576722,-1.6564629695332347
-0.876362863481524,1.3913133927443238,0.6656946166629505,0.30575356938280746,1.1356681249049136
0.39798323145211995,1.8453903068190276,-0.7462268772747748,0.32942668213740417,1.09549201458145
-0.16522159131953634,2.131973469398939,0.16319321302537196,1.5498095788822825,0.4597916934519428
-1.1837082269786576,0.024544670499320912,0.19874763393395384,-1.0081122232301996,0.19594705404551055
-0.038111053920442894,-2.161516037151792,0.7868322384225704,0.43813661888706695,-0.7235141128531691
1.3148736225521032,-1.2182143676330723,0.3736878960688955,-0.09836263408117814,2.0809548800400792
-0.6903842414742737,-0.8808072356871158,1.2416133673449183,-0.5680674780109599,0.330012448960633
2.276364677860259,1.1894397325976909,-0.8374950185290391,2.679740888150293,1.0691654609611119
-0.30289502011583114,-1.2507104350700047,-1.504421877900464,0.08406646037849376,0.7694480450071449
-0.8069215132250643,-1.0143392620746388,-0.6789035018643251,0.05344968114454392,-0.21457575873578216
0.0508483812614364,-0.08774957222165772,0.7448197636761061,0.2533672955724338,1.6680986639523783
0.04957023407336666,-0.04821136682987154,-0.020777181778087187,-0.031439228438096156,-0.7168905573680762
0.3115732517353117,-0.9608310766605612,-0.7179766025724703,-1.4644643092394156,-0.4808902121077601
0.6306411427919069,0.17143702108170863,-1.2677903064787883,-1.1104895089865783,-2.229342918143213
1.0656297978465485,-0.025734063689542033,0.23565191862093027,-0.4478812760466208,-0.038127306907983896
-0.09784143129231243,-0.6497524915176882,-1.6987017219769087,0.13922124641036954,0.8693687597803148
1.2395325181805388,-0.371648341199233,2.6102736950978715,-0.5488974708757985,-0.3091235136094606
-1.671757048140293,0.8836371256366158,1.3903260930916386,2.975839740908273,0.2569535176135203
0.9919577272931731,0.3890246172321618,1.1335672930571377,0.28683211398059355,1.313175178950303
-0.9770688317186672,-1.9861581694450052,0.4454746949658255,0.4532607019164904,1.268846041486464
0.07790908276132771,-1.3919860869417906,-2.5408980296010664,-1.1018169444570574,-0.4422444215965354
-1.8326400075758433,-0.37478236046761576,0.36077620259749377,0.9402265543611107,2.0272118985649787
-0.5463460172444959,0.640972860001545,-1.0883599212487052,0.9009621679461425,-0.13170500476550823
-0.9486139694545271,-1.099053691284052,-0.825145676839334,0.2690204705627906,1.0969312919878178
0.5167841770496757,-1.0553703558798986,-1.003193908417541,1.2646299693569212,-1.7351712372262083
1.6626198686622455,0.7295447383439255,0.6361022338597276,-0.5039545218637922,-0.6970818469674183
-1.0084942055787711,-0.43910501864652335,-0.8542844382226416,1.5574867306972635,0.0785041048393141
-0.3887109801889525,-2.2992446070967505,-0.20865546439617674,0.6551091249941867,0.20469763650876657
-1.2074806736140864,0.8255504422275028,0.23472400756481981,0.37296546186140855,1.163546790917693
0.15126039063023933,-0.7610205774896529,-0.06349451350143714,0.3949630284706674,0.10352445482012022
2.467205078070835,-0.20631716345109347,-1.6072199502495677,0.563486571190299,-0.7214469353215576
0.583778191257241,-1.254799628428038,0.39416386164352807,-0.9388026737642964,-1.1218517076643144
-1.5551058437031644,0.9802856272536663,-0.5303549989535712,0.016045909381074766,1.8368154012223297
0.4964302372312605,-0.6575642090276561,-0.7890404381122031,-0.5325125006291448,1.1739814770095103
-1.0021226118509756,-0.9341260818352382,-0.020492380598964775,-0.567115210408055,0.25090736193810237
-1.4547098648054342,-0.052367639589868384,0.555846048801477,0.8364812905999699,-0.2971803837550835
-0.5961514957318784,0.043077791641000694,-0.5498498204836171,-0.029452623882602023,-0.9465437880441994
-0.12103078783189604,-0.059159912459121805,-0.6508946743732504,-0.09358985705425321,-1.2579705133751706
-1.117449692556925,0.3607783636311388,1.2549997347947228,0.9308713412564896,0.6525023748022818
-0.12130721400601002,-2.146093627414191,-0.6810958145325169,-0.10651358814276236,-1.3177151226346533
0.9880708380969407,-0.05381402102943759,2.692762879847548,-0.7934789256417248,1.7181541853920455
-0.0597240928404196,-1.3099435186183106,-0.5558230149990785,-0.2070653676967217,0.22968214209940346
-1.8178223057903709,0.5990351144231741,1.0190355630470538,0.7998460630616531,-0.09820665869959021
0.25998155825461244,0.23192231890372375,-0.6352024667523543,-0.8357089191578062,0.15246524784687335
0.35416366861622856,-0.058007188565325565,-1.470162104843206,0.6041895410503119,2.362634580337332
-0.4957725929778688,0.9111147174590867,-0.5512966639188754,0.6075991529768444,0.16547925432762559
-0.053237865481220885,-0.41106000586919444,-0.013045410965333043,-1.8273600878203955,-1.1653114661465356
-1.1574723355331016,-0.09257145704302312,1.6034908169374316,0.9256556050916195,-0.09175782386560882
0.021295059380854228,1.6457690452079239,-0.08090700817673856,0.32055880682576676,-0.9210657495416024
1.0133084789141176,0.08554073107880424,0.8748400783567646,-0.7387122201611147,-1.735205316129613
-0.7239122613521944,0.37143870614566366,0.23438360050301613,1.1746206910617212,0.7025816930685814
-0.805457304775664,-0.280996522934612,0.10805124930419047,-0.2631375630020825,-0.3778204906946175
-1.5860011153739169,1.40605205770143,-0.5077123280008703,-1.222357760445056,-0.6094947228083377
1.0653610344060842,-1.0055516036641643,-1.182759927558951,-0.224898400529115,-0.6040121580254577
1.5907159656487686,1.263041932878532,0.047189026795439674,0.5728635191836593,-0.035178819638898226
0.08865104073728787,-1.8560740991753977,0.10795021930965867,0.2542973371043771,0.5161440133772013
0.3481924233273242,-0.7588019667559144,-0.2525465893995042,0.8737299117288356,0.09882048737889819
-0.27195972812581,-0.05784059907246787,0.9165609842310191,1.7370025132150582,2.201646409199465
0.122488031031575,0.523585880223057,-0.8529360583429205,-0.13670381605530346,-0.7963162745019137
-0.8477902394937388,-0.7884590578705586,-0.47665538112770056,-0.060837781694312525,0.3377391738410584
0.751054627318078,1.1730605882967846,-0.9059413506281477,-1.437203200595189,0.5693979643351434
1.592676092426621,-0.10119230860523794,0.4307598609166319,-0.20161845217877175,0.7822258139338413
1.8239997476507863,-0.21449196796783676,0.5585997009501578,-0.4174917863570244,0.05133570391894116
-1.261785901938044,0.515093685721578,1.609999497392912,-0.1173536161814122,-0.7084314623584603
0.8622089592581573,-0.48677356859036186,0.9114497861134788,-2.3644044625538596,-0.75389516092382
0.13406814786968344,-0.44747155275335726,0.629104157210413,-2.150312138934377,-0.45225054899997763
-0.19850142281080496,0.10756309589781081,-0.12681629817931875,0.5912478030748035,0.9935516653291049
-0.54491781498494,0.33865998049786794,-1.1364259077779009,0.5071256070272626,0.29607274318818644
0.03002941412747447,0.05632211351977981,1.0427029724247912,-0.3947498181630771,-1.3063431878706935
0.30866340721345326,0.09092731148571707,-1.0975187914504716,-0.44857556452531316,0.9634801524341122
-0.09750458709303049,0.3610702765737995,-0.24618362057549745,-0.6654196469455195,0.28278471059665544
-0.2681578624844465,-0.543645045044875,0.6278752104243528,0.6784691268196962,-0.6039600580316917
-1.6196599002047911,-0.7045408227208929,0.6389215765561711,-0.10583193844766131,-0.0021253764933272185
-0.6928996918112886,-0.3099146152755686,-0.16373570600891985,1.5136365561080622,2.0849436003758166
-1.1409152043348711,0.5803396716483962,-1.9640026995824134,-0.8981197579400323,-0.7747427183967145
1.0280425656541483,-0.11798231883001395,-1.3697289399854455,0.08107442087453233,0.04206792377277074
0.4394565313087996,0.10902698596019957,-0.9855935460030733,2.5061900311161143,0.894629407416489
2.056905062214176,0.003470807302067781,-0.28950955709901677,-0.9336420524097951,0.43425757687023664
0.9340141892666587,0.08124473868840687,-2.1298476809306113,-0.36712164150317467,1.940312759811047
1.1316200923114206,-0.5880189394466855,0.10880006910000563,-0.6675578766728114,-0.02846091648224054
2.812871154098955,-0.13496395756578874,1.396183766502421,-1.0410392485562598,-1.9474668040802534
0.09608459487102176,-0.6382853706525026,1.7116926616310857,0.7430325286913538,0.5868002078087535
1.4723186643656332,-1.4681034136555082,0.22990393053786626,0.2561077313808837,-0.8594340731488121
0.8771328982943807,-0.3162146555560857,-1.1592263778542826,2.2902528221727927,-1.5180232999267291
-1.5876069549707876,-0.724156904591711,2.0616349741944195,-1.6215675849341278,-0.3625368633026271
0.22810042905444988,-0.6129760986309929,-0.5498957786151382,-0.44934632951844133,-0.8684196732983342
0.24984220158900564,0.9605751531852699,-0.11800673907262793,0.4448608805835153,1.467399821468114
-0.2171474097516569,-0.4692065613593134,-0.14905826830854563,0.36762460394413243,-0.3965499316163189
1.9038606351325713,0.31495418436511474,2.5624343166702035,-1.0888801263162289,-0.5681698539269665
-0.6151906797086856,-0.11384835404057278,-0.4404441035497023,-2.0889020257189093,-0.0162947339940249
-0.25666350096595447,-0.911553641895896,-0.7375941120204085,0.2292821983117638,-0.8333604544364294
1.3188179615899949,-0.8033145364871901,-0.40718217199619344,-1.0099360864985876,-1.2037464125396886
-1.0895868440016399,-0.29815794181015154,-1.2692745329584765,-0.40590175944167084,-1.4962980728095217
-0.2213438882575654,-1.0377548277747664,1.2056464629073342,-0.6611437321794789,1.023877725796325
-0.1376082767456732,0.1887312022478659,-0.23553861207661866,0.477902327219384,-1.5469210499770365
-0.1265307499162302,-0.36534453709886583,-1.4200978750926336,0.4493751851197581,0.16129368916772596
0.0869474536692729,0.17922769193400914,1.052806712870612,2.7663045649508455,-0.22001087121839555
0.7998958047515523,-0.8677678318156673,0.505796808771494,1.3376112449651723,0.5972324833581256
0.3702118000365923,0.5359166343276611,-0.5605439541187721,-0.5906100629474361,-0.9708060372749221
1.5930320139033196,-0.2352810186516641,-0.9852368804860433,0.5127336147766487,0.8303493426974187
0.1697507555378928,0.27397155259396216,0.6792653862419747,1.230315963239847,0.26062651318605645
0.18204498791908694,-0.5776179049277317,0.07863909090077291,0.8096920491076645,1.0725173794832663
-0.03337007193260406,0.7464918604519561,0.24042077870241443,-1.145183594020786,0.6696160379738633
1.056388722702616,-1.2014323658603379,0.13618131727491745,-0.1717313653980453,0.9976763764376854
-0.4220682746319808,0.31253391642991074,-0.7663447758560031,-0.024185421217151525,0.30785720497127184
1.0006059738080282,-0.3854744165877131,-0.3445114654838226,-1.1648192101707664,1.4383612309088487
-1.756573265899177,0.4718705730611048,-0.18205666015059435,2.2410355925808996,0.35393364790660115
-0.685291676020257,1.0667833476677762,0.8300725147708402,-0.31524850380910857,-0.025644234983269603
0.8991012713305627,-0.5019847776318023,0.5826732351805811,1.2726508482538252,0.6233354694673764
0.5902880786667799,-0.38823798838060886,0.6112199021875938,-1.3102328755865842,-0.9453746804123434
-0.25644065407177846,0.18723800014004469,-1.3086323856437667,0.6632073262485525,1.9774356411442184
-0.4923580171721603,-2.202925390007502,0.5333355676976855,1.348877885601924,-0.08873110392897436
-0.9483695346596159,1.113686016494697,-2.2107109370241695,-0.2887943188157768,-0.3859260879106232
-0.8679957455692305,0.34705744808859745,-0.5024978907766021,-0.14557349195030525,-1.5289569258934044
-0.4766387977549751,-0.3626802348408543,1.161469035200036,-2.6553320562051366,-0.16677189856243985
1.1065177428927768,0.19904102518911296,-0.9913667460345772,0.5211338333402766,0.5412526217748346
0.33088973752505335,-0.6604331866376758,0.09644364622988587,1.772634308736448,0.3941172705891792
1.0638401944892892,-1.5146314673392767,0.8296809360046987,0.5123897063383864,-1.0987075020152017
-0.28342457341261096,1.9573959185784653,-1.2443693040557722,0.0536463385141493,0.7266981305672382
0.7708241056868823,-0.0591801614042574,1.1553021656286984,0.6308098548685297,2.0820826521995994
-1.6719502851286003,-0.9745561145360808,0.12971439697934165,1.6956976764921587,-1.7126116500659416
-0.9323374621131968,0.2827701443094054,-0.2990446675640328,0.16105769367674638,-3.252521296560538
-1.4451723931927625,-1.544176654043813,-2.460516740379934,-1.2925940539002039,1.838985857136416
-0.2579664345235922,-0.3231756239445219,-0.08781756909598637,0.4536224962234393,2.1052947801576165
-0.7849223091138854,0.481225603217128,-0.9126754582282118,-0.47449506850312084,-0.3561514201725713
-0.3559050474847923,-1.711482468873833,-0.24675567295913955,1.8095102067397362,-1.629896553730896
0.3230323019895786,-2.6577885577238,0.12979511836597232,-0.6248780238517442,0.5331229648463381
-0.1724957073799302,-1.0849523384206416,0.7941653884319045,-0.4069220561155244,0.7772606084995347
0.1938112928905912,0.054632397109433024,0.22166704371341334,-1.0925245840734221,0.021387250909312674
-0.300060733760824,-0.49845594725141856,-0.05317388363099913,1.7878759204303307,-1.386146671984049
-1.2678782931955719,0.7332604770019319,-0.034079513167366675,-2.1817210060714953,-1.2080167047208523
-0.8392613967144935,-0.5950708449428336,-0.9300198208363116,-1.3563171990204743,0.08324566567231813
0.010979880546378197,1.81515972791911,-0.17338401915852067,-1.359478388924749,-1.7384480574395287
0.24541215216686027,0.17248365517479924,-1.307994638003696,0.6755706905378347,-1.3046878322340194
0.22132346379202045,0.03361628296578436,-0.8922408656079012,0.006335866972837191,-0.2628517158847077
-0.7796530081797639,-1.0657453029994253,-0.0008188022236422907,1.8481341667363633,1.1454954613672792
2.299132775703497,-0.3205517736339696,-0.5377970973737696,0.2647973695586642,0.16013798801771265
-1.7521888024843877,0.3045598311767776,-0.3140876510488825,-0.7478050248417671,-0.8842850809415072
-0.09765135908622723,-0.7998292760457093,-0.28097986270903336,0.5156112439456059,-1.583414682314693
0.45714055175271706,-0.5059821288608071,2.5858709245069678,0.06944352743381313,0.8524896714379635
-1.1021014376904796,-0.44412407087281386,1.1118716816334204,-1.244683680669863,1.2286260847990091
-0.64813221371828,-0.9588487691238059,-1.375135490013782,-1.2527671298365342,-0.8195287135614278
-0.6105405684062302,0.5255655627686567,0.7832196093167598,0.4971673455774255,-0.945151754491813
-0.08649845948610929,2.112115839078497,0.23223014661591732,0.34075318319091774,-2.151542381911648
0.201831615870954,-0.28750142070852863,0.8302864056178316,-2.187515637576961,-0.9820899404572714
0.9324154303985254,0.18318575639487797,0.4656297933897571,0.7178891684853902,1.7745678380338392
0.19235942407279197,-0.7861295633407986,-0.4740133709142974,-0.07533096609093795,-1.1809300400934695
0.7728857084223419,-1.1517051436492354,1.1958038427337419,-0.1803022364930892,-0.31978075668233547
0.15858147673146775,-0.4844785317594983,0.07777037454976046,-1.1721464753258246,0.9231074511415007
1.9808715256349574,1.2747456434795394,1.7738383463477032,1.299191729648188,0.5621827576749802
0.1709882823233993,0.29327852470737154,0.11841650015066227,0.3148184496770594,-0.9820335602484133
0.9350405591148363,0.7463809666758885,0.2633518247103015,0.5487747546635967,-0.3653758327191604
0.28024268976396355,-1.4218956212965579,-1.726215904372557,-2.063494624978252,0.08229923794013765
-1.6452559767237482,0.6844029192121961,1.5259226787006874,-0.7755304822090026,0.9118478844199467
0.024610576624625666,-1.1863003566960888,0.7844719021044504,-0.4320401550589081,0.23783797090238248
-0.6295225320886011,0.23743510161753398,-1.134537516924604,1.5051777988624473,-0.7919296336499987
2.1504464584389367,-0.5649514120609116,0.9047687353586875,-2.0461518030162384,-0.17925633158598583
-0.7974951228171665,0.17168094500658884,-0.5714468069147558,0.7066721996375577,-0.0397953382648319
1.1732772604289454,1.6143070782510613,-1.7807348804184198,0.9031530388912783,-0.8438949856892978
-1.4666092024638535,-0.16849409554103562,0.49941041916788326,1.2325152844897214,-0.2051971569106573
0.1350063565762537,0.07543553308981252,0.4475444821865414,0.09358818346789173,-0.03213685076468604
0.16842164816958913,-1.929971679081036,-0.5925509017944499,-1.622892776743161,-2.6061879024343577
-0.8031664976232769,0.7466412617880901,0.9854321121118004,0.8627882881347452,-0.10359234203410121
-0.7041518136717693,-1.6027808648741078,-0.023044212617019673,-0.17058449743420773,-2.0800521870853754
0.3823328145794459,-1.0083106008477059,0.7881795514761175,0.9464575519265948,-2.075223910790531
-1.193507594445685,-0.1603966423945294,-1.1103048359027807,0.4911951687641925,0.8703136096520937
-1.2731246094745627,-0.5594834491978803,-2.3012014700797856,-0.5114825012746496,-0.03601591626256093
0.5103699555019958,0.2474993928949685,-1.8912606503853295,1.5581599515865407,0.33346376149153106
0.3337747590709384,-0.3001281953386544,0.8255907774964361,-1.053044933630176,0.3273541994098437
-1.0122795608874713,-2.111846082817172,0.051043278158994204,-0.3517014178398713,0.15675905887544117
-0.1996876984499503,-1.5957944727656186,-0.41431146325937157,-2.134113601213239,1.072120074261511
-0.25907907224621707,-0.5921512077537897,-0.48232397998178284,1.8675819073147122,0.6453624908778703
-0.3249224929673629,1.8370920648301983,0.048024397369049614,0.6914605634768762,-0.9976198056592486
-1.566027304014023,-1.0351373315846455,0.3278798894393142,-0.33704835162813457,-0.5605840536228561
1.1698799483556952,-1.4193786580640197,1.1674193712703687,-0.5113712783694998,-1.181161029500632
0.3283205319067659,1.1741619306793507,1.3585458027055979,-1.7751581317302547,-0.30889715211793584
-1.1260856280997307,-0.21497618525041126,-0.04696054309830487,-0.9687656735299828,-1.2001830125167035
-2.2554829074359475,0.5155778139437015,-0.5225075059356009,-0.4720860313989531,0.2347238932573458
0.5603995147046943,-0.07518657432328776,1.8625096522708573,1.0237030269207448,-0.17215251689987585
-0.08272103907834856,0.4551089456670348,-1.666906298709997,-1.0071738653314464,0.13851667242995439
0.9002119842153558,1.1124819610829937,0.4879627427387037,0.15456962669696286,-0.5505871143288764
0.015560004364184147,0.4191039596869289,-0.1985887148857003,-0.14777274409453847,0.8566497895704747
0.5814322149167579,1.0239541859984234,0.6205189782454946,1.1359678387104646,-1.0452516026198235
0.9505317776750289,-0.7807716480981047,-0.3566974903929475,1.122260323768674,-1.1703603666317877
0.5823054763962834,1.1877195845609103,-0.2805428165611152,0.30469405707657654,-0.6341914247055676
1.1036947659487049,0.052642812855588354,-0.459691065972676,-0.9415374033104655,0.6767886092330074
0.25573756210141974,-1.2837647682550775,-0.03299099455456872,-1.0232777350777542,0.5500607685951743
-0.030869325138202147,-1.486250157516783,0.16102739243270606,-0.5626003341832255,-0.01111183092341996
0.10681390190789453,-0.895985686890556,1.6431386201891334,-0.9268809485732571,1.0060970727987746
-0.19691810683172717,-1.0306228251545293,-0.8306120164053648,0.3913355952320275,-0.3365569967062583
-0.5546328280308415,0.4488728743197042,1.2544418225419205,1.1008942095159335,0.24744574019350907
0.22816088027451867,0.6057378082637648,-1.5171789462112508,-0.4991973112942407,-0.24331003333657034
-0.3999110442533657,-0.7449631145030237,-0.47920299052749704,-0.5266342174498229,0.9863353527824698
-0.38508497066064246,-0.5594733431207821,0.1880421127519367,0.8084452945969071,-0.0646826097910532
0.4488171322766937,-0.755515933143603,-0.5267088993583389,-0.9407264878731033,-0.025418279771595356
-0.3092539441693807,0.7989608363507116,1.4594630479274042,-0.34695437970223825,0.379139819632586
-0.8840228281535671,-1.6344292392558168,0.24435447090145793,-0.04311810000150918,-0.9930668270335532
0.7289945131234691,0.5458386368908301,0.18489945277622852,0.9300674163602973,-0.07066219087240856
0.9891778588400513,1.1413563424007889,0.1517318707231756,1.0181189663326653,0.5852455420855154
0.4120561541190303,-0.6640890354775997,-1.2389364570835182,-0.12223908896470036,0.5272963587444677
1.4651976634394293,-1.2919596957534254,-0.8470314063143622,0.6428070276130935,0.09304234460416994
0.5202718983651369,-0.881613514559706,-0.07005823636631132,0.05759026465211069,-0.8736144854668894
-0.19777998245588668,0.4284457847813781,-2.2795560986277486,0.640146451175462,-0.3812618667559087
0.6643410566074825,1.0067783879897634,-0.773049653349159,-1.532578136896929,-0.16338608545522385
0.40460722574936275,0.27651188230101276,-0.8086599063093433,2.3185739524259534,1.4097500350835015
-0.0450906025980459,-0.3797783551609664,-0.45466381614553036,-0.9723888420302366,0.6917994621734609
1.2382574973892435,-0.7215811019301132,0.4296774823761058,-0.7881730836646753,-0.3668448728238615
2.4348265888317395,-1.7779775225867713,1.3784578139524881,1.3762495158550052,-0.5930954529311729
0.3755796630848256,1.3295666360693519,-0.5331751216702945,1.4499087368006893,-0.35818065837950935
-0.19524685867711747,-0.46872163841648373,-0.363730775147118,-0.8426798352737526,0.9054793007971469
0.523834523463437,1.6107305266993215,-0.3654829305409107,-0.7148380926185824,0.1012170965955758
-1.1171245354490944,0.08716889467593074,-0.7446956222179227,-0.664895335973043,-1.069975575220874
-0.7204014262159089,0.15811825102625218,-0.6629526990377528,-0.5149284156959703,-0.215521565424511
0.20982249105678139,-1.1119145466845235,0.5138861310480013,-0.08590637119546263,-0.35092970319394967
-1.3422736300079035,-0.09785917922484522,-0.6569672193527707,-0.9810111442140957,0.2672720260116425
-0.728641474485955,1.17538438168252,-0.08901717164907968,0.24991362384265042,-0.15073372710676103
-0.5403847486990229,0.13879482812001712,-0.9708320890658874,0.045204183581894444,-0.039228369666182074
-2.729174282386457,1.9745941881007045,0.18655791253940535,-1.0371763217095258,1.663904460077359
-0.03779164127355514,-1.141489332983879,1.1846615889761816,-0.2980180841735452,0.7991561478246696
0.660456051455713,0.14992154156424445,0.8091536087577815,-1.123284916384823,0.5651017857649323
0.9396294524704403,0.2405588419173372,-0.2108370136358324,-0.397260136537568,0.01955372471066858
-0.5326400788414059,-0.3939061331511126,0.11031116272109062,-0.029152974029328187,-0.3202892204542703
0.47919591771162573,-1.1993994884199015,1.9306327095230307,-0.23127404292008175,1.041191176915183
0.514288859427803,-0.7147496758806283,-0.09202420021827874,0.05619654448605429,0.6170640529931628
-0.11024887623666177,0.44879450470458765,0.07489068468451497,0.3126705025817095,-1.0146955791943622
-1.4213719921179164,0.6795238530072585,-0.3277436153059852,0.3953739506723462,0.8659643980517577
-0.4826278894589283,-0.3283440504599537,0.5584247733900806,-0.94519593241206,0.17931909878366664
0.9660000966326542,1.7646571971088898,0.503011378634095,1.062009079438304,-0.08083779205350156
-0.6592343802821031,-0.8871662278175795,-0.9889412701271274,0.720078774906021,-0.15869438409961162
-0.5853815781122376,0.06497183343408267,-1.338798461114826,0.307494518041984,-0.5561427833816149
1.4376720491691122,0.38167989163407695,0.755496229143628,-1.4420223331479123,0.3398938772150756
0.8641685394326113,1.4718791507463278,0.7082318178372231,-1.0455165895389567,0.7452780655281043
0.8260264915871388,1.3690584465773723,0.7107850711431228,-0.5095749144985917,-1.5896369736069556
1.2206185857215441,1.866309056028879,-0.16115858261981814,1.5276067314090451,0.38205659695186756
0.749089474319409,-0.8775698551323181,-0.6778737122707702,0.07078203739890125,1.4751699717285263
0.5274402692405827,-0.23058353910280133,0.0755929041275686,1.403458896897198,-0.6980205782115313
-0.5025460307595156,-0.5349421844902392,0.1731808896312176,1.4021574585977314,0.743778853446659
-1.128558572184267,-0.614970847975391,0.8456450123763707,-0.06472015610592075,-1.9435850807698674
0.31467437086326544,0.034080751379283125,-0.35472622244733626,-1.1268938887293163,2.805802621588446
0.2236736385565491,-0.5908419664382292,0.5439796012649557,-1.7323665845195655,1.1790230650153732
-0.3493534188947943,0.6858414212223424,0.06423596260474024,0.9203206464624579,0.8533678524037023
1.0658398753358054,0.3560143538175312,0.7276096238502431,-1.5801260641847992,0.9641740146448106
-0.1502155742764605,0.3221263213380051,0.24969289854253923,-1.1388558492774548,-0.5362251748650226
-0.6866340760904819,-0.6763714750175968,0.7624145100543216,-0.365098392648614,-1.3867497089082856
-1.002804842923484,-0.018700390360133684,0.24547195261558707,-1.1548813339364465,0.06930999004065329
-0.6823670318323124,0.13940925675110805,0.7349225773582971,0.3135295806262982,0.544278520958177
-0.26717070619774935,0.29799409390587966,-0.48140952935273407,1.3566612526599229,0.13116833139055997
-1.0194296177621849,-0.511927657311212,1.1333286315244413,-0.40053606680931736,1.3698071854137024
1.2506465080983094,0.5352177843383458,-0.2713748338561866,-0.699256840985541,2.2111701121686678
1.2577726208807194,0.650323530808917,-0.8933562789485477,0.4910988564054745,-0.8383243697092423
-0.9971451149414527,1.2346947740608052,-1.7031896361604897,0.3948604300181811,0.011325574506742429
-1.239183221524816,-1.4461568763730726,-0.053555934818454075,-1.4755733244031577,0.634574445780226
1.2513425970825953,-0.25136246265220585,1.2414400702832968,-0.5755474464560959,0.7646308039596195
-0.37756509325097243,1.4644518188715305,-0.15951443819632624,-1.0418922066159648,0.9567081682100712
-1.0772332836432985,2.276099819678108,-0.48556124830190345,-0.39922997282804473,-0.08294583268414966
-0.045116870582454706,0.4483917995975929,-1.0899721065833305,0.6653052501860935,0.10725505948940456
-2.128008613046355,1.5785492364843954,-0.2788405978204662,0.18238804771042427,1.0773466265751912
1.7785393794225162,0.49575287960367675,0.14772736232132963,-1.101954472731277,2.136692137519127
-0.08476469463594177,-0.5838466642963066,0.6929489529151629,-0.320392333754804,-0.16035938574208625
0.20570291577979133,0.5412369046866371,-0.49585580362812504,-0.5023371866291696,0.47044220463970965
-0.41169839286575,1.526700751765456,-0.5621565152425653,1.0248287258354614,2.6199047688231585
0.5956915354252245,-0.35418320748987414,-1.5295361857936673,-1.1017462691775963,0.36388844281882904
-1.058979587358139,0.6517384616611508,-1.4864013356356691,0.3020147775078695,0.6241477174973626
-1.737612309687105,0.5560245455709013,0.646204626776955,-0.6320468203959543,0.44320529382312196
-0.023907517909764215,0.4112297404189498,0.9394711592899875,0.5291077494305926,0.5869158846591549
-1.2410512768928266,0.4437611276437673,-0.5587316400945709,1.2353733429086364,0.6752603884998583
0.080645747669771,-1.8448360249407432,-0.21726818825482408,-1.564218008328886,-1.3709763774916182
0.37838478332871334,0.17833048231652923,0.9499040429667677,0.009716134819985577,0.2245629371727023
0.44859222601036836,-0.163130167191907,1.3722948026314836,-0.9889939575240069,-0.9406841383673864
-0.7135894081896794,-0.8444219934110766,-1.1525985638878975,0.33969209279282586,-0.6130581026565399
0.041577263195311576,0.5585177604166627,0.9183480159675356,0.2030274965154513,1.0995915839444943
0.8012386533479424,0.8601756673111718,0.6767550910113191,0.6351983021485927,-1.4099749005558309
-0.8324383414648329,-0.3412837258004398,-1.8657558630311764,-0.2631196598809576,-0.6467404746873991
1.6424878475371698,0.5128202651663639,-0.0765258227041814,-0.36005784651534933,0.7748863586617419
-0.7291635509904196,-0.18061354430167054,-0.18977913622386716,-1.0648848238805158,-0.9094461632127903
0.3501445377854469,0.3686172845322565,0.48104696545530845,-1.2292824870453414,-0.9556356105293657
0.5118843345799752,0.43536138856486567,0.5102651942048209,1.8200339510456933,-0.570094096915701
1.5692153603512504,-0.1261765358803224,-0.16019876061374758,0.00822919260080213,0.6810493248122821
-0.5299894468237552,-0.04540559189499902,-0.6017719694065882,-0.467664710697759,-0.398511093992769
-1.8194797419605246,-0.7937553475835641,0.39255512133958187,-0.8538367839811298,-0.57668593365514
0.16090287444545698,0.6912715939780598,0.17288042470535372,0.04198197335312854,-0.10181011439088496
-0.12350703617781761,-0.341772105285671,0.4706549268088889,-1.1298998868190535,0.6901520803854077
0.4974855545832188,0.046521153745029194,0.12979102781094515,-0.21336695199074246,1.0931118340273678
-0.448600719246995,0.7961869607564234,-1.1087741558719437,1.0272073133123518,0.0677855954446409
0.6152389196718449,0.44044691523319396,-0.49026651491233425,0.05243129941623251,-0.24475800324948196
1.5666014273930666,-0.8349885140068971,-0.3291212202783662,-0.44114016034209774,0.303659919898104
1.0170849235190371,0.3225521153978398,-1.0584739548421147,0.952097629243332,-1.6665308786116124
-0.2145268188973248,0.9888333997051121,0.8269645755699838,-1.768995322485674,1.753888057049653
-1.58644526774933,0.39713095226174255,-0.7114528066558387,-0.5373833208991422,0.34917380931823505
0.8934728208373104,-0.7350449702385499,0.4671969598409232,0.1970396075603968,0.30426662275992755
-0.9830983087647386,0.15220653990731428,0.1614713394540696,0.5459605560865309,-0.6399447691061324
-0.3763987385788636,-1.6016865100249729,-0.7486337820223177,1.4460569510410333,0.5552505609456416
-2.3480277373952805,0.43291127679825325,-0.07229627203815323,0.712018040965274,0.7074908004047828
-0.08942116196741758,-0.2758736889073512,1.2735781846186771,0.9824467812862863,-0.46313024870562713
1.330708120841991,0.13181276001469855,-0.7897804630861857,0.46860347984797257,-0.8071956240963117
0.7342572734025393,1.4312043488632764,0.08869553056251897,0.4614261810262713,0.29755586288267244
-0.5625269835347376,-1.5621620714640605,1.1693368246547757,0.9029301725254187,0.6293462360765303
-0.19895454615355493,0.5777857995946811,-0.532622488345348,-0.10023881820767735,-0.9637790481234044
-0.1343807579675737,-0.0064947782872400205,0.5275633762233839,0.23049665028187297,-0.1368260626062005
-1.240919621583659,-0.7543891640993682,0.072283546771586,1.4007202698772898,0.9409545560616891
0.7260580304190045,0.25377713546658837,-1.1738444423939298,-0.7275885552472626,-0.276240482139231
-0.14394249084165525,-0.54123300101806,0.2822495292367143,-0.4206194170493957,-0.5147184081446834
-0.5478214703789908,0.7616138200404069,0.4730906472803471,-0.0472677845963633,1.2127442318597366
0.5576216258372255,-2.6152102925858958,-0.16049968184016578,2.173104406780154,-0.29908318075893314
-1.3905391215978495,1.4188936824293732,0.27312850158333035,0.02085264073061872,0.3509422218846665
-0.07623294512509296,-0.08873537828959506,-0.4462349626361126,-0.2525497338056178,0.351197107112134
0.6215094285100322,-1.1947662416055558,-1.3157881479777176,0.5188040114583511,-0.40837392230230113
0.22640895177413378,2.354296107080303,-0.41111050266095345,-0.25233601362286595,-0.2140854458547158
-0.46685516717615994,-0.7881288628912042,-0.007351423057470688,-0.39300221848832834,0.23564279219994816
0.4153528430971566,0.6785803406014963,-1.3454702296022802,1.3159153670191197,0.3763536029694672
1.094910735618427,-0.5276051321758354,-1.1218709193843286,-0.09020004124134869,-1.3048434645240432
-1.5699802215745686,0.7728921668983014,-0.7977479303025833,-0.35853288394289007,-0.9790202967605556
0.07288565387420408,0.07151317107346684,-0.7913891140258079,-0.19265650697553913,-0.3262670935405275
0.5950036361083816,-0.19018060241661072,0.2712201351994861,0.41685970714788884,0.33920559995975963
0.7373328954921228,-0.20032714466625554,-0.8669034333881701,1.0872520470417786,0.2909112029940163
1.1510810683340431,0.7662831069403974,-0.8377202809936879,-0.23175641302122016,-1.3079238226426855
-1.387211028212918,-0.7580390058414477,0.33163048092447456,1.2244048925149769,0.6161063221248197
0.5825350044061817,-0.8973751051737047,1.2053685902947164,0.5105236081686095,-0.4613615032535083
-1.0138217091854393,-1.358906934812891,-1.196809990793921,0.2654237224245339,0.28127102662720355
-1.0312694907268118,0.579735497295331,1.0318329155874442,-1.2795936891590098,0.9607628232412223
0.31687471818642937,-0.7265958198502676,2.191927236602616,-0.2629650865723294,-0.39572554908303587
-0.4092482763786516,-0.6820854089744197,0.2658346717963398,-1.3840959569774616,-0.22916616869478512
0.002858248468410643,-1.5887580992629091,-1.0736381559993822,1.1795967248246084,-0.47703831917856987
0.1384212381646719,-0.708376093053988,0.6182524138273069,1.2217582608480266,1.6203563440883166
-0.5646007782119914,-0.33374297658219715,-2.0831614815116937,0.11276687958107826,-1.738312958675534
-0.9650010519927167,-0.49626431734622595,-0.4606500500374374,-1.0909789415226103,0.010044398994633169
-0.4548089646093367,0.46117227249002674,-0.04717461591389386,-0.2581370245147998,0.17421537978147986
-0.43943301243080596,-0.6232000369935253,-0.06269117886459614,-0.3363506416915039,-1.5653909637544965
-0.9908957161958163,-1.7251771589926546,-0.8910306606550266,0.37509957657074233,-0.38754759129943056
-0.4876342644181552,-0.2760732094568115,-0.028008373028636933,0.3922850195482897,0.07393806466098048
1.4492806247323002,-1.160300078260702,0.5103073303159732,-0.9044650918889773,0.5577831475012698
-1.5080393125961575,1.2305588195804855,0.8325941897601384,-1.3352899428550387,-0.6916585475057424
-0.6491419445627653,-2.3012442166404163,0.25990539493422216,0.8803415424204696,-0.40415854498500964
-1.1022279277599671,0.8805107973813096,-2.2380609027666774,-1.4118978032671543,-0.5399022231596541
-0.36084010185783494,-0.46599417805102844,0.6323630581456056,-0.5614671396276341,-0.7444508793496282
-0.5128015387230174,-2.3244514314981517,1.4618861176519107,0.7476684275245591,-1.3907093977108704
0.7230397082713826,0.43912058177755503,-2.8091129163629898,0.6322280424679425,0.6283849015384809
-0.34785170310657737,-0.583897585148312,-0.5337031900807069,0.2841959446403316,-0.15110485877106852
-2.00577381846869,-0.048351085802436806,-1.2305108809238348,0.026850346112852957,1.0448527207928626
0.5485767762034126,0.7346123494161552,-0.23845048218404402,0.2711893998404043,-0.23840347040107288
-0.040425794482278024,0.8567177175870078,1.405122535044222,-1.581621495667626,-0.9195186244689162
1.2269005816463345,0.2611304095026487,-0.057804098985059206,-1.571044973376847,-0.5034846591372182
1.4415337317389385,-0.9782219139397632,1.647126149507631,0.6465987534276016,-2.1140283861576483
0.28176399198942026,-1.49712265548371,-2.023983473411639,1.0572592883497836,-0.7284432021354371
-1.9514234247363056,-0.5681048090413482,0.746315222916795,-0.40907722953193615,-1.23350372325674
-1.349317863546633,0.1574124351731907,0.7931449472689127,1.3256321544800223,0.04312842908616234
-0.8878173503568245,1.5930117642228983,-0.6790660887291087,-1.3476959331049443,1.2395644651956506
1.773163213652676,-1.4627980242461678,0.5873714673531629,0.2414441090658488,1.2847763905330956
0.08354245327982346,-0.9836160293561432,-0.2647716585843747,0.3799866440026069,0.42689963855383334
-1.1093397298498962,0.6302027604437471,2.093869098124245,0.228080087965096,-0.11852796733809964
-0.48927520357021437,-1.423843355365666,0.3345422632379268,1.073146661786828,0.2975723228615102
-0.7879399937928572,-0.08703973584809827,-0.4380707665218455,-1.3962684717968468,-1.0829798659799381
0.4686580683740904,-0.572135574430443,2.7137833919037075,0.11212380286641312,-0.4128515953633718
0.7087587202757376,0.30598723464733574,-1.3101076210970508,-0.5806647465164102,-0.10230896601635743
0.07713968566146455,-1.321792332235443,1.6480059009985843,1.8513266037849674,-0.2103188947427803
-0.38210557542349377,-0.005664011245484746,1.0383108904586407,-1.5344198534491729,-1.851011350067637
1.04934645585805,0.13931480645630592,-0.015872179375148336,-1.567638632383687,-2.6132959074131383
1.0956945794286688,-1.1609925550583993,-0.4575747093434514,0.30813375620898087,1.0361017272399782
-0.8876312749403911,0.009799333082469717,-0.2019368726323353,0.4216285292772326,-1.203558313567018
-1.6225849543940274,0.22235768223698008,0.13441323631491528,-1.6617423987649929,0.10313654173420575
-0.2157196527218652,-0.0005249061932527254,-0.051061094233867524,-1.299217657160227,-0.21409482932764243
-0.05474198385327335,0.6361632966685771,1.1747668613777729,-0.9756579728425315,-1.3803170965664069
0.4632128385052144,0.9004932325294612,-0.4260781976402044,1.398490518251732,-0.04397119818329483
0.7030872868165751,0.2180366303640244,-0.13267727554675876,0.4306682373140322,-0.1284017029368913
-0.5669870377825535,-0.3286211732092594,-0.9872129951934492,-1.498978792504463,-1.165086445809354
-0.739155996363908,1.3822802496580668,0.4469908881690787,-0.6269856354401927,-0.10243721482868523
0.4223017649800937,-1.1147185380252678,-0.38451968551573973,1.2700031483171976,0.663320755038527
-0.9727000907787415,-0.42293865347808973,0.09909145662653442,0.07700117882021898,0.04193639314326449
2.204863938473009,-0.9391097020042121,1.3464291000462767,-0.4926425547398168,-0.7427146020124117
0.3766734413715827,-0.29343655462843504,-1.3389825551382664,0.34377518683916064,-0.475627058989788
1.133003128846828,-0.2982838305381885,0.14343657933195716,1.4637663232643465,-0.036100506448227314
0.1979882837375047,1.2991864389989036,-0.7441355207295527,1.989011950881642,-1.7014436165484548
2.6113525465990204,-0.8742988184973267,0.0684828342089178,0.7323870694902594,1.5014632618411314
0.8281279706404591,0.6596458638319022,0.7919127613184657,1.37154775315304,-0.4477491424933559
-1.5737903981008279,0.2354329118103423,1.1465491017496723,1.4115218021370322,2.0012871349886048
-0.6122684622489392,-0.713858180207708,-0.14529969014885774,-1.2779758708311038,0.8916998760240527
-2.2942948873148055,0.3842672547075349,0.5267567016456078,-0.11548023148299685,-1.3205124742579686
1.5712789873272117,0.4051834139735647,1.6122308025390069,-0.7617738565809533,0.1621567126423646
0.5075760002000019,0.5296446423444412,0.527986150568331,0.940626352507526,-0.6647526301697574
-0.534800359963016,-0.7993713030822771,-0.751768280320096,-0.6874663096227409,0.06003426226882424
-0.3876323719427275,1.8679650658706353,0.692459683281495,-0.19038653710597564,1.6382835545801873
-0.8701103273888747,2.1781796451479556,0.35071488735009665,-0.33342971260420795,0.9723142979003886
-1.5468598861925698,0.2726684210149822,-0.8351435969136386,0.16212563510892108,-0.021877042734073506
1.0153673005014223,-0.686146236924679,0.29418521841191836,0.7417098018604629,-0.5516905424533588
0.12634054515303597,1.1347501720251771,-0.9270698297134541,0.23301194819499238,-0.5955478133460589
-0.6311367149769328,0.7094764193900922,1.5588461061179077,0.07763136976289177,-0.21646902898557877
0.10558787388603673,0.3977948253910878,0.6172073647999358,-0.707749122226001,-0.20178963232648275
0.8941048424575253,1.0427477315233415,0.8112299174814583,-1.8276784792099166,-0.39372675032981647
0.9304016565890989,1.0199611026649087,-0.03154284768812888,0.660507335187632,-0.9400567096429575
1.1715683937621495,-1.0924442045703504,0.19037378981521316,0.3774615030250785,0.12733110591369667
0.44776174498179444,0.007453709484617624,-1.387083771517713,-0.4200806914676693,-0.009478999627207824
-0.09621374804666313,-2.0278219389292373,0.12658959546219564,-0.2888449391649702,-0.6893248353339858
-0.7684951879572565,0.10328529697612714,-1.1350955127322822,-0.44790853293529775,1.3457703460520432
0.05548200214090444,0.45777850387455543,0.900631178907656,-0.11626957181922051,1.065904553673454
2.5674483074541135,0.1562379457463137,-1.3861165935454856,-0.08722303023826072,0.1447206295195001
1.6627179357574466,-1.2230456371682137,-1.4550777430997226,0.6526427617130682,-0.261257592140644
0.464912834666916,1.4950715226899933,0.2487966590571195,-0.08251280822010318,1.743451584831938
1.2969752616600163,0.5406144215219786,-0.17166500215954184,-0.5142858680709956,1.5511189139915698
-1.2653136046447522,-0.20254911368046205,2.0221606485924553,0.38222874864398004,-0.3221784090921403
-0.5684550711488728,-1.0986673232520872,1.0349239688210388,-1.3455296829599912,-0.7717592811378279
-0.00971514502462896,0.6566913503594491,-0.009494420098043794,-0.6410780466088252,-0.06389038114041411
-1.2536511971572946,-1.7671683920401215,-1.280723363524371,-0.4895404998025716,-1.808272306670481
-1.0028317096808488,-1.1774989233770097,0.734844863857757,0.5630287192266784,1.0235697323698005
-2.4880466748058923,0.39028400088459264,0.7162485028153371,1.3675670576020396,0.5486101598086577
-1.2299392541023957,0.5413530096259807,1.2445745555232623,0.5860190632985572,0.4730095446688874
0.9344217165137538,-0.7375590085307134,-0.47289858244990773,0.8346379914058697,-0.23236212385739122
-0.8104310387528296,-0.306738687829996,0.6787717413309745,-0.9749543096364256,0.9178057287891788
-0.5721713610234079,-1.100047516564522,0.8979168526386873,0.15411170195107746,0.4384959205841883
-0.2057641514591805,-0.9237631259585968,0.623872568752934,0.5534222459389644,0.7839497977353769
-0.6417863853001112,0.27517617506957254,0.030901752257764037,-0.6142979358141831,0.2810141055671165
-0.9318430054809029,0.7314375335557832,-1.012205605737258,0.4113144490980392,0.502331238261836
-0.1494141601384122,-0.18064277940346676,0.891436796582415,-0.01681473784421217,-0.959254470950691
-1.902416968241287,0.38158267835681964,-1.1582709169245031,1.5238713859070194,0.158473070190121
-0.932104150121552,-1.6571635229625108,-1.3051186942830493,1.7526941575650885,-0.4203672022421609
-0.9675719845071798,-0.8067287450991949,-0.036167041835274125,-0.34798417453153196,0.9494692361840908
-1.108497540512628,-0.08154158628086713,1.464054720819393,-0.34774741452244684,-0.32922099026739277
0.4791790204846678,0.9810722792490831,0.0678006514727895,-0.7078672189252381,-0.9469846678495077
-0.5056730715679069,-0.22962028320996933,1.6853890327352885,0.0823912736870328,0.2987087591409614
-1.5030204565875256,-0.6230640899398107,0.2593137640694598,0.6916759478808286,-0.3230677789554352
-1.5471258240547474,-0.6582152375029975,1.043972261473593,0.6860383725197992,0.44301835612279084
-0.8014194824376787,-0.34187973423479245,-0.4532592802293559,0.6803992948905327,1.0103439292698924
0.8207757102023836,1.0080920298320266,-1.8664759304661152,0.1660190323773542,0.20843461120227932
-1.7068149389637943,-1.4613939124697495,-0.32926943611412207,-0.7452125584247208,-0.28386729858609927
0.34507684233531777,1.14020463186841,0.17043665715562148,-0.2836234980611951,-1.6626567166628166
-1.0798594945970028,-1.689609501931564,2.3340305368627767,0.2474167379108602,1.5443772391829955
-0.835662194974916,0.3188056082784963,-0.953050250645579,-1.0088610253500954,-0.16865457464651737
-0.8992757048667747,0.006337202049741098,0.3032856554798658,-1.2417929965110492,-1.4452935121503987
-0.5068594646201308,0.028066609195866437,0.5066362207111272,1.553916928134948,0.015125496402882967
0.09754385289951172,-1.4664381113643543,-0.37785870323377047,0.6601468756447157,-1.631750197845904
-1.036235651433071,0.30638315140830125,0.08922213176345149,0.1439811588101423,0.9207624592639534
0.9708528523588789,-2.8722140083343026,0.24437769375822777,0.1772886971310112,-0.6602382396227117
-0.08954890900296619,-1.2110989131560683,0.6315920084159664,-0.3575855025114437,0.629797610335458
0.5928126223536542,-0.8402998955057724,-1.0845844493151684,1.6251246973597593,-1.1395403068060161
0.7814624077171084,0.587047008262613,1.0751340976817891,-0.4342289897793347,-0.6608047834192508
-0.9357017661091568,-0.88010939509706,0.0747167045630344,-1.0949944125031745,-1.4133011126586847
-1.2438574446481778,-0.4489751578409882,-0.903211110678836,-1.2115397629248579,-0.0359222622141035
-0.014808749250217723,0.8989062598324257,0.5449000351039716,0.3448981030715172,1.137594335109484
0.0885327141236096,-0.7146936320725099,-0.24366636648115084,-1.0477908833095981,-0.6475030837848803
0.8410631560269684,0.919043608815465,-0.7416871462666381,-0.9118264836041526,0.8690049098943718
0.7716994582075994,-0.27210830892699545,0.4191162636043518,0.16423667066426054,0.41880689876160465
1.2286388564740545,-3.6068637137546933,-0.2945134445676758,-0.9222116489338841,-0.8404385391898322
-0.5035591120977273,0.9966700351447746,-0.06950755504583817,0.6817116136593874,-0.983257966383704
1.5939057320709473,0.16799768809316049,-0.9165799385513175,-0.25943617942167285,-1.207756470537498
0.34362744490400615,0.3015348584793327,0.5562536129213769,-0.24211320828606356,-0.5486624795211628
1.1083577947061292,-0.14177343583846969,0.14830402399058207,1.5116726723800076,0.4296111569387216
-1.3697600741376716,-0.40584602628656674,0.2813844960450627,0.09965801129374101,0.7364174447782804
-0.026988095262450145,0.011173942448169953,-0.4568208870317093,0.1358990668273038,0.15124760949672325
0.7525634184453718,-0.6936527801608424,-0.303167277071697,0.19057127190853881,0.2871353421708054
-1.9831587626328968,-2.046735820086353,0.49866811894919416,-1.6680380603569465,0.1718835120682529
1.5433427442050183,1.524545231821823,-0.2252382926042334,0.5785701757246902,-0.9348424407775923
1.444264144240628,0.7528482835120951,-0.29213230869281864,-0.2713158553128398,0.8847269789050233
0.3672241786166795,-0.29054374725690457,-0.8044645099043096,2.564667240996734,-0.26686596858474476
1.387262809670572,-2.3492313592411986,-0.9399836789662167,-0.6617044220975594,-1.5063006894185684
-0.8610978606065247,-0.3676087046144555,-0.2418297143798372,-0.03424390822071275,0.452505647444155
-0.4275273873427631,-1.0611676255362168,0.09821698960543015,2.3964912564653695,0.6351939851072791
-0.3258507397165475,-0.010876724198466288,0.42131045766791625,-0.24369635381423504,-0.8615795713878885
-0.30450142832568394,-0.20591159295462552,-0.6294827215872476,0.19754666969307932,0.24507015748386501
-1.113939196771958,0.36286576176656365,-0.9762166737102483,0.3597410664238034,1.3862370069537633
0.8986288659468118,0.5239717081273368,-0.48301395029430233,-1.9611702234426753,1.4468674967509052
0.7625394343362559,1.1527786454463393,0.6971107070175575,-1.5974481540296088,-0.47572164911237264
0.14802013417586948,0.6237148400421049,0.8133574207702503,0.1784036869637395,-0.24591555863365858
-1.160226394391402,1.374988979872834,1.7772014988608091,-1.7843324338730198,0.7668001698398036
-1.4067046482110703,1.1019283521088956,0.5842172906908565,-0.11159448422619396,1.1549997664955207
-1.0209650919899846,-1.5151425455501275,0.9369198454892385,1.1438055543165802,1.1123990470558465
-0.7743925898965913,1.4203825686944196,-0.8680054748697786,-1.4524205076416745,-0.24459464382327256
0.50435960507255,2.1804307685599413,-1.2967782303048452,0.11306772167712958,0.8583747010071655
1.3108902539523033,0.8853396903370158,1.1870377701341503,-0.22299081336398055,-2.9142141122759813
-0.11583851557233554,-0.6594913304510341,-1.2688112085755048,0.38789017854681396,0.9262441140161826
-0.677531881949141,-1.3978169034634536,0.7054646173778165,1.3950572994975963,-0.48887350916287803
-0.33775988373849597,-0.015508306939220904,0.46281753521882996,2.888133475079115,1.4421805808642156
0.121089681320589,0.44428987035037143,-0.9158751619712908,1.968122347214946,1.0452207907750695
-0.20120848409426892,-2.2839897672933516,2.094166715761562,-0.21126498690913675,0.8670860428393279
-2.2255364266051005,-0.41133947365454765,-0.8020772402951442,-0.6016921009096141,0.9281062207453286
-0.26181419715253706,1.1478507079651155,-0.5113417229613849,-1.318144509395406,-0.29888468123501044
0.2890845646855217,-1.8531115762338681,0.6906474695878192,-1.1937410356673164,0.7482217232430336
0.7545081675107878,-0.4576329866478074,0.00042080445022508995,-0.7835058984997442,0.8965642060811048
-0.4060077725922768,-1.4345089177514754,1.4726343716119081,-0.6526194616924484,-0.2979112117463139
0.26483691749385524,0.7169061871808078,0.9711584342395585,0.24876176575377743,-1.5514013724110491
0.3018073925699313,1.023440543802228,1.0723902228445683,0.7062429342250024,-1.559390019884341
0.6316005582504767,-0.004165514222303243,-0.8008164415662391,1.1221877003586267,0.36541817301324775
0.7197621426481905,-0.41469392364323543,-0.4323395074501725,-0.5688164004492207,-1.968438264846095
0.027310283644310724,-0.782005584918672,-0.07545978996120906,2.104498156860536,-0.3511362599562211
1.360158715525069,1.0017784839861863,1.047246084636299,-0.31013238128493237,-0.22078834536427688
-0.022352635148021112,1.9515682222884858,0.3754849030874934,0.1564680384139666,1.1305729216483662
0.24743786277496047,1.6307771572723706,0.575448118729939,0.02868389098327346,0.8595244276294522
-0.23799052861183168,1.1492213247161585,-0.8637061784363049,-1.0619697158616885,1.2848512011782094
2.7313758180774577,1.4868478366477063,-0.17926115035117796,-0.11048780705709586,1.55477740584936
1.341369259400644,-0.6772327305508068,-0.7572786345379876,1.3863651411013098,-1.2810783345522563
1.122971318419237,1.8206395631450925,1.478693781373959,1.14074696431246,0.3518683226757861
1.2530711638662078,-0.18087872847497896,-0.6637971406477471,-0.5375346493954469,-1.2347757431468904
1.1700372349690347,-1.7937531219462692,-0.014649667273694916,-2.6317485082684238,0.9383632651652462
0.3920296798960902,-1.6543631830382561,0.23740752846232913,-0.507619822234324,0.2372968281165702
-0.03915082101120332,0.1055882020226118,-0.24084220358626782,-0.4748850428812339,-1.9884189035776052
-3.498441759600879,1.5315624840322906,0.09579790219223458,-1.0496361328224206,0.5384970716444085
-0.8222407213148526,1.4306586507908032,-1.18393121324188,-0.38014251452138487,-0.3669470152846308
1.1066913156576141,-0.5366583142043184,0.2656726149021656,-0.9826835355217507,0.9108030454714244
0.5905670218769425,1.2081998810329295,-1.9127158775010311,0.8562927352968346,-0.9959828851587583
0.9385050378389911,-0.15128592747807365,0.03696078397296802,-0.03497422255817635,-0.6223268307161233
-0.71300691482978,0.5259257202916741,-1.1198681758567284,-0.024550003018018046,-0.43514668706413906
1.3691933729684076,-1.7972601680621707,0.16871954195328048,0.5535391133347572,1.428133721941188
-0.7305163316981642,-0.17955276031107753,-0.35410751205213253,0.45077652244099337,0.68168134169664
-0.8030959393972941,-1.0937515315280537,-1.2468779934097842,0.9123926828689707,-0.3836091981312781
0.0278826509258937,-0.07368437901264323,-1.0721389030919206,0.7293875449672997,1.120676538029461
0.74267841509183,1.0615465282012688,-0.38850552098648056,-0.16865643856382792,2.1025494008120553
0.8976195731548658,-0.6935415961502741,-0.2588036307461876,0.6106176731927377,-0.9351323449139034
-0.35318192913319396,-0.03823016741940644,0.6148619558936836,-0.07456840843351517,0.031054012579539235
-0.5808038327910443,0.6341109292887863,-2.3080796754360753,-0.36977134545629775,0.5363451861728864
0.7924868145200226,0.6623742318017652,0.3586877903004545,-0.8774055001889132,1.4891392278863267
-0.23142906896498067,-1.0684682791242828,0.18018216069054382,1.18832178399574,-0.6815378609201687
-1.839615788123598,-0.562895153536481,0.039773673635038025,-1.2524681545784553,-0.7304560184169727
-0.0656798761492611,-1.470761239950457,2.1082244579776197,-0.2044875176191454,0.021993527264752843
0.4906747182962944,0.4480570250933941,1.2445870816033915,-1.1829476527504368,-0.05627378448982359
-0.05235398388333026,1.3305859564018818,-0.5956164495248724,0.38156627555998857,0.6273943512157665
2.02403158097255,2.065409047470192,1.8502615008697054,-0.16079511524888035,0.44726102924488204
-0.4357368403037321,-0.4485056949567643,1.2570115023100459,-0.22719180035955797,2.102982455026362
0.991563696972996,1.9344799193091544,-0.6031644208873895,2.824637449296754,-0.4501556134905145
1.8648662704540562,-0.6833939203481151,-1.2632125014117972,0.2346506537039269,-1.519675256306501
-0.29149899012219105,0.7233224849125314,-0.15014370311451108,0.415665714560906,1.1490440104228894
-0.15941239763573553,-0.34366048755840345,-1.2041522622283387,0.6957888664165685,-2.524560488431007
1.6665150252915273,0.9088693274258893,-1.304958953106613,-1.3584674673087955,0.012165830991797568
-0.5485192070953552,-0.7052597532982045,1.7910495386162115,0.08694043916794189,0.2501025600631647
-0.07340014055578692,-1.3909504312862946,-0.4119295592478409,-0.3440482542415753,1.5151607128170763
-0.22397573189392062,0.641891664393921,0.6582468985764103,-0.5103569198979059,-1.7364205001966153
-1.8206462792830282,0.7096289181366731,0.8574649152016074,-0.05751198385335919,1.4770315631237827
0.7904504353538261,0.5664029545591893,0.5903931604613646,-0.5747862810462396,0.7633297242129911
1.0187557733440942,-0.5029951794546064,-0.36901732331174053,0.5748359654178085,0.6089766642680452
0.3562575755266322,2.0651179962102364,-1.14620728151061,0.5633400885356884,-2.015330518489098
0.30616359168047164,-0.6674412485015634,0.036501283232865,0.727295484264887,-0.48106122657708505
-0.1333464296160676,-0.9634596602878188,1.0423657375935635,0.7615984285068204,-0.8250321785296689
0.9203866440444527,0.09435264875642194,-1.3461495699323842,1.3036497413721184,0.5053547784566442
-0.8637583582788257,-0.4100395160519789,1.2549173882766442,-1.181463501418936,-0.7562151930695105
-0.021094172032733408,-0.032177517446781975,-1.562299724607046,1.243789405948068,0.14154052802722278
0.699593263927861,-0.2871795070855229,0.23178931496798805,-0.7572179250527481,0.7338532030232721
-1.4378784123732977,0.14360077210729114,-1.1972715880312668,0.41725669597862486,0.8734222999756623
-0.8382761090877375,0.5241070914996442,1.598655721758754,0.8802240759596484,-0.6619393310073081
1.642823139578666,-0.22639043880616558,1.1410623087515719,0.8058745581694404,0.7336901989305312
1.2541621273450119,0.2480106566195116,1.0118431675462929,2.254935412144624,0.8179602988731893
2.010622982225011,-0.30195771092370777,0.5879652769534657,0.2203403806306233,-1.8534325099493516
0.2590670069829701,-0.0674455512130717,0.5764619106385432,0.6672636012735605,-0.01119721277806237
1.553263676311201,-0.9531008573903101,-0.3554943034397694,-2.3832039338232867,-0.9860358940331265
1.2419892459363684,0.8627961238506581,-1.4354865056687467,-0.586970068606647,0.8665313587983836
-0.9487002076189212,0.07300950223851861,0.8699572858945024,-0.5972272796062815,-0.3983071535563847
-0.5875353423329345,0.7950504765280357,-0.3105042700910029,-0.7703070046371351,1.2806087520207008
-0.5178390456622618,0.6532954981003716,0.6942272962132474,0.5472654189750932,1.7551815632626528
-0.761749781839544,0.5416271150035054,-0.8426201324099828,0.1618648376551269,0.5958414353088918
-1.0796055402444278,0.793065032246224,0.07055563734991879,-1.190913105475449,0.6734420002266724
0.086798134834996,0.724863037032724,-1.2603279471779485,1.89934963595319,-0.7840138325279017
-0.16117229622087376,-0.3696447123583662,0.5644816516371574,-0.7245389138341602,0.6748739830602114
0.3344244107466226,0.023822586979209255,-0.5864127543325185,-0.4056088710423089,0.6457003345682989
0.780522131907038,0.3709408465250258,-0.5352439657321125,0.08297341512888316,2.1845695695337235
-1.2023502381554168,0.5027847271828049,0.6398594348841505,-1.2348417391221196,-0.779522402566924
1.0702918152499694,0.6161682587759242,0.501825410170633,0.19797884489545528,-0.7503030309307263
0.5499079667876404,-0.3776854849504219,-0.8874879501761703,-0.8367512037616268,0.602147804009035
0.08154540513572593,-0.3378703877647383,0.5446278404142698,0.05504640976810271,0.9447861823500002
0.4848673273762502,-1.8677861472308548,1.6461379278400425,-1.0651761151319352,0.38118301133898785
-0.9682584990145822,1.7874066358960556,1.2655965826121902,-1.437618039592143,0.19062957538861022
1.1424011055423222,1.360258026382624,2.093924987861766,-3.27807723913585,0.2100804991995501
0.14995066484917197,0.2203322062270025,-0.0264101785918768,0.3693192559567013,-0.3373327444220411
-0.6312046520034788,-1.0410270306363278,-0.16275237941699275,0.10616329775446035,-0.9686673699441999
0.24745079027255257,-0.9279084024038937,1.5035373570977035,0.9027330330509813,0.537045300257059
0.3778419862835214,-0.5081957027215583,0.6406027756468738,-2.337811660770989,-0.9236647831189111
0.8681823853096726,0.4166533166697543,-0.6259165526570329,0.7697354273879695,-1.3262027418232567
0.5259643993995605,0.41156574433927706,-0.9326162408635706,0.24731217612659467,0.7399331095326657
1.1627013085926898,0.2880460574730103,-0.8782628948420594,0.8768970979874842,-0.308467950455955
-0.5175389958822126,0.8969401405780008,0.8247120599994305,-0.1162516094161742,-0.3637254122837441
-0.5467942986473737,-0.45669024467288655,0.2443888039058171,-1.2690947228921168,-0.3782783447271461
1.4296188260169196,-1.0880748496101005,-1.5910100750480742,-0.17503415718228615,1.2374965968061107
0.22318776982939856,-1.2603910534987521,-1.0250287024574836,0.09419394525699896,-1.0164481468192021
0.3219336341938091,-0.7082116667338337,-0.06730951861492228,0.12120164674057775,-0.45165419308819277
-0.40725463269280754,-1.100313522557985,1.711777578971893,0.18452098111591278,-0.046077273376683214
-0.4499060029098428,0.9476169593867341,1.1576378463932744,-0.0635067373747259,1.0616451418811585
1.8409790458782649,1.0647786590357378,0.2156368512601388,0.9289197890860841,0.5239619315551237
-1.2792722881729786,0.4407697311145299,0.7314583029412448,1.2584806077461208,0.22611009324094203
0.5084659328260167,0.25273471810557724,-0.6023536802070255,-1.4510409736070928,-0.04612762879699568
-0.6944736386035825,-2.0878422211973566,-0.7226682804656823,-0.6063176146743346,0.5293996928113907
-0.6876297125373803,-0.7758246717082468,-0.909480909937836,-0.12294031396960763,1.245863707587729
1.115828426711762,0.38705105072122736,-1.1794039780475551,1.3257356835721883,-2.259890817235913
-0.4059796595194673,1.1021215514060063,-1.0476962838689976,-0.6688440773384253,2.8372514709108136
-1.2363206024044544,-2.6677170251705444,0.48110439114930414,0.5912051961375516,2.30812275804349
-0.7119340399052526,0.0673951646539764,-0.10406654278844803,1.3726218352821848,-0.5006301430622819
-0.6268265484116641,0.007685792153589872,-0.1051802567560612,1.218403202972516,0.7342955976768178
0.8861312968966664,0.14704859735429693,1.0268964001085548,0.32256722101127505,1.2611309199898622
-0.42560976381136,-0.31863643647366,-1.1465705435736,-1.4210241092010911,0.04918539522313939
0.30146787324584695,1.12793191611253,-0.37092877272550984,-0.35673414468755105,0.4591778547571244
1.4689830629090141,1.8021351766546914,-1.7010927479271378,0.2650952651025909,-1.0068825289460208
1.3902356098118684,-2.04638742306586,0.010763162368583051,0.3344866734807972,-1.3434588867461117
-2.2461689550995003,-0.013297986244666242,-0.21367044929241516,2.235798124086717,-1.0363042210895583
-0.42109466336497287,-0.5614547362359322,-0.47016138086100195,-0.35792778894070815,2.2628995580267346
-0.44623804253012633,0.18314827735452907,-1.9273657135740843,-1.3240344901195673,0.12634700894333026
-0.8137766125512598,-0.4403443538806935,0.48897000790024614,-1.624420222038673,-2.093040920251372
-0.45869897968703877,-2.102732630086053,1.0362972201392817,0.7141060911973715,0.7799682218242716
-1.3981482347880874,-1.5869705854962868,0.6361530506319844,0.6653446359179751,-1.634700306667557
-2.430949560477679,-0.1859377588227985,0.796034981327068,0.7746351716465726,0.4749686429237469
0.7126108109981338,0.6694561675948072,-1.790000570846832,0.4101591401028073,-0.4061603331250517
0.22974024725552583,1.1285735459526869,0.718008463959988,-1.1743568702574445,-0.1759130766051658
-0.21079689065717003,-0.6001557363289092,0.37459098242177696,-0.6297055811229412,1.5608974586307014
-0.5174979574747567,-0.5645884910960904,-0.02945855928579263,-0.3270315018602519,-0.704277355052647
-0.9626218457723549,1.6961930544082064,0.4531124792082039,-0.9675704766166845,1.6016851310963116
-0.46298374693402117,0.07046135900896922,0.9367667417566305,-0.21260756847631093,-0.6167743142866893
-0.11553166625722276,-1.7417613028451389,-0.9253940582628376,1.5795769217241677,0.006353774871644744
0.711559793267746,0.1782562589489415,0.788004939586488,0.08772324669587737,0.41017917673129833
-1.612698066050187,-0.8818818740600705,-1.1070046286608954,1.6998495279192836,-0.2843513897398164
-2.0338526361775524,-0.5678739137377964,0.711114078275725,0.28154619727963276,0.25038452731936245
-1.2523991396779968,0.5346733120600593,-0.17562145426110368,-0.5132286552876304,-0.8398671366605536
-0.565877793606242,0.004641127860214399,0.49534055958800477,1.5770805765088378,2.4935365281934914
0.6052749458433428,0.5098806886517425,-1.0389452181506573,-0.3476372077587501,-0.09313810074705181
-1.9865408716344655,-1.1430302983415397,0.6873288642693796,0.4712058565729875,1.6031285579533172
-0.5309607421892735,-1.377981260202694,-1.4442020759633674,-0.9449987996358884,2.3917085616155442
-0.5893869755274638,-0.750927409965983,-1.050362459312082,2.1131236403622666,0.6380150315939715
0.46764474116330934,1.1748422624544466,-1.3124100286722138,-1.057442584805214,1.5622729019400223
1.4111019839979795,-0.6348049562995558,-0.9793430948608917,0.29751017680800046,-1.0054723661221774
0.47996876514221803,0.6937765123493932,-0.994231351200148,-0.7099287696411227,1.4039156503143464
-0.1703898010113408,1.0861972018527584,0.35555980141824206,-0.5975894031885911,-0.4359070702078636
-0.47211775174164555,-0.2958257807569256,-0.7346735143020666,-1.4058940962748585,-1.0081917777372462
1.1681578462531945,-0.5359037504967067,-0.5817162477904888,-1.2231751726657099,-0.6381230922254387
1.6479501099484095,1.828847664214851,0.4698728813100996,-1.034016592818177,1.019892448018153
0.5506002962878348,-1.1320587552791201,-0.868455320069907,-1.4086471435309897,0.23010222951859247
0.17101938868700797,-0.867018676495602,-0.3177291125395628,2.3998778926031954,2.2270957130865536
-0.35314469142023003,-0.3493074000855667,-0.2231906039152203,0.7352458821533282,-0.03452836073331448
-1.2506331210832877,-1.9017457529388488,-0.3486179315447578,-0.09268428509405474,-0.41542611342271174
-0.49828813607114625,2.821436731930023,0.8788784760199183,-0.28593811881267905,1.4479893906446863
0.17863292007192808,0.013498256014539588,-0.029933354528763098,-1.1945902241440567,0.36670277274493107
-2.1117640687912083,-0.984703214545015,1.0433255289898078,-1.2605143121744902,-0.9617568202632262
0.4564482329609458,0.4559914938298563,0.5883480028175194,1.2763051766034412,0.15342151125468081
0.4774773270457187,-0.6294195064438205,-0.12080769057017228,-0.6023366521385736,-0.8458548672809808
-1.9512261648578484,-1.4734908946725644,-1.1646150292511037,0.33222901059371296,-1.331597353379721
0.7255386999347504,-0.7115901527419468,1.0102546506234118,0.14823129193898033,0.37106473268260043
-0.12454991841084043,-0.6083284383355196,1.472741549062531,-0.18724169517760111,-0.668884810459319
-0.038019519933686435,0.2939401967183939,0.9701921728010482,-0.46019978908614045,-1.1713489265620003
-0.33703942802904135,0.4918649519470743,-0.6875094484409683,-0.24489787141826563,-0.008752084965156995
0.07371742977792038,1.3379356750680518,0.46027840824808797,-0.6087371209440718,-0.7767085400141294
0.6385008434637336,-0.5226546638043247,1.293304889380204,-0.3714384581131694,-0.8037173977534187
0.6485414530751503,1.8124819950416957,-0.050165396949358204,0.6749366366992399,-1.6765229209324133
-0.5143606564517916,0.4070762775649694,0.46605520960296565,-0.05160685118841932,0.7648963861348949
0.49064168046069095,0.9968845796869614,-0.5709688930570076,1.0388658015014542,-1.5667092798354747
-0.3328099482469995,0.0011464524048818026,0.14328418538712281,-0.9704546655289868,-0.6201256483027523
0.6295171678633662,0.6135352644074306,-1.120361642901364,-0.9518177010473464,0.059304240820156756
-1.0659896283429786,-2.119464061552528,-1.0042386459824095,-0.10623798239747274,0.550347081058987
2.2996164931702365,-0.5705468166411858,0.0805403898422702,-1.321368162330376,-1.8057486364276822
1.5111975066076417,-2.110524849433161,0.28234357339616284,0.5849904488002704,1.6958875403104217
0.3624450497814584,1.776532387990293,0.051417514339638884,0.03475618972883697,-1.253420399950417
0.21363717800453985,0.38995220413830073,-1.1565587232183605,-1.2150452237500227,1.1798416983360798
0.4569079593387037,-0.7310850846355649,0.7105113623626749,-1.5438285739837738,-1.8770224492561869
-1.1033918858017555,0.02557466414035547,1.282464923591743,-0.16585137220279447,1.2272477292955126
0.6786410764859271,-0.4746863243410193,0.7844282062893622,-0.2954976781314042,0.5108259755895039
-0.5313618462447719,-0.38134868858994714,-0.8008467873059782,0.004870864395202521,-0.7526764482749163
0.30566571531772674,-2.7643489033814728,0.5591703159575849,0.2863068152318809,-0.6118560493829354
-0.2858859494074526,-0.34512410656945547,0.35142681153757344,-0.8607798845889232,-0.9897186434747645
1.2488320557807446,0.6350858265673198,-0.1868579291943104,-0.5965377597622237,0.5564512221185772
-0.442406676797359,0.79787785432033,-0.4771230571128085,-0.26827319011599055,1.269732476955039
1.7020176452826865,0.006974577223145132,1.3753046926891934,-1.9434527005793178,-0.017022210846631386
0.12743542157309495,0.37422276128392484,-2.023372171594887,0.29274143289094684,0.35252975067576137
-0.6366746353738199,0.07105802541450985,-0.04060741122107228,-0.47152263369017033,0.9362114147681546
-0.693116769651727,0.46425611249238974,-0.6479909378480055,1.0051639726634787,1.3174590532362003
-1.2306880461851883,1.5402975153596619,0.6103657426920097,0.367223741944381,0.8606804634261264
-0.7403060857973712,-0.31293074985258795,0.04111757158140145,0.982335291662827,-0.5753849929558793
-2.040219933617183,1.2141749258624275,1.5060702953955953,-1.8735436277509643,-0.6122904813154468
-0.45436654759975303,-0.03317166966425253,-0.8742307994242948,-0.7252029312705924,0.994556752782629
0.5348317070191603,-0.6431130195817939,2.559913791535475,-1.9707056392662314,0.024841378637553695
-0.376161420542349,-0.45905095938001583,-1.2790287211407845,0.7794212247236346,-0.1510998353092139
-0.3233625503240285,1.7930004927624972,0.8447060395195644,0.8147401210853846,-0.25178898658569937
0.031136408969900498,1.4916874312365214,0.8154616090719438,-2.095300830616186,0.9886459216437423
-0.34118326532403864,0.7587466143042026,-0.4677116295387278,-0.30765190658445296,-0.5816468119282658
-0.38898223603325877,0.42339054160071476,0.7822696623940472,1.9686369148667693,1.2838985665523304
-0.2875542460907491,0.5994993391839829,1.8623168922084807,0.3687180020953081,0.20365850622921058
-0.920581040661628,0.45489643111268935,0.5215539025222564,-0.7177574202723083,-1.7535237739764482
0.7426141825518485,0.33157218913141423,3.15684158282058,-0.44243529930364484,-2.1774584784678725
-0.7491659556091583,2.839235292309869,0.009344395357586155,0.6404148588434332,0.8131467491123388
0.5924565104861241,0.6863348524876473,-0.16323285854967337,-1.4612902637957021,1.150255723040135
1.7046076372814,-0.6710909220135184,0.36610706166700285,-0.21485462184827533,0.14852648176484576
-0.9424970332509692,0.24129018351248488,1.0685737276721825,-0.8134241879800618,0.9290775697341858
-0.711121464709757,-0.5556816449889126,1.4402674664879032,-1.8958802441828502,0.16204036704907235
0.4290953415639931,1.4803618476628557,0.33601622154695254,1.5821705115451015,0.8236844295163386
-0.9237549801221451,-1.0160173409071582,0.8410893192626827,-1.110713814708068,-0.9327917989457873
0.08017294714417326,-1.6021431125088041,1.5657001908571093,-1.0169086288171976,-0.5934692179098076
0.8738223251366481,0.7470758495514077,-1.9704531392684006,0.4400597352127055,-0.4851171419526478
0.19040958170773548,1.5320455581712278,-0.7137095584782756,-0.6036291640836475,-0.24902196207460456
-1.6626230951682823,-2.01385222856958,0.794973349019365,-0.8301889313410119,0.15347933492578164
-0.7348683195714972,-0.7270605903316869,0.8095042135589637,0.15636117608780048,-0.7001609648007053
-0.7835449002875869,-1.5810299272728454,0.0006686085414145558,0.08378628296906077,0.5355290693423076
-1.786714621957473,-0.09653751223109905,-0.5380505232226773,1.0255403855147736,-0.4129529231271524
-0.07976262640779894,-0.9180644660468076,2.371549174351159,-1.067800457068263,-0.19471334654950442
0.3497248226041131,0.3874160524626039,-0.19615462240439255,-0.7100310828072534,-0.9495621480692059
2.248309503459702,-0.517991391539818,0.561210846882423,-0.4139874173218399,-0.1159134690935078
2.1287608702791063,-0.7139916356233038,0.5155194611466106,0.1347480775975237,-0.5170330544189315
-0.029104183895684105,0.6095149396427516,-2.5970482444857725,0.9514616719069717,0.03250240537667346
0.4932274834524069,-0.004020761924929513,0.5268321868843259,2.345196399483919,-0.6187530509072351
-0.6490817965679887,0.976703703331117,-0.4012866381650751,0.5238738293183366,1.32878588037234
-1.1565699419971223,-0.10083108918508553,0.7010152243309349,1.5210085437404837,-0.23239829956427827
-0.8833447248817079,1.170703521107036,-0.2673375285560515,0.9061872355508976,-0.43470129803569396
-1.9999460663153772,0.8581534857451444,-0.7059981058121572,0.3778528979159652,-0.7222245156693871
0.7741156748597786,0.29621775538527284,-1.3615861051471219,-0.8920716643185641,0.5461369884435989
-0.4706148316649323,0.9154276223935591,-0.11903206991444679,0.2610736294032862,-0.5357435657728868
-0.5942655281761929,-2.1593246836351283,-0.34749181582848065,1.2630442056630753,0.09361294800827773
0.7015255126315365,0.21092655464763851,-2.4303812884416782,0.2854330260974721,0.5777275546731808
0.8899251459366992,-0.9980517373797775,-0.13920148592686243,0.8318242410063185,1.3551285595866673
-0.2795636910125247,0.7271701195897871,-1.3565025324843343,1.871297290612079,-0.4787578920569816
0.4121630001686645,2.809513065390797,0.9218256149762168,-0.3851248504331562,-0.019629814297104024
-0.3816490544589968,-2.465034710912604,-0.14535545192814336,-0.2922551972881514,-0.12177978161485963
-0.011416308348580352,-2.054826960692816,1.6560311729432244,-0.5938842313333198,0.1908982280228028
-1.248674318238708,-1.0559987718476764,0.6973337250413522,1.0634214629251342,-0.07505789177252432
1.0534005381708362,1.1616688994394027,1.1675153374450926,-1.4823892389058795,0.6396550449285686
-1.847465150913346,0.7523501383566005,-0.24574029606139952,-0.6753114681008621,-0.4598910443555537
0.37487607419623814,-0.03065852883936324,-1.052864115971506,-0.646357951891767,0.5210929855988865
-0.20550188352061682,0.9097094525273786,1.7829091339641547,-0.4104254028481579,0.6041059871453583
0.5757127533394506,0.3221972234072722,-0.13495490424737702,0.38103758959749606,-0.0009255330987079821
-0.656958849797706,-0.04929627139607632,0.7514826290943354,0.2431292446980131,0.48564502963736667
-0.13495597875337345,0.4955302470738944,1.2303253570608998,-1.8795071670642935,0.1039976445120446
-0.5963660432504996,2.210813728435642,-0.7233646258807012,-0.2511735589659178,0.5001030484028917
0.5554198930486958,0.9582521718351185,0.43815437414997377,-0.5858394754170779,1.870112619858887
0.46037293802092805,0.6265013295937214,-0.13902516297820214,0.4072009486974446,0.633809383019574
0.5792360590705795,-1.4611678831876984,-0.8688421244612539,0.227888371878828,0.024571192777398245
0.23843403741021632,1.7241225329353709,-0.780779837687655,0.29281579877446157,-0.5232444994077124
-0.6200930495872498,0.009875051155159536,0.5971248498642872,-0.43967766971683653,-2.6220795309194824
0.6685719916211517,0.2571571377360977,-0.2639486318619643,0.2838327933421647,-0.7659465275873842
0.9060982281413218,-1.6917589432904354,-1.0374011751735255,1.1912947146218216,-0.5565852435551909
-1.8493802526654795,-0.879297312221565,-0.0372561493416475,0.075626830783984,-0.15985649026566387
0.9212505027865857,0.12620309742223323,-1.0078472172702677,-0.3370066958865107,-0.7623544037448836
0.19375697409538584,-0.8798070564282483,-0.017312984586127,0.4811245341205989,0.7772824931257754
0.5185137896223082,-0.3615484392314118,0.28564343488741306,0.49986291070881356,-0.14092166615824173
0.59173304052401,-1.2893389113601303,-0.36027967169983593,2.7232375664558703,1.1091249115773867
0.6046355975067597,0.6394380356434698,-0.0672211541046476,1.8197939486816084,0.3494195451880324
0.5975398575500571,-0.9130247346146257,0.27975615574066415,-1.1961067312834264,1.5653737653105704
1.3120853277073958,-0.021027164188020954,1.299499051044423,0.01074104625180201,-1.6809474202553263
1.1545774764562575,1.7272838583639742,-0.19168457957197124,-1.7389063000542155,-0.022964512201754095
0.038311779909253406,0.7240755341552397,0.12279866376272797,0.8203964913580005,-2.490448606246671
0.6374511793587068,-1.2335948192417046,1.0168645543087196,-0.21784200968134002,-2.051258665138134
-0.6382847288945191,-0.1190338485377581,-0.2415100492816279,-0.7529278598062593,1.66890558198851
0.7233479286136182,-0.2683592765894613,1.254709089143425,-0.26134736561452615,0.2029145392353793
-1.7369952874139576,0.6377781660840056,-0.23452146856911452,0.6698904921513251,-0.288907198019374
-1.7116546450299261,-2.163296008407885,-1.7471728652586067,-0.01588670954788747,-0.853365540266585
-0.4443504283857955,-0.5407185538272569,-0.21576869775297672,3.343494788078024,-0.8960706042465896
-0.12499120004726973,-1.4919242770661363,-0.05747729489287076,-0.26750065841950377,1.134094355443207
-1.4476102471324557,0.39939946009631067,0.8517070426419975,-1.2408965357295776,-0.8439638658721365
-0.2259341758770176,1.5081376333937884,0.7587714850623095,0.8306180371067362,0.842442605443384
0.7548020407357382,1.074404378060718,1.4568794464681012,1.555754612677614,-0.2950545605293322
-1.0832438746438122,-0.9408944528179455,1.7384429288428729,1.0387014886058374,0.8818409222830579
0.2815316795318317,-0.6893481645480112,0.414208626884173,-1.648378501317395,-1.2629777398964777
-0.11729935668075209,-1.865805203858216,1.8587203812755448,-1.9003742513039708,-2.491570854734954
0.35814928913773925,-0.2235308854984507,-0.07197879690228354,-0.4510946395866996,1.9094744426725623
-0.9579224772219768,-0.15786280738722722,1.977892590452586,-0.0446080544961957,-0.3933712591592991
-0.5197417454156916,0.07756835539230889,0.3846018405134972,-0.3057386532035866,0.3624428347612464
-0.2823028508950226,1.286805062059281,-1.2749394678266235,1.5268136765731783,2.044563589127842
-0.18121785856129283,0.627481242455758,0.7171259004151889,-1.0920517025486138,-0.5766121308592028
-0.726758647852836,0.5977777781849302,0.8218745151530984,-0.31150035106396456,-0.21478014227355582
1.872747567897269,-2.411254829631106,-0.04961056833983913,1.0350814623924345,0.1636868588401772
0.8472276195364817,0.03760551343522939,0.5506037644034576,0.3728953688891918,0.3742262088979951
0.3935692327140991,-0.7872116017502145,-1.03994035511633,-2.6206901842096055,0.8255297655807041
-1.3734826619066758,-1.3069123583579443,-0.19727818056691168,-0.2757656681530286,0.1026307049704865
-0.639804023273123,0.1454501075628704,-0.5984608165074542,-0.45669812644764307,-0.3103592575528937
1.4642348554097004,-1.6037504440512886,-0.2983913702427995,-1.2000365959866166,-0.9517970119167354
-0.8274885828727454,2.1605709492372984,-1.068027602710506,-0.9671771979541267,-2.1300302502461763
-0.2199924608668747,0.29786116872632773,0.3216680598292922,-0.9023458338996406,-0.6251729861673427
-0.9862634901403222,-0.14268159894029933,-0.5705117518412982,0.6034003006516997,1.2648989247944509
-1.8577599005862544,1.1242072447525782,-0.7029204001081094,-0.5316718592039827,-1.0722505521352392
1.8499526044881331,-0.03839976001540747,-0.19612511298882485,-0.19503842178291164,-1.4975987010816243
0.4081060902709132,-1.0856533417490257,-0.3391655199293488,0.6524176974481634,0.37499096559311645
-0.36968523433009814,0.33550033111161937,-1.0949017997362858,-0.816768402436035,-0.013269545689994604
0.3610601881424602,-0.3770245896062351,0.7564436159304383,0.70210793225508,-0.12177259846642574
0.8111039722124714,0.7154784713543945,2.344624525746858,-0.0016115723492999298,0.11503702320057456
-0.46008783645391194,-1.5675828789586592,0.029092465176689026,-0.4208914998352641,-0.1940618045652331
1.5290910615940934,0.06888746749223869,-1.2302576291211442,-0.49689306244802905,-0.49536108463535483
-1.6820406108948978,0.9632877200446257,0.35772986313231103,0.5318647090668793,-1.209729612442229
-0.36010709704161137,0.46406722801530226,-0.04507605577585832,-0.811484786781254,1.441005755613276
-0.1879320991977583,0.1123184912853217,-1.0660473816406946,0.6627825151421596,-0.33060606322526603
-0.18006557462694764,0.5257627951640416,1.9914938722444133,0.5579560466048865,-1.8201173725989606
-0.7688874750896852,-0.4032961249508291,0.23216103599634652,-0.37274081742325577,1.0967298023448697
0.12571929697833717,0.8109529698849087,0.05325755382699314,-1.3240992151604862,0.19472993801075483
1.2410727288844896,1.2271793894909897,-0.18960708944014548,0.35865332489740476,-1.7231067864875584
-0.10058588844869477,1.0625420894454554,-1.4359618851223823,1.1288358174157587,-0.2715474001967755
0.009715917979143653,-1.7413943723781644,-0.37466723284768444,0.47591173089266897,-0.9777959206898025
1.5284720035884498,-0.5638829779854265,-0.5554609336329448,-1.3101213468386013,0.4457326746267426
0.21948315176342723,-0.9970468493861764,0.5963430982659105,0.7669206463832207,1.3183508947621294
0.6676345809714644,1.194630490215084,0.518930180908817,0.8213501011471638,1.2731030114053603
0.13683027672988365,-0.28895947819274176,-0.8313446975893661,-0.3371571612396782,-0.2511578273613563
0.1532176708581788,-0.05195136828399069,-0.2501531084090037,0.535416045096257,1.5122665496533356
-0.03507435837053405,0.057206714262602106,1.4645097300305718,-0.7736837699339334,0.6424686840450684
-0.29751839872776076,0.02303912122876553,-0.15906986231730683,0.9582683991069116,-1.024893540322157
-0.03766600096142637,-1.9654689055408503,-0.24428946026620482,0.8320977173488155,-0.5192147179273657
-0.3315269124885449,0.8295414000846822,0.6206015865314986,0.24779641077630638,1.3585299892312737
-0.5742088601949192,-1.9832818339329887,-0.6082871916288177,-0.005071182873283191,0.3040330563536871
-2.13685058267306,0.044387471552872225,0.0010310252486578355,0.41044374241918885,-1.6420560657464423
-1.6109063746020236,-0.30841264786532924,0.8472876886744533,0.8257187261630224,1.330002984499986
1.1105061308612618,-1.684461426068458,-0.4745043741066506,0.3979312494662005,-0.7024176484841053
1.3912188896049928,0.5521732743684817,0.9961741839713796,0.23117526806901267,-1.8213014193252755
-1.4396600228820173,0.6356079259536818,-0.8286577883083212,-0.6483077968209026,-1.1020869846781616
0.5193604717177461,0.16841872543530134,-1.3596195730207346,1.8312419043089871,0.7709721821156574
1.0188964743190827,-0.5008337797201494,-1.405059984611255,-1.6446289426891403,1.6296098920604243
1.7446981135423234,0.9647907670479926,0.11463252405432003,0.1535904545831756,0.6811575819584983
-1.4456173700225616,0.701390730454782,0.40091659097498383,-1.3152535777569336,-0.15447600294906513
-1.0977431014969614,-0.3074913756917428,-0.4495262855619049,0.6477927096477121,-0.25806668532091537
-0.2665042724544527,-0.2694820653309225,-1.8717272353836731,1.3732548821179562,-1.510451721382351
1.0623256445408584,1.1579967978660959,-0.5019831671281895,-0.6176300831399159,-0.15767787207086836
-0.44049578466697376,0.14070820096419212,0.6970806875886866,0.8503645128910182,0.8197700566254795
1.266171012730976,1.1201398607687503,0.5946811813705524,-0.028038609821884247,0.03282693952269381
0.6875183041219318,-0.5539365169070595,-0.11214596573889293,-0.07133340657759588,2.09409699922905
-0.44104102586050925,-1.0007313887544707,-0.5307982781523093,-0.3548834741842873,-0.7595994613454685
-0.6223362345038737,-0.8981538780906306,0.47811523160323105,1.2609331447243135,-0.19803830701270275
0.13244218232218571,0.8002391905193389,0.026406156942561838,0.7243781299011922,-0.2924574433441951
-0.5813572053041944,0.43226505100016027,1.3246448789745144,0.7811347146766279,-0.8531529808063472
-0.6024824418171795,-1.2377405878308765,-0.2837526106193919,0.514066899140978,-0.4747067003045959
1.1513980495444773,-1.021641000282068,-0.5694970091448207,0.07648795830813993,0.8664465929920275
1.3950389780112684,-0.054702920573541355,1.934740892760569,0.8699734552870733,-0.9913795422276794
0.2874717330584632,0.4384576501162469,-0.02597971935738518,-0.7241648590041506,0.5811962018606838
-0.1208202762186817,-1.484005615338404,-1.0566320905258277,-0.2211857649500411,-0.5952710261792568
-0.9309321447854907,1.3604524573902164,0.2987200213296363,1.5270889757437502,-0.6242624337755799
-0.021486374665838977,0.627710597855048,-0.9050307561041661,1.0140347276641093,0.27614184463026553
-0.1296857704901859,1.3413552221151657,-0.9906419565692015,0.6969124225802967,-0.05955165871515118
0.9529095891856105,-0.35962644797716903,0.31876123318226085,-1.1527603551116956,0.12240299530470056
-0.09214377763677138,0.2374550452059807,-1.203965866793667,0.8801094722823843,0.6374190524487126
1.058695384498715,0.5777634934534108,-0.34858106256487625,0.021166349810867135,1.1187124955099628
0.2535705780423222,2.486352786083149,0.7028303523166883,-0.4678830488055739,0.6193675729953935
1.098994234803982,-0.31468463745263897,-1.093006551526656,-0.9815883277966002,0.9744564132544358
0.8855902238455856,1.2346538719470084,1.641244324062062,-1.2076566791819383,-0.6642076593236512
-0.11518695706679828,-0.9201738877089723,-1.0572935257946658,0.011816660963436459,0.34655434353972076
-0.474369095923736,0.9170084853381262,0.4410495307227309,0.3573817797300958,2.1188151874156533
0.03320571473378153,-0.6052849417861275,1.763831034433164,0.4110074203581013,-0.6595552497715217
1.4348066255052598,0.8683488915185242,0.07783659535872378,0.7206235770040271,1.127470150456722
-0.45534275320854634,-0.2619123653059645,-1.6292955811975909,-1.1667539731294645,1.2834152888327057
0.4480916111903862,1.045038585200492,0.32680173861958217,-1.6283984321861018,0.7929930830504389
1.2812943451249938,-1.9494746295951555,-2.055143652868923,-0.7345601622014671,-0.6285881851158699
-2.476142106714021,0.7836855796636731,-0.5318272622025138,-2.9824586178611847,-0.63240831649495
0.13658954713093263,1.4496851081822633,-1.4577733799869734,0.6267860893038583,-0.43929907651471817
-1.1609097297731448,-1.0038062860079437,1.2986128742550207,0.8572794134452876,-0.49763942809765216
1.143088880202656,-0.13233368991644157,-0.3230487471781019,1.2496603313310217,1.136343852447968
0.7267324357884748,-0.2602780663854405,-1.8736294260915352,-0.8248523840758075,-0.13365495315448156
1.3168622441706048,0.3875294570217947,-0.5005324865079995,-1.316928531988831,1.1146650747772204
0.5053124351628699,1.6737627981884649,-1.4514347490427735,-0.6038692050715717,-1.090333975453714
-1.2178231653862894,0.08611725124304914,-0.8701987720658355,0.17719461464093006,1.755005789921173
-0.3833826858864459,-0.14888562363932184,0.5078981196502345,-1.6971094041011026,-0.24956334492455903
-1.0527417409990183,-0.18377335706686582,2.2067300182440466,-0.08656084039885342,-0.17787375074570133
0.9338579847312124,-0.2550727479487629,1.3892375355814008,0.037766196183708474,0.8963331900510333
-0.3702574857290534,1.4593310153055536,0.34645089743651886,-0.8793061985071436,0.9911276927332496
-1.4883390570977295,-0.4767322943501084,0.7490941702550816,1.68591387068219,0.8045171950761639
