-1.2052720751401937,0.3613288749457695,-0.838177516582273,0.6502675468213084,2.0311132218562538,0.9128251369107934,0.32827709463930704
0.8560056569868739,-2.239721011748217,-0.7569659433813911,-0.44829219149777233,0.17378928793142137,-0.1404508171819962,-0.23714375444790092
-1.9437844463327312,1.3989454145572786,-2.2465536731912086,0.7477427291276446,-2.132734210237959,-0.9135261993616511,-0.6460560805578056
2.1987421585463194,0.41079196978987037,0.185970108114151,-2.0607726896801055,0.6601634901183027,0.9238934032415875,-1.5875945394698954
0.5590573929374832,-0.5238125169758995,1.5379619823084445,0.40020158573945164,-0.6461596677252334,0.36520026289930924,1.1897186545727734
0.7953929559955194,0.14296098619690772,1.2404279116277452,-0.019991342591122844,1.991507397988955,1.2307339440604819,-0.58413281689286
0.24924647388499857,1.6283293243245787,1.2368173111703376,-1.6706538171457754,0.9470259644530603,-1.5883992991113889,-0.7540390775935136
0.8304598771335177,-1.0966921719912301,-0.35001045931510916,0.16052565259188192,-0.9291783288546703,-0.8850278418786222,-0.5581732176590437
1.44117919446917,-1.020143932395907,1.2978106287458286,-0.04686037119835588,-0.09202292741028877,-0.7130856612681791,-1.311410318217311
0.6989787027796456,1.422491526493057,1.09098980387838,-1.8554970915356053,0.07185756251161772,-0.9644399875164241,-1.7622993230975252
-0.8949806365925539,-1.9259842284849853,0.4795486801299291,0.392331618140416,-0.3250688362097711,-0.022391326008742416,0.6483082158430187
0.766205875909953,-2.195459774312921,0.03517281912428946,-0.47704161538418666,0.8739428473234194,-0.8205677391590025,0.5719349017142242
-0.25391727564013045,0.03406392865134017,-0.5237685839902549,0.29219659823067434,-0.49827786564766535,0.6336557935980777,0.7801844233056789
1.691967410232003,-1.0237052156496798,-0.3639454721506784,2.4804462666620117,-1.3837647876113732,1.0152016125576877,-0.1286564188487586
1.629802765627744,-1.1381002443900183,-1.9814244775442071,-0.6204971911435478,-0.603921587198178,0.31222513759079157,-0.5727320186445993
-0.24906934332049857,-0.16739532079690372,-0.4065864594245371,1.0166037707641766,-0.4892424843932016,0.24799070513215404,-1.348078752932411
-1.0769000296326263,0.8600550823925419,-0.19511726843758123,0.05554594959074342,-0.030898807328515285,0.7563730794877908,1.4926592772930738
0.681303561999683,0.20656325420400368,0.87747405787138,-0.009967647309088125,-1.7150847693048246,0.4602259021111967,-0.42240976495682386
-0.22647005510409937,-0.8772509154735191,0.6059658217597989,0.5147497288144133,-1.2315711097242343,-1.2710657931530043,0.8340852347174761
0.0697169079031912,2.601578082121955,0.47908606473991044,-0.15898946248010143,-2.017999282287666,0.5714338192935113,-2.3139184321980766
-1.2481157906232305,-0.4378343122719352,1.0598668809358054,-1.505507021311899,-0.6457994373951373,0.19972091874742562,0.9192403015423225
0.060443418896142284,0.036294762547758055,-0.2581374970743106,-0.5663763871130787,-0.7548730632898443,0.09793642355542989,0.012464708019206008
0.9731052376274761,-0.08972134263035289,-0.9730888962703823,0.3739268360874358,-1.421047256175585,0.8212328287358818,-0.38375641009277095
-2.7769337040860034,1.4437060336893413,-1.181550873089477,-0.5879663300976382,-1.6735536021878723,-0.9741844514928186,1.0362576559484897
0.5902406938031183,-0.6828772782999077,0.11822771900337435,-1.3211057612755124,-1.3851065260664126,0.5912055930141792,0.02411332162544387
-0.15948396412326551,-0.3650790019672341,1.710583703283559,0.9179639966723631,-0.679833571999433,1.49643322984402,0.7101889521873026
-0.309713803341268,0.7802552474980065,-0.492268965481971,-1.29827509483894,0.9414171841491545,-0.015281961780020559,-1.7618951639082627
-0.9505667404233429,-0.6657220911432327,-0.2505749228931434,0.8651576191968503,-1.1505281861851715,0.6626651085333922,1.4777578315431807
0.23212655787205388,0.4103086196873585,-1.109073311748332,0.18322386073707037,0.6003817533924388,1.3948541007490334,-0.2730421144066978
-0.9397724949298366,1.3585904958551094,0.2788672598617158,0.1559782154186228,-0.0332866351716697,2.172100521703456,-1.0760010982066335
1.6933544971233696,0.24500647419904165,1.2069677118227946,-0.9199124414796784,0.4047019206745742,-0.10938887386329936,-0.10554923079703485
-0.7098044185919584,0.48930820871158326,-0.8089210665437752,-0.8194144963219431,0.6702697852887617,-0.09937766962882133,-1.0638846257813452
1.589355074337934,1.2728067409978376,0.24729787242275902,-0.07107907505142479,0.3689244029793311,0.9815073010176267,-0.6033575466717075
-0.03334504152406532,-0.023635833859357157,1.4927423068081902,0.5191981760073895,0.6217888906020241,-0.9071073327130124,0.9581681209223508
-0.33444385523572095,-0.07867023603992869,-0.10729155902841105,-1.1128745946910346,0.7316678288081538,-0.28603308413424017,0.8669005117604778
0.8818103302145203,-0.558406121737043,0.20111130981908,-0.3252316212667371,0.2504161062754343,-0.9306908616285849,-0.07005165142104817
-0.45048401089230916,-0.011865951423274379,-0.6369922789280914,0.7193101380334197,-0.39939963631715175,-0.20803433234847182,-0.8316260817385694
0.5614260109021729,-0.20781159338563068,0.17652562965928462,-0.42949349151775856,0.2618317280696602,1.1389118062355885,-1.136848337502205
0.048109528904109154,1.945939814579064,0.5494564323607383,-0.6912185175673777,0.9083914567575972,-0.9314837493177879,0.7142825447778575
0.47268777109476784,-1.8454986451550242,-0.3806555102503379,-0.49106182162440754,0.41779628172815014,0.1639512293004228,0.5417427082388855
0.6930623822227006,0.16392429837882075,0.9363493465247924,-0.8353376363859207,-0.5863806755416204,-1.1641047170959014,-2.1762178539350385
-0.6455660368053999,0.27917032284925025,-0.6752227213012857,-0.7535918632360856,-0.6444564980348022,-1.3485376339345616,0.21531424184168763
0.8457887446425332,-2.1399176841223393,1.720277999427487,1.076068354375601,1.3385550324672626,1.1051778896357838,-0.411257176403338
-1.7381724253099244,0.327018786180453,0.48750666093756373,1.1813796157946943,0.6143226922782231,-0.8458987209073319,-0.6452638776792924
1.3144467911768718,-0.7547950653529043,-1.0190727097889238,0.07140339293755171,0.4013433322321282,-1.5050733862756414,-1.345654951019828
0.556785735128775,1.2457930555806802,-0.12927987411505187,1.2098244060999428,0.34147605688089416,-2.138625866685783,0.4671581780133848
-0.015349954619250447,0.2009439068403878,-0.24561854873934846,0.27991000510651615,2.260051858349449,-0.8159360769531875,-0.040873453237698344
-1.887203528080762,-0.7931326349043996,-0.6835610526667556,1.0341734307159234,-0.10699606370365655,-0.4568215875569668,-0.38476608787312844
1.1052801388538969,0.7399571032202675,0.6560576311912207,0.9139897446124265,-0.1527046465260932,-1.4844593630003293,0.9764416779323236
0.5169618148283467,-0.21316477973994272,0.30708073556451176,0.20692607835346866,0.5366126841815101,-0.3774531455486204,-0.8912255736524828
-1.1215557240216094,-0.7845937700085549,-1.2051797041888457,0.9472817571178086,0.23304401568649818,-1.9478951388928205,-0.41701039339487717
-0.40404841408759723,-0.03798409409891725,2.06877543555436,0.011822732699277307,0.6521665055750173,0.01024712285899604,-0.10319174522594243
-0.5174715499011809,0.5390402890720338,-0.16953247135250293,0.44143476330689957,0.8122367160102184,-0.3694778371605126,1.7024902653073422
0.9680646551694122,0.31086262780872354,0.6248803263671214,2.152878891506783,0.21018058677826848,0.18730989578716056,1.3322321767765053
0.5744096372583007,-2.0245282213255122,0.09272205047762114,0.25010698788825536,-0.21011769292071558,-0.9382008456079237,0.23622017972392398
-0.8102919667579352,0.36095893748693336,1.3322052620736957,-0.7141363731554935,-0.0049594079028927075,0.1277912715465965,0.2500163340058541
0.4085096010125236,-0.5146343566708114,1.2265227076029703,-0.2515493416400297,-1.12806373428273,-0.04505622223194659,-1.6321888038356474
-1.1120060171717558,0.6499980030051339,1.9955004863561854,1.1046806893388808,-1.5705140697804534,-1.6551998926959104,-0.8755202452766164
2.247319692238938,0.1028903376167745,-0.14040062492603048,-1.6753353226082994,0.8013383444108442,0.7764890133839533,-0.019866410892631824
0.42946013544509515,1.7615943126754374,0.5463777027889823,1.2684302952053004,-1.5617720452591177,1.292731813135661,0.2895837580976637
1.3948658162252137,-0.2326004451908419,1.965724809678323,-1.0692629278512469,0.5738981086095378,1.9052665623548255,0.06962467075713169
-1.4081415778704185,-0.9750261036764611,1.696131125849365,2.3901814864140456,-0.15559134272745867,-0.7984404936391787,0.2827065588433307
-0.8046427446620783,-0.5118665887286588,-0.16074178105530565,-2.138117279138901,-0.5968501380441907,-0.28678358643098456,-1.6731811273825523
-1.7662977013834273,0.8097182388294915,2.298743990871461,-1.4610240485989534,0.5780933561769968,0.3322358074187573,-1.0059424895840965
1.760017590463601,0.5806675619259216,0.5253577992743645,0.41452171761603784,-0.2059864152521192,0.43107330655464654,0.8106606718770534
1.2959659314798468,-0.6366216766272096,0.7540487756291141,0.5876151206058787,2.5595691974083428,-2.3369576415497297,-0.4750696270300785
-1.6315769527427049,0.7131728174582673,-0.9871113647335676,-0.9228703632239539,-2.133306241245324,-0.05282036094227591,-1.2204254157581476
0.23816251784307627,-0.5039895487365745,-1.2243782918557886,-1.3209488666488827,-0.6552481397115986,-0.7966155821868482,0.9842998397235723
-0.1205905064835138,-0.9955368628807585,-0.6867841833552684,1.4288182500257165,0.08236003945081076,-0.1637110589534804,-3.3325964786544544
-0.04715174038399742,1.9394014670629953,0.501637416468355,0.3359066018925385,0.30248122096381425,0.5734900262894596,1.0704747448256937
0.02590678335210482,0.9810130084750245,0.5452306177769554,1.5307839623938746,-0.16354234143150384,-0.21133185927154213,0.49656823106310993
-0.4136352677501229,1.6327989275154566,1.9454732717224252,-0.7073439206166374,-0.387114645255061,-1.6633062760600532,0.08675106770820501
0.7696994607964447,-1.2271514623273085,0.5844240982643898,-0.5800181160112311,0.2192207971755727,-0.10514625897066729,-0.9662769599981034
-0.5652356817942833,-0.4831689899557963,-0.22392777643925826,-0.6890538319806907,0.7940737488885161,0.1230732108639478,2.3499436186498266
-1.1060265145760146,1.0458662218088377,1.641193770781999,-1.080343896084588,1.1961484458633767,0.12840916005039024,0.8226489724841203
-0.9267450906260033,1.2799735012194018,0.2208018480574166,-0.2493346939422574,-0.46216654084258846,0.6042566256678744,-0.9979215590301513
0.4662592541210734,-0.08364074020581352,0.03712899218864071,0.6070859460954049,-0.6015157047629165,-0.736929718867773,-0.19423173351229972
1.143377248931581,-1.7199188804218564,-1.2569129324919772,-0.9095009900074938,-0.9210130793323865,-0.7643362922575019,2.4329924982407807
-1.865239711881015,0.29880708518106225,-2.2604802286477006,2.352422730125232,-1.2968001207458362,0.6096375490709436,0.6886423035524122
-0.7244291839386451,-1.5079251220599403,1.7369462760946046,0.7556441334250797,-0.8838930026044631,-1.4956399256159856,-1.2922016874040856
0.38522503970380056,1.680530725557447,-0.8909730733866474,-1.3320093279460257,1.6634378064203015,0.8558387340667366,1.2449269834063537
-1.6250093975262954,0.24335048788425315,-2.7062810159910664,2.2533056312792756,1.5420100502717058,-0.6868633030628247,1.228774848541012
-1.7328461654165763,0.28474752742169235,-0.7645458624612098,-1.3032756184431487,0.472834574839472,-0.9548161311388252,-1.279512954011323
1.7093055791089022,0.03666630757258211,0.32476983446747953,0.636318006667051,-1.0907321095779632,-0.28232224289589014,-0.04069245949776616
1.806598934477351,-0.5725930607891747,-0.7388020632063643,0.6744881329773368,-1.0976309118718106,1.6842699480053636,0.7572362580347941
-0.6575768097944813,-0.2742520045074935,-0.746904836245731,-1.0909870875338248,-2.2047917528142587,-0.5126338808861566,-0.012992340303672113
0.6641836887630268,-1.5558225755487871,0.13600951517574228,-0.5885248109934491,-1.7074567617657432,-1.1616934880940053,0.4202451210233625
-0.20725424993625735,-2.4363161353627105,-0.2955234020572163,2.040819116009892,-1.6186335915309202,1.4985634770723368,0.3032499163728729
0.1453518333167095,-0.24246692753841,1.4224820323353642,0.7499921512239499,1.1525907114985638,-0.9046711327159376,-0.22043001262120107
1.8539857051676314,1.9820001508831266,-1.1112494878287895,0.7380419593586214,-1.1215096163646097,-2.3596211752915988,-0.6136610100955432
-0.03306236775343705,0.0937361252522466,-1.145216049944342,-2.2436345392164836,-0.8177431433655564,-1.95984405215773,-0.34384029237336916
1.2010252404837403,0.6576974989676359,1.2269965200208133,0.2948673914381427,-0.6505956803921472,-1.2656769454113908,-0.05310128244382037
-2.175132252010233,1.5027905216498259,0.3276844272980621,0.49959610444122354,0.785252491564425,0.08437099844026645,0.9254552723453617
-0.09946065852288896,0.9277650387061614,-1.0409639270408206,1.0381002690908478,-0.7688645483356754,-0.6749445516721527,-1.772265786379489
-0.015491635494294791,0.5157397688194401,0.05922654307984986,1.8573158135578984,0.3665551337662551,0.3366533214677899,0.42120169615080716
-0.42807804542559524,-0.8436819569658992,1.257099847219923,0.8341764687569964,0.3079300284052207,1.002278192905599,-0.7582310114783121
-0.5388907987778689,-0.8646037838762995,-0.44237347579121344,0.14784597403582636,-1.0236860937327503,0.04051108399387751,-1.7193367516010534
0.2532039422008219,-1.2735246071426993,-1.621924686343063,-1.3593604275227138,-1.2591473929837607,-1.0767727271973955,-1.5432565876587507
0.44380018422989653,1.3964688383683885,-0.40341937528434935,0.595767944129403,-2.15514417509264,0.89830253367984,0.580512435507804
0.9109225038917288,-0.9580143419330501,0.5829225007803595,-1.9681289849941621,0.6283219888983415,-0.2671701470885136,0.22259321326861112
1.7027384833815435,-1.4558385575022739,-0.7867824404400711,1.970299869640797,0.4450141807102254,-1.2389477523601207,-1.666831221553121
-0.39626111558053967,2.2299646374264817,0.8609711679666703,0.47074893826016423,-0.02089309680624934,-0.047586517555563174,0.3478803578250999
-0.6083098152705361,2.7894707339407163,-0.9339645884523685,1.493831985709857,1.013984474732517,-0.0014065690127404848,0.6449775801596301
-0.2983747293197101,1.010605578379829,0.5783134141304319,0.9240650329697391,-1.4652611202003762,-0.33842508839333296,-0.33716523217725836
-0.3768509511836243,-0.48032187107586155,0.6370753522618531,-0.4497283361792703,-0.02518973174845437,-0.30964865415741455,0.6650550005633332
-1.3280193100135351,-0.698102525928168,0.962508033502112,-0.08549256530595625,0.08470638179557229,0.08933042592979731,0.49592635598283147
-0.6703362226266043,-0.7444520799610748,-0.132530095632865,0.24837402580842816,-1.0943181894631935,-1.682257882811301,-1.0866772141657202
0.6831773206304956,2.3204451383624405,-1.1236224561479757,1.2153673668301317,-0.35083635334144314,-1.4712823543186722,-0.6704331303468793
-0.5797808487148776,1.2173028572459876,0.20300191456752967,-0.606673323498042,-1.6472051825492766,-0.37745234229907665,-0.5146457895488769
0.277310570895472,-0.17920071946041324,0.1644530997902842,0.0964348916851713,-0.12239248380232119,1.422130695976409,0.22722509943963115
0.11885312293403989,0.47138028594782067,-0.2044568363316774,-0.27340423242180406,0.011548456507170854,0.26274554792313903,0.6596435500948113
0.45451669564637537,0.4283267463889026,-0.0011419565672291076,0.3156970540662156,0.3806861450566448,-0.9833528216251213,-0.02499122642709517
-0.9570553978755615,0.535064175540143,0.06292303386629071,-0.4124182177757277,0.30953495646133306,-0.7022957234829391,0.6381574289240179
0.9259084662241368,-0.08664113453715926,0.5960146452752152,-2.1181436655465653,-0.45390905047548985,-1.4736227707394614,0.14441646304058928
0.5354577907470689,0.2650600585194066,-0.942960030971423,-0.8481906642604476,2.726473793133174,-0.5686391782295271,-0.7925668171113298
0.7811180762824533,0.8412916325509628,0.5881851402719998,0.6541366521969065,0.04846008875677164,1.8632149866519632,-0.7964973571720523
0.09045790253598514,-1.3342886149080238,-0.22694256274163635,-0.19656914442328086,0.2720580220447384,0.6613682719080257,-1.125896970951544
0.6771697051949881,-0.9154584234585728,-0.41152915762362385,-0.9717645297342609,0.8057067777435052,-0.6085367825339192,-0.52728650425413
-2.246055914245046,1.1057146262029698,1.1692596272262104,-0.5315687917119384,0.26027795033136186,0.7081565618324722,-0.8497243873616184
1.1578463656084304,0.6289674383783055,-0.558094933759314,-0.14269412302544582,0.17338563900374984,0.901705950090047,-0.6339898674252588
0.44716584772131535,-0.23639186612258195,0.23366236024587014,0.002662468981728165,0.9758014824693241,-1.121315616324728,-1.3522560922063158
-0.5173204098345942,-0.46518958449788717,0.47143563663694676,-0.3358235767676792,-0.31714193524148904,-0.39219860954023783,-1.1330677260370607
-0.8869847732050938,0.6245564223141002,0.632989230722312,0.33490396600496336,-0.7707467447517904,-0.16536862641583291,-0.4121705925492518
0.5124131126801633,0.9040518554990112,-0.8667353786010829,0.3657527353705676,0.48915488778975424,-0.48847818933268533,0.6231045177221103
-0.32509075546724814,0.5949620603857322,-0.3360362150921788,0.2240078287159723,-0.8337812778714406,-0.4747039362283086,-0.9845494756038408
1.2386359733898067,-0.5967210287129284,-0.8145730161432875,0.24641582093307052,0.246562854187949,-0.38271814683352307,0.4117593133068157
0.6033986790189647,-0.4871253190707751,0.7491229860495747,-1.1350135622403166,1.8963528770019267,-0.11473831009451432,0.32277725646611544
0.011237103765768527,-0.08513380041139833,1.8282218068253213,1.4808710158400675,-0.20928177773015239,-1.0205006934632805,0.29408348369833637
-1.7335080505060787,2.184528544562839,0.28367702008921925,-1.0174830018035004,0.6224167403807724,-0.07320257307595551,-0.842922398663987
1.3855129472572607,0.42283938406048854,-1.5155345112945133,-0.0028657334857193823,-1.0701954844956956,-1.2430439389644126,-1.9301090600410762
0.03830633670215366,0.5563281761172968,1.8551662226199908,0.8359623127864083,-0.34188398793911545,-1.949668940275997,-1.7164430603473846
-1.8117540956229525,1.3538382430392202,0.15660608226457443,-0.024997410968975606,1.1502618225295906,0.1481925950711273,-0.575799643752204
0.20811104567287447,-0.6590483001562291,1.1627563971044736,0.22066969625911914,-0.5981773247617708,0.8696918252635398,0.3658109572114342
-0.7051195078840727,-0.09194037707276606,0.21115005671642031,0.32365794462235475,-1.5160208660088685,-1.3710310378385224,-0.29460195800497807
-0.458560833443523,-0.5865528638426597,-0.37086916490063276,0.48586678786809495,2.008874637557066,-0.08443512366469778,-0.8823381734310294
3.0144615100615577,0.5800839439025914,2.149939119357001,-1.1589907973302784,-0.23374042190481534,-1.610144473415126,0.04363340763265501
-0.11981337582096808,-0.4479621273363033,0.2978316337511275,-0.8473075125606225,0.3595832300833239,0.9189322257356043,-0.18984810921621617
-1.0402232686277906,0.3976864183122231,-0.8416561426019202,-0.43606521830962547,0.3614378756782777,-0.3263435477182013,-0.3165068463158417
-2.006772214146947,-0.9925009652441789,2.4789637826389708,-1.2006037165905412,-0.9335612973024874,-0.09020305294858764,0.27944974940572853
-1.3050166624005661,-1.3166301532011284,-0.33889917120769314,1.5030164619405209,0.8439335722196728,-0.5882009704382113,0.03959940412065193
-0.26075924944183276,1.3169703975006675,2.021835384071134,-0.06810127194831599,-0.9402273064086155,0.45597488070897074,2.13199922197468
0.012705924303332734,0.7695493144981363,-0.8603986562069594,0.14611366709914772,-0.8534434980070393,-0.8153518845379858,-0.6102263372463809
1.8984025455561075,-0.7204463481983697,-0.9679043556828865,-1.7378184049614582,2.4657855675484797,0.20266841213093859,-0.9600644021310522
0.2335597468621969,0.4417309848367106,-0.8080477776423045,-0.4307611931638755,1.2152387540631586,1.505539130658494,0.9111292743149997
0.43809019137996963,0.5084898169952243,-0.4584034195050418,0.45673439224127765,1.185471201378559,-1.3626449330665096,-0.7651025707679807
1.4200439218848508,-0.0620428321935027,-0.3642195977462183,-1.7734570069498994,-0.08011764807919931,1.3555691017000155,-0.8590558042071708
1.2733530243856404,0.09484473549906466,-0.050712408195096245,-0.6471270532148659,-0.857607923775168,-0.6107177588366874,0.7896090280168334
0.021137175614415277,-0.9646368554797643,-0.13077555425649381,-1.2519304571058558,0.03257777190592778,-1.2015791741054582,1.9573384677081374
-0.6858015834710981,0.6186008278913748,0.44778613879101054,-1.0740898040912228,0.3882408828773446,-0.16589485502799983,0.11997376186106788
1.790397649945036,0.2682408834008186,0.6122277479985301,0.2073752729444271,0.17654177657046632,-0.5183024914191295,-0.5208905990286362
