0.12831156681375258,0.0945763350396212
0.13793626014347482,-0.4871338097090168
0.8427417825943875,0.6730224819081774
-0.621131125271383,-0.48340370577510017
-0.4123397193052508,-0.20945956715561806
1.8150048238454486,0.8576580780997092
-0.8127698784593276,1.195383629812076
2.2221846531078486,2.7434585902887934
0.49697706603834474,-0.5645509912916845
1.0738515310182597,-1.38139541786915
0.44096435757662555,-0.37869248693610946
-0.43047969399313146,1.2094753329675487
0.486051565136832,-0.2501925927170046
0.9491608713279487,0.145489996788163
0.7829851521463874,-2.1479181449104576
0.8326342400166683,0.07542652933757742
0.2500154133926296,0.3767049184369895
0.2973593281880464,-1.1754310794157543
0.8910258665351504,0.3069848577007786
-0.4397295480772578,0.011514294216931216
-0.6176517184453792,-0.6302684854225156
-1.0684875992625662,0.13834472004586898
-0.9466774061003562,-1.9616855031297518
0.7447287819546807,-0.8681319606083041
-1.5198414208111344,1.32882532641059
0.5137235873217167,0.8490350998350186
0.977952225071956,-0.3847467873744656
-0.672370155815023,-0.2626585266204571
-1.3325600893951939,-1.9443056245726393
-1.762352060293212,0.47899106395765023
0.05408457795654714,0.2486846075636959
-0.8007572070127494,0.2000582004658063
0.984521559063674,-0.43793205953005665
0.47799157710141493,-0.9209415930720982
-0.924489722808016,0.6170774217123021
-1.556516530690768,0.7979844407434388
-0.1270483959720467,0.4260938762616278
-0.6119478006950992,0.3068465122921787
-1.5544629346332925,0.43577332095938964
1.0017472922169448,0.30344947038342046
0.5525661124146383,0.4880972562965607
-1.499181538899285,-0.7102798261073683
-0.04409580907767016,1.7952393175956303
-0.8004760550160828,0.3092372804946597
-0.23491944700655046,1.2300573317336856
-0.5828958848567473,0.17159550433129897
-0.4332054483148305,-0.07458977597077336
0.49322720876071663,-1.368318103497786
-0.36314270142191296,-1.1377481984736433
-0.14540137418053906,0.4582909186383764
