-0.6008561694455314,-0.1434589821142502,-0.9724806590374845,-1.5874690577009551,-0.6315776664646597,1.0030474751057716,-0.02525340328238462,-1.088702539510537,0.7042345463500661,-0.06969285953556192,-0.5295268616589214,0.807904231168225,-0.7641615963149181,-0.05215523415764466,-0.07828701359385935
0.01860791275425417,-0.09091868182587617,-0.6926428973412999,0.2080928832995836,-0.2065631921581365,1.0467434772081867,-0.13225943699089843,-0.3969071682982652,0.26148192446332597,-0.6590106137877905,-1.0826459022245838,0.7424981049245948,-0.8155351754766458,2.2875437480952603,-1.5345300753256002
1.7391717630738073,1.9634093849672047,-0.44092543712989996,-0.40826922473216865,1.0341054487059693,-1.0262355904888385,-0.7437681647395002,0.08048207883629868,-1.0810181038012134,1.9273006918978035,0.3551610126093812,0.49591977140471305,1.1649741631187847,0.7899638892085115,1.786677768375709
-0.24916663276919887,-0.46914333059948227,-0.14036298357956586,-0.06607733611896063,-1.7831953737801431,0.600254118249523,-0.9618814411100799,0.5365044217738131,2.197650364493466,0.5955252265377764,1.6749027925097875,-1.8280656205216514,-0.6885440788653966,0.3649778537662483,-0.2655579243322566
-0.11993200209976998,-0.09184849902383149,-0.3402931660516243,-0.5517553321322254,0.8918469712627187,1.4545206229576495,0.13188254974486507,0.7241470158581874,1.39174802378191,0.28132976103879237,-0.40569352953964705,0.3230597727262671,-0.441064450300045,-0.9981583012504188,0.9982527052610366
-0.9737834778649435,-1.117832910300083,-0.3150396284035243,1.9100699681280946,0.5109981057587345,0.36195882738538837,0.20122105905328866,0.8386977209420685,0.6073604618934202,0.9536104996612328,0.8868666814498307,-1.0681934015585004,-2.348860332810318,0.2560756122867994,0.1307064365490971
-0.03178962787992725,0.46790417380770566,-0.5314978551220647,-1.6473577135329125,-0.5038244401956081,-0.3789883286801127,0.6746537293638951,0.5204439404585672,0.917622121465874,0.48338468532222306,-0.17885640101451136,1.5076611989436952,1.083156107647282,-0.3703709849864055,1.077581863096093
0.5256673802602899,1.614204063433851,0.41405193636075055,1.5231190212768992,0.38358336771194806,-1.3249693541247851,-0.8341358740801307,0.11812749841778684,0.8308979521356211,-0.06286854714134604,-0.01510248584017988,0.33579458966019365,-0.509357314022759,-0.4981781824169796,0.4818272465381955
-0.9852317040562466,2.0593783807671144,1.6636923155909689,0.34387059618733334,-0.960753639294057,2.335216244990877,-1.8041381424207426,0.6703126952850961,0.39781404978922014,0.6478660509168724,1.145408783202028,1.9156361599502172,-0.332004963648035,-1.0625335668195657,-1.6223831360555998
-0.7962329629885311,0.3354283837077401,1.2014362739000701,-2.18917350615924,1.6092475650254319,-0.9159989455744505,1.03582812851539,-0.942413633290642,-0.24560351917711823,0.7415351806015954,-0.03794943521781275,-0.4371724297813204,-1.0780066388749225,-0.31209141675836405,0.4850786106394813
-0.27745512270736333,-1.6366884001271274,-1.6990201084863314,-0.05166890846477842,0.7785940397627886,-1.0503115831969925,1.460409892550699,-1.50282289538489,0.884441739334916,-0.6026766420668987,-0.6470414936578885,-0.8924906099471006,-0.217567038371484,0.1212810097216546,-0.06791583744103175
0.8897254380125651,-3.135142238593754,-1.6912043739813958,0.38504548641377706,-0.11517617038034728,-0.018243162693762863,0.1808624550686755,1.2823565424124403,0.62910669945984,1.225165477487499,1.8422474060246332,1.1854420234958483,0.27566949881957364,-0.7306216985726954,1.893589620411355
-0.3453464521527508,-0.14629375552300222,-0.41070041461171364,0.09393496394140975,-0.2670049470654808,-0.3786774048311181,0.2622428855847916,2.2625454113679386,-0.5098578045048224,0.08253869911423085,-1.356087580923856,0.2021788527139545,0.20757626077635194,0.29942455354416797,0.5956446273946663
0.4923384049918543,-0.29169517987575716,-0.8436227141301293,-0.1307921435830479,1.217614989781564,0.565316477184114,-0.6359946901045204,-0.10251841066289451,-0.21164901667150648,-0.06370886622459296,0.7433905767861674,1.4372204426580637,-0.18671543489824102,-0.2956796476830446,0.7684290675323385
0.14715426661928704,-0.023782254872120743,2.436947239820022,-1.355957226107586,-1.0299576759085836,2.0310887498775685,1.8571840357101617,-1.0660140964156615,1.4618225166623866,-0.4616061972417648,-1.0386507876902258,-1.2727445297225173,-0.2816481581087068,0.6219451584706202,-0.6462145668526791
-1.1960505542980537,1.3299587987284385,0.9405064275512249,1.346934629170916,0.20972644301808388,-1.2099764114636877,-1.3077612926175455,-0.7317960191133672,-2.444810054727792,1.5504767329669105,-0.35340466415781496,0.7384779330366539,0.014048686670437634,-0.24941149415611524,-0.7296063267693257
-2.0346739092211656,1.5464298379965666,0.564563645836556,1.729195010299236,-0.5602508616896031,-0.40866492576212615,0.40428658677276746,1.4467360915838965,0.6136499022676818,-0.9596192450346378,-0.7312631637157043,1.8998721588779073,0.39350792988171873,-0.06435251158654023,0.6253722861111608
0.6032252519425205,-1.2756850656228271,-1.2736372142367693,0.02206847268517428,-0.818061803727511,-0.8422116370192637,0.38793975482023,-0.5969953697311636,0.10873916081618361,-0.11498357526706275,-1.4042204035716472,0.4910917639726274,-0.14564924797886475,-0.7951317844225364,-1.0250187588610253
-0.6435301141541455,0.5768523486572422,0.46138545705263084,-0.003224708214508882,-0.7370303842622916,-0.7441787523007248,-0.042242621733872214,-1.3825905112502175,-1.0284413455507921,0.5966284159154563,0.15558804093755693,-0.252183861803022,1.3183981207636977,0.037478566155403924,0.6052799273700954
0.7549748552771491,-1.4849604076432739,1.1430634325104683,0.5547640433936304,1.3132424983619053,-0.37384948358805414,1.6271649665670145,0.25843543810138875,0.9938560774403886,0.19187424208747975,-0.47602024877852106,-0.031177227643345844,0.6803348345782461,-0.0058598930533610896,-1.5106131999250636
-0.13881522746369562,1.1328513947092034,-0.2243292878614661,-0.6434871580382268,0.0899289358266348,-1.585238822414193,0.6777110555210081,0.287963441114857,0.6911540588101164,0.4648512926805072,1.5401590444395938,-0.5349332715843583,-0.8320035127318304,-1.4846491596384708,-0.19912171531071596
0.08613659386713717,-0.8018072132142388,1.2178027091160515,1.545471925280936,2.0782239744017867,0.8743742468982908,-0.6567081974876615,0.41050062035648466,-0.15742287053700438,0.39250877749153396,0.3593675838519762,-0.48101672687706976,0.16431407152183808,-2.6280300386800075,1.0802449680789257
0.8431130787888041,-1.1134386445780406,-0.6975062615064266,0.8491113531252432,-1.484457183099901,0.22649665770933303,-2.0281434087071437,-1.0024324396843192,-0.10398753232595548,-0.6084088656722646,0.2503119961031032,0.4234178929287487,-0.5397684566949077,0.2942949054402618,0.3474879586371736
0.42161492423832586,0.5425134829098074,-0.09576462286035364,1.480427908121508,-0.7543550479471688,-0.1961340821542781,0.05734244893227139,0.11616445359309929,-1.925725440588535,-1.1615245080794092,0.026195988497982985,2.47779786147759,1.3958317181274082,1.4488655972623061,0.205953772084713
-0.1185371285521365,2.1114839500343043,0.05513630814306949,-1.3055560976269072,0.625634662258888,-1.172805758116582,-0.07107271055186537,-0.3881204036228949,0.7677895709574017,-0.21278693916037109,-1.133742767678608,0.0003153426158888595,-1.3485035877848748,0.9888294060032564,0.7380969888128897
0.60016814556201,-0.3866427435981285,1.0531309402381421,-1.1311432722521788,-0.7476198987857773,0.8927580950414914,0.8784380434949616,0.3228063634107064,-0.3915716564783137,0.48931439941103144,-1.5498818164654862,-0.34031291750342973,0.3749408550491193,-1.2882229541858377,0.35881885276233466
-1.1586145902430698,0.7363150413111168,-0.7405838769755937,0.19412295857981718,-0.10313249023980858,1.1145818656553081,-0.018117877605471434,0.5341967253766782,0.32506044797020944,1.2880035756117751,-0.9774788053986461,-0.2571320767062366,3.0070318023105003,0.2863406381876831,-1.7313919167067644
-0.3184845177697694,1.371921469213038,0.8705276504046785,-0.7517015499104621,0.16228202055669433,-1.4176364323959116,0.7759359571804343,-0.1123531793230383,-0.678926782612322,1.4388321731314868,0.7033411839353997,-0.4712969517276341,-1.2169273539036922,-0.04793081830994156,-1.0965541179290517
0.8511038873814348,-0.3434434146712178,-0.33457840076911494,-1.307824078206661,-1.0907314808792967,-0.26910457434866425,1.1598079365200233,0.07738537563963863,1.329065723232437,1.5510420060676096,0.8988627956853218,-1.7961290386840179,0.7242477495134163,-0.30513492881691595,1.4076889905006587
0.3088412163503651,-0.30624018988815965,0.985483696381085,-0.7499466296787224,-0.9318377129224193,0.4939200912024475,-1.1129129748630195,-0.2971499473207533,0.5240273733748825,-0.5032169345404316,0.725968279197999,-0.017791037168337395,0.7077474505883252,0.09737906132383234,-0.365352960354342
-2.1547209002831926,0.3930506750851812,-0.7063808063058921,-1.1613676856244335,1.067564395701069,1.1478404718375492,1.3443265569436782,0.7789270590647872,-0.4771724542394949,1.0463993348425547,0.2872836807553329,1.4534557346794383,-0.5784641629528665,1.1003839240127213,-2.098586647358278
0.2918481252814058,-0.9942190255129827,-0.5846335482373706,-0.9139078983394535,0.07909471582765194,1.2531539475090279,-0.6332367203624035,-0.18063416901016355,0.8665711626839524,-1.0325535076055095,0.6184805411640097,-1.0247767298913784,-1.550458777146377,0.6798236457747919,0.2981368600672252
-1.5267914508691418,-0.6250025908924884,0.3068784491343452,0.15211900992631483,1.5675513941796366,-0.1224440114838066,1.0047693795657742,1.1311671611001328,0.12175966384153354,0.5153748079266471,1.9771991517408092,0.6287361522581668,-0.22935308727389508,-1.0808436817872955,-0.9492111882286479
0.3292420954230073,0.9685771273466439,-0.5298018835162881,2.1676405253298667,-0.6059899903126719,-0.5234987545017341,0.6344550905357034,1.0910251335797032,1.6101063490886536,0.9165408028125118,0.3004534805317082,1.008055632357507,-0.9152816430384263,0.22257350146260438,-0.4915083514961226
0.6313411152803509,-0.0995870266666146,1.9408166135713165,0.5457550617081863,0.6308923769113652,-1.2962866388515843,-0.07136384587019304,-0.8271474222172409,1.5298321945884221,-0.48116604066459984,0.42042831041312606,1.260969337329267,0.8090395912988735,0.82525927384981,0.06350488557974311
0.5670652102756121,1.6358335508746973,-0.6401230926003989,0.2568582748530504,-0.6390388293581707,-0.20087183128195926,-1.3231243606127325,0.1992089609175807,-1.4299683131632808,-1.0095455654062007,2.017275528561183,0.8177495201905699,-1.554919567113187,-0.13587333054975503,1.1993450371209537
-0.8488604475044136,1.7145441169976146,0.010850151392791026,-0.5002062162981328,1.5420800338503744,0.6606130414655652,-0.30021788212756545,0.6077914853679545,1.1798080339344033,-0.8579947296062038,-0.05769821776692683,-0.18326093458241727,-1.2649728326953644,0.2388470700951404,0.33295599852838276
1.353003683223483,-0.48832412559683896,1.1067969235252608,-1.207083239629772,-1.088940206295122,0.8065162019971578,0.04805848816474545,0.3140121948825657,-1.2087034081443624,0.5508831241505471,-1.0489198686872607,0.9425389915608625,-0.4865847375643853,-0.060434061786935465,1.346749795937044
-0.22575337672010326,-1.01646087663118,0.3400494687077766,1.0794606471617956,-0.3287817758604855,1.2279972976868478,1.6317823095889368,0.890230193427161,-1.1748506612654546,-0.24096713469228337,1.4848733244235792,0.5547064076672676,0.5550800556850447,-0.535510014293329,1.2304765213927493
0.06011158832119317,0.0534097416953302,-2.4986879203651147,-0.8186871319531991,-0.5131272183491817,0.5898012907841966,-0.24999787094961395,-0.24217595435622416,1.1594545800065246,1.1625392623045492,0.056165597352179415,-0.4612441804928232,-0.7910017281672695,1.5582726784285679,1.553542140844639
0.3190669717316887,0.69989745636569,-2.391696580410727,-0.4943635708615501,1.2735930701844862,0.7047887709931492,1.8172814373242288,1.53140723110584,0.5100389279161386,-1.0637054878524679,2.568110646308513,-1.1147453723254033,-0.5853130165751781,-0.16266232058388527,-2.930051933840678
-1.3735416802363605,1.5571360805768995,-1.1787410841266577,-0.27911615062587736,0.02638750828089786,0.7519201325359762,-0.8608590789768404,1.8959900800345806,-0.7941862739433407,-0.0011857055047020176,-0.8196362417367603,1.1677956942025765,0.6582173806697552,0.31957547095426314,-0.43180588103726497
-0.4465352432273409,0.10823425610515147,0.04428424096421295,1.2616566651455483,1.288003734356828,-0.9844429692503912,0.01229435424375328,1.4619241691951559,1.6808358546173414,1.116277096920093,-0.37792023076213305,0.621946214877405,-0.7136684346534605,-1.1258260420951967,0.4622369273595321
-0.010054194654734956,1.4037414071181107,-0.8306695781740614,0.5586275817336553,0.40234316181649776,0.1916285200288337,1.3456455284659499,-1.0871685564551667,1.603419006718817,0.42430450049902574,-1.1002768173502668,1.4583297602037433,0.16278547646796235,-0.9696151977453826,2.6051364769719525
1.02833046762536,0.5633371258114745,1.2576566941970695,-0.5701568443856605,1.3898383955767835,0.9484029380997314,-0.5999780347688117,-0.5346729684502618,-0.7721707463668045,0.4824566055606251,0.11991192252577638,0.22350810143142724,-2.260371822077059,1.9091984161769244,2.395194976029134
-0.34676251749197823,-0.46119365146975605,-1.4570226573296192,1.7410871075605294,-0.24134875505827622,0.48690628604533676,0.9218346308547468,-0.0035830463300129695,-0.1590985758862312,0.1105335751653452,0.6327961476376033,-2.151496492918495,0.3829007337291776,-1.7236648045967133,-0.6665212847410568
-0.17609827442360784,0.09315111347568025,0.1672104177936046,-0.5072231474339166,-1.1440583876870252,0.44150542945102916,0.6395587105284054,0.6123969654626555,-0.630118773239939,0.24567060701039023,-0.5877762016834956,-1.2823287469729687,0.16253920597539748,0.6446345943641741,-1.1985087102807617
-0.270134345844893,-0.3157830927917264,0.6301403029315618,-0.5323215938727448,0.8557015104770141,1.757016969953355,1.2430352731750653,-0.23637053265804525,1.5746520042570396,0.28481447737054244,1.383021022197528,0.02096322336308954,-0.966860345310919,-0.761945325853673,-0.252535893082598
-0.3723349579764891,1.4751532205499267,0.15713225749463355,1.0074992872752717,-0.8498167324469809,1.1314902001711336,1.4115112029559813,0.2997479226545997,0.11229520770637559,0.17506028504753804,-0.044457793830250086,1.157734621484784,1.2389471064803523,0.8862319136099691,-1.7766465686164137
-0.4247025184624578,1.1392837981262474,0.117590709048526,1.2931020732937533,-0.3003590378646024,-1.2087862262013522,0.49168936484268927,-3.0737365420756686,0.21141465826504846,1.1516187557251032,-0.23034158954603268,-1.3367871944420586,0.5542476125109592,-0.6606774700498,-0.36740225345157185
1.1087318665593153,-0.17459530652053223,-0.0775390677989735,-0.5289337078710887,-0.8838189470360043,0.595684259319085,1.2687021289317135,0.9195827443900345,0.5429668816089298,1.055200298963047,1.0002295104001124,-0.14397532909468458,-0.274860477482688,0.010476765065733674,-0.9071564646051371
-0.7994900292142663,-0.36887306000879805,1.3537254826335454,0.22333655963228435,-0.8872511771475047,-0.04113419859831447,0.9357150731434373,-1.769917042441823,-0.19140742264478772,-1.1813352422864287,1.8332132316014669,1.981487111731116,-0.3842258812803366,0.5307781213568467,1.0428672085967878
0.56393449401501,0.1982765595012508,1.4625943047992536,-0.5443118047180734,1.245979197793377,-0.2497277478876287,1.3667831348033601,-0.4665029526895018,-0.11278590372391195,-1.261427539349943,0.6532619933583196,-1.4677392292298521,-0.4006269761555451,-0.36868902662507674,-0.4996722614243832
-0.26931001707766516,0.23930374243605546,-0.09286950447342704,-0.5201155011179202,-0.1628592696218188,-0.1555572975417885,1.0706690166109882,1.6614758043746771,-0.448275759110444,0.06956799901318601,1.0561972007575382,-1.1396026499141616,1.6521864198059355,1.6167671991332468,-1.0632316774237711
0.07462385646353069,0.7411278863262388,1.358841702834339,0.3130390850351778,-1.0833355777434432,-0.4331119406539944,1.9962218868667647,0.15196261643706954,-0.9880595708363102,0.7182975361778154,-1.3088404783800398,0.36784917494929753,-0.3806625318227,-1.2028545779942266,0.5715349744983289
-0.23354535551887867,-1.8261114360877184,0.7636407520306461,1.094392677140567,2.8636129651505398,1.4193603009327131,-1.3402101990029522,1.2387962187674673,1.3217575615884807,0.9126376628841572,-0.9341368783220114,-0.49515807505383286,-0.3512678502420144,-1.1644282973143276,0.9877040386272996
-1.2944248242930134,0.4454971092921499,-0.7559757145820897,0.37621391611412036,-1.2798842676405882,-2.141098186298642,-2.131814714244879,0.25217915334987573,0.017335696697095268,0.9110977656355178,0.2024740493320076,-1.0002163169668383,-1.7105978668983703,0.046480581435257615,-1.052618471597816
1.012455158592783,-1.5438514657005074,0.7117642979255235,2.46074185720664,0.2701760761982667,1.319236702168004,0.8135672547662782,-1.140938700559411,-0.29882812545382637,0.9222506403889493,-0.5039437434203045,0.24651584063794088,0.14573758175766022,1.2059295874526337,-0.5052907578947773
-0.7139879453568083,-0.9671429385010801,-0.32158483554856365,1.2658931148907273,1.7069905140841921,-0.5315359550113359,-1.583067614630118,0.23547530248851986,0.1591902015928286,0.024008710218446788,0.17745679078048807,-0.6092959434107039,-1.4764537841630472,0.2799300500424402,-1.2287592969666103
0.06838597637384917,1.06931293925754,-1.9151414760703707,0.9133563227060314,-1.8444556136664785,1.2648736334092225,-1.0605705022774272,-1.0735795750501604,-1.186010946606142,2.6183412427373725,-0.3789974537207946,0.49082331142783936,-0.28649417700070845,-0.3074686955269088,-0.8432623492592479
0.4712471597603762,-0.2746746180858126,-0.3363684981673715,1.3565938790184873,0.7150461638415609,0.5719241097730714,-1.149351277800738,0.6664573414138469,0.3986533012212062,0.8968125120374445,-1.3331997618290903,0.46342802545266804,0.4180604463327029,-0.5475788819507337,-1.6658371253149964
1.0589365531305364,1.1842734505691181,0.16526329197389672,0.22358948936014483,0.7150651724801174,0.370345641539976,0.9551164719237307,1.9826562895114979,1.0359623121001402,0.22949622211779364,1.4148481763939618,-0.8982026108539282,-0.5345795636340492,-0.6593488420754945,0.1731535825748795
-0.33991882579722127,-1.855738069241762,1.0033307697285072,0.5557634709345165,-1.1224430941880446,-0.8914773747542352,-0.10076062141756745,1.357015991838922,0.2383242970246693,-1.2845161408046568,-0.007197776427842306,0.11353597722596362,-1.1390750554345748,-1.1578835204254576,-0.5792817276183236
-1.1881493922774062,-0.051734043990198,-0.14437614124960677,0.45670037657063123,1.088934187945704,-0.5880834453632005,0.17358310064239577,-0.8057289267699596,-2.162193320505425,-0.11613666632340003,-0.40003450786814965,0.04899428457659575,-1.4187778131716,1.0736651839338802,3.2660479187465254
0.5565444217391573,-1.7861981051294242,-0.8054770557753419,-0.13350251156950527,0.09908920019567571,1.2931570617576187,-0.4764276830765736,0.8898817269700322,0.45526238071059194,-0.9105658630852869,-0.3616728575435516,1.92617065641379,2.942259372491344,-0.003005897744379421,-0.9030670727332347
-0.7606283789321949,0.9210230335271551,0.5129552325682549,0.3288251016965884,0.19241263853821106,1.8423866438140364,2.192948356489507,1.7856290455895383,0.9376540633008339,-0.5159635433902563,-1.321319419987504,2.108715178061827,0.3653958138472217,-0.46215577963571114,0.15770965015290542
-2.06025816048221,-0.37048310247833277,-0.3636179702906867,-1.2437662272965806,-0.6443873177774715,-1.2265878280088243,0.501954355978663,-0.8033903710801356,-1.3798471916067476,0.8385969063500968,1.1724455102597195,0.9248346828871319,-0.3364124932814777,-0.09757139609760106,0.35819145667161834
0.02278354458630152,0.4575854664048277,-0.3185045143886671,-0.6817103118748222,-0.21450540038777807,2.7889540906121386,0.7617278012736015,-0.9385260582946848,0.5731642948436835,-1.6560920936538117,0.2096012367339289,-0.24695501656627944,-0.20725394004475378,-0.4669053114930216,-0.30648971303592165
0.9612216895502098,-1.1998460875991186,-0.5768004684942905,0.6093188555448678,-0.09498727717164669,-1.0641617159771035,-0.361498961591678,2.027236097280063,0.11935846816378852,1.7339018775387385,0.2847553552713293,-0.36763742683669814,-0.9119144968935448,-0.6271597221469193,1.2664688882578123
2.455941114233358,0.21390627921984257,0.4628019803980935,0.010617529528691116,-0.4844661910707221,-0.24201167080317798,-2.6403595289564827,-0.6557663157393967,-1.0244019853803163,-0.13867505579236294,-1.0575396557010484,-2.6107818363820545,-1.8732705329934074,1.6561857490265863,-0.6932337129235575
0.3270780425481419,-0.6787451423536964,0.9270587019794988,-1.0158713732843148,0.22613623410313194,-0.12880684325024358,-0.40489716127386716,1.7470546742059916,0.5093296673647584,0.18279731721931386,0.8883382915663178,0.8283296342798386,0.6217875643311018,0.8809756372948959,0.8477192911510042
0.553141342686015,0.13296311617716108,0.12162274265799221,-0.21304554649407245,0.067940591129002,1.73723428755261,-0.1527488205588624,0.10400263490615598,-0.22603361182310344,-0.1320375147877926,-0.24576033262451447,-1.4534111743625873,0.18742544565712796,-1.8035730478854861,-1.0335113279943364
0.44397585735328593,0.7079013427771556,-0.12537810469689153,-0.7965143154406437,-0.7737920794453771,1.2245097357394956,-0.538320344960103,-0.5096346760818817,0.8338626529022554,-1.6804228191426493,-1.4677512824416183,0.736478886413374,-1.0334019969215338,1.2534882865099606,0.30914387506133384
0.5551783915048736,-0.35445463118137177,-0.7920854091466127,1.3676951740169412,-0.28333119035374305,-2.040155147840016,0.6338595419301117,0.8516156941359408,-0.005362034818226998,-0.13662566376265395,-0.21562892956458232,1.3152546916112684,0.10019001114129925,-1.6083648863985731,-0.013921675391888776
-1.2534457854693273,0.9442951452192332,1.075672601586721,-0.24481677286693518,1.1009168655474424,-0.2605452246246547,1.7246762590617957,-0.6283679365638882,-0.712720517546558,-0.08846587601650326,-1.738588763364529,0.7402941800961269,0.4146837570202312,-0.008915243604011169,-0.14919192855636956
-0.5885696861277004,-0.3362403744589179,-0.3924939896342399,0.1908098954031606,0.7764480893510574,-0.5323814997370869,-0.019856370245485293,0.1346896533176835,-0.732356582438224,0.1419459088945615,0.87124616750776,0.2982873721716226,-0.9586733666811776,1.9794352098947283,0.4507754795420659
-0.5220134372494653,1.0483615840623912,0.4322579089491328,-1.2942663028178563,0.32733148672362433,1.0676317843917515,-0.2870052368628364,1.3161760722346514,1.9884710697661085,-0.7633533061834057,2.304482858463243,0.966094304147695,-1.2583105626839115,-0.766073516372867,1.3998016816444043
0.8476064675235793,1.0527723566928053,-1.4466279090731613,-0.041516377111323687,-0.030282314046249585,1.6755177623476358,-1.0566782556478993,-0.309767862321252,-0.5988657302442253,0.25793027792469425,-0.779917466838879,-1.3247867883549764,-0.07497402453766205,-0.39958557423480523,1.6280216433977537
-0.19333922041129142,-0.6648095843905764,0.45830832316090697,1.1649892318944786,-0.8839206690287242,-0.044665733149603405,-1.3681937799207895,0.15136008731474343,-0.8274156484265316,-0.09960530953415095,-0.5479524424971082,-0.8285876132582242,0.1276407953220582,-1.647400496459606,1.6840205407606674
-0.7507215457758103,0.43812180173383125,0.5612186857657658,-0.6567036509299953,-0.14234609695177994,-1.9246063533064859,0.598881419663639,0.3643027277315998,0.5645483271985067,1.6211167827833475,-0.028474230902846027,-0.2807446737017271,-0.8544266919051846,-0.7625774702199748,-2.3741887413039544
-0.8930521331458823,0.770162825590057,-0.6275754722686917,0.09314061781721585,1.4829212864454488,-0.29749443422095134,-1.1092819726216496,-0.6519839958627852,-0.19777928928284438,0.30387894843637814,-0.40268981107959684,0.4274086707533567,-0.42981713905733077,1.4829699612159637,0.36369880957101935
0.1700935084042049,2.397129703072003,2.8754517690257133,1.7862721620446897,0.15701247532613027,0.5150139876985786,-1.0938045493850277,0.2147051518280567,-0.033223898595360964,1.18868372213135,-0.3384802244274991,1.0981255247313382,0.5798746251733154,-0.0745064108888256,0.909918585458619
1.698383906717115,-1.7830482732738102,-0.4791018698716696,0.035704349447197165,-0.6595998310296208,0.11497937673878837,0.8561077779661487,-0.007267245394397266,-1.3596413571803605,-0.09104883423404989,0.535993469087593,0.03662428941219467,-0.09032927293356047,1.4809551461706514,0.2402693034701995
0.9044503624497705,-1.3975482047574506,-0.41560563514695137,-0.34362833911646923,-0.5161772240590657,0.663318202429653,0.10325889201890452,-0.24341906504615096,-0.3222484290143176,-1.8865776932721505,-0.926780772554027,-1.0392716645731699,-0.7190377290471529,0.06290665951937796,2.1663512072327733
0.7825406431840939,-0.15201104656011868,-0.03439075346868428,-0.6496380225616929,1.2655868243835529,-1.2945364266653123,-1.6660267626756655,-1.0431250162665129,0.042583859124553126,0.2645753459680367,0.3894439425466403,0.785506518581047,-0.3227628193596576,0.9279370553459122,-0.29828174127745943
-0.46781336079720504,-1.0649962172027516,-0.3244759763940618,-0.29731866984903954,0.8380018466942089,1.260282835799126,3.1917485543460185,-0.8365417505981384,-0.4327201278784179,0.1401609068874829,1.261706566369026,0.2171660029633337,-0.600247965945407,0.34248838992899305,-1.1490369775302183
0.3889333628646483,-1.1730874915580702,-0.889028071175492,-0.6537209780304252,-0.5376899516071897,-0.28374073569699176,-0.4804506578843526,-1.042535328022045,0.09690518407915995,0.5066116914124366,0.23460184749795143,0.6798300168601371,0.8859650875526244,0.671589727563327,1.2285553957459154
0.6044323602066884,-2.1191615825025987,-0.9066483225750126,0.6810776755354505,0.6555832634459022,1.4881461110654621,-0.0077989562262763025,-1.0040246686606675,0.7454514242943735,0.5497131547977578,-1.3947239588635179,-0.4999937521057539,0.31451071364332445,1.5386426670614441,0.1400043131668133
0.8297105328922415,1.3617441975405653,0.8333954535482524,0.10399021633010593,1.1852943766478532,-1.6878224118750544,-0.7680607441108531,-1.3284959773604907,-1.5760060252741739,-0.3713177116119814,0.5875105068220279,-0.025185536920772977,-0.37524077568799674,0.8582699348459326,-0.7138334583924422
0.5273382101709354,0.11753526613618971,-0.5776605430030307,0.21959646712719225,0.7246652332669054,0.9542761882198232,-0.0707685555008249,1.4832112483925954,-0.07043374000852488,-0.9684907402673788,-1.0465276640389163,-1.2364551352800413,-1.3155816204691213,0.6877032556283448,0.5032480093162249
0.121134021390409,1.0500297712671618,0.831017869872147,-2.021659215645624,0.32726528324324344,-0.20565776893886495,0.3359908387539536,-0.3371813610590445,-1.0887124728631814,-1.098183848180566,-0.21856459880829757,0.7236590668057478,-1.4938162643986959,-0.3550375755200582,-1.4100668696311287
0.6041996718342706,0.2553384106355944,0.25019866200058244,-1.1864798424232597,0.453476436154026,1.373757549735285,0.6447711493470217,0.07214362591192101,-0.8793116231738137,-1.4105769640048584,0.5531582736880938,-1.2258068425037176,0.07604156540557017,0.3457436128499469,-0.1421087112226207
0.5885797103089044,-1.6861005672799763,1.3578946307064401,-0.8820786629972629,-0.2043325419349106,-0.10737926941490178,-0.5089719871819733,-0.021516302486381964,-0.7174825479011047,-0.2120888497855362,0.2780248225669678,-0.13095223718776225,1.5486955862723892,1.896601681382632,-0.5891279587852177
-0.8564140335389059,-1.487994785490773,0.9099441213837071,0.6101852999276597,-0.2166859923401337,1.6786484213652235,0.9433602707473747,-0.3844204568126054,1.0327667872270467,-0.2096021633411946,1.5702378534799553,2.4775281939626685,-0.354698772933811,0.7974109677907288,0.12890012809888016
0.8127199164416438,-0.8799295935799964,-0.15597788316022695,1.219377655690176,1.1193265447057479,-1.2421851829813297,0.16942825783664778,-0.5948336440543135,-1.1231531886202264,0.04453108226053776,-0.15615473260220125,0.9898439091919242,-1.2765264279087907,0.02884658057759208,1.1388330808840066
-1.1206551874703965,0.050088499095807655,0.14839173210811352,0.008284533961138155,0.3507055552048976,-0.7410058066076881,-1.457550892265118,1.4155932991340907,1.7203717025165444,1.739971588989969,-0.022804698669384785,-0.03402218207426918,-0.07712639592046927,-1.928758851370951,-0.2538231779491891
0.5316013423936653,1.2213014113434042,-0.016970110898535246,-1.0625465029072558,0.7709317828969182,-0.3049882404060335,2.128624425208756,0.3722761305263782,0.3714611231554673,-1.7443692961136292,-1.5728287660557292,0.008464717265645216,-1.5992856470600334,-0.05362993318505188,0.15077733396700158
-0.8636472816075784,0.9373337165865105,0.09321938711401305,-0.06592985081657592,1.1143643494483748,-0.2080777657046017,-0.4278529613384028,0.5338224881144075,-1.5090356676936811,0.106846259555734,-1.5736421426053455,-1.5776118533068897,-1.1710548456853207,-1.4917583165383326,2.3231926333490827
1.1673984007645093,-0.4432109247890946,1.4660843159490513,1.5176342507132081,-1.5093226374054762,1.0488588817929048,1.4120009566538312,-1.4005851643060105,1.2281890245866869,0.2360112726065136,0.7943392863479708,0.5080408594918436,-0.6806678010440064,-1.635934380670204,-1.45184324190028
0.8235332196890037,1.3721777212713073,0.4682470820102373,0.33986653733227395,0.5163312984309322,-1.082147413285411,-1.6024712729370383,-1.5299187805087027,0.514563571127715,0.7953516552329003,1.8234995479355525,1.2420903468014923,-0.21926276026071198,0.9036914772958806,0.2853021540296868
1.1931435901091998,0.4274259569612039,0.48925857018712554,-2.2475125621824144,-0.3897372132395959,-1.450090977218266,0.3839504992827995,-0.3275276732854108,0.0906840198336649,-1.1684181862552727,-0.0661890039231218,2.0207908597972177,0.28401347295188145,-0.9562239164532024,-1.2652304975304054
1.5483313220225914,0.6136991349853985,2.2520971408383215,-1.39700842582435,1.4934165503957686,-0.6774859772755382,-1.047489185199618,-1.4701773256080457,0.756527122014743,2.593839089340277,0.1384687683162326,0.8931234360297233,-0.4770796197638936,0.042312788024233154,0.8930582308524909
0.5636427987996969,2.182799201505328,-0.4116317579627626,-0.7726744964596356,-0.9604097255607816,0.9253142272591995,0.157490387128235,-0.8501155495679403,1.579163553895049,0.6052944614108898,-1.0555416754626226,0.18862115837666796,0.06702398279673838,0.5844139846420793,-0.4699181350035128
-0.04332129034705141,0.6192428716038479,0.09531286742051166,-0.5424781319610754,-0.48207309169633916,1.0093567166821944,-0.0967112092710024,-2.0845518319970924,-0.7877704987411098,1.5816755852916664,-0.27364110617271326,-0.20539233501089696,-0.131265250612936,-0.08801032761183519,-0.2098775342950338
-0.7412818316753936,1.2444013354780734,0.1716487004791338,-0.1877404293339785,0.28107894200934935,0.8511746715294827,0.39374235630206667,1.4925551317128085,-0.2388871731015786,0.1049149948093735,-0.7586785180740832,0.4103852603855836,-1.1559374939877167,-0.4525871972663802,-0.09963169628012805
-2.0235221022379006,0.8941539508317234,1.0741208235564543,-1.3953407338738484,1.919680166292313,-1.1829178324812146,1.5313307856031073,-0.3384805691597841,1.7341777095203592,2.3007304132971256,0.3671179805067989,-1.489727545492031,1.8277134227979512,-1.1702788898667382,-0.07286920560266487
1.0845301657440134,0.7956724326562783,-1.6736745871896732,-0.6766147554193291,0.8811315171167344,-2.0910678001034757,0.8938079641845176,-1.1575799274965486,1.1131405695901195,-1.490851449187663,-1.3634218781532494,0.5524628504287588,0.7046656896387163,0.2549769680485491,-0.5655403371583004
0.5533359521850084,0.757831685375574,-0.03367305299046875,0.013412642635202495,0.9090593546278366,1.5394711103220273,-0.7423172527404925,0.36739919228636514,-0.6571748252355284,-0.8661975866272817,1.0315920565861691,0.14972825429664058,0.6216564311375443,1.803816887876386,0.15037086943864064
0.0788163307365431,1.4237751880325018,-0.17283027067532253,-1.6328740562772952,1.232689789479965,-0.6572629743033747,-0.10863144159246006,-0.447333392305743,-0.6079032814429742,-0.28085598187559074,-0.6185848030452987,-0.5270562395857472,0.40971839336798854,-1.430919587044439,0.6667751962825681
-0.7128772867307726,-0.26143838210334364,-2.0718103532940177,-0.012039541559635382,0.20229572357614625,0.5516671403785711,0.8732019869750521,2.256772209005781,-0.15578727540078435,0.16344637621022906,0.10607721152314642,0.21744868515412952,0.13253888637252983,1.720785009506142,-0.4540179370850802
-0.7910602938552934,0.5183666499470313,0.2688111820791546,0.4512484029680971,0.30785254482175256,0.17497020801555496,1.9714655107547752,0.5761391943195763,-0.7519336166802174,1.0077919188008164,-0.4040025596563775,-0.6846148531531402,0.5577469687182175,1.0021063189445927,2.414905340640118
1.7601000663315212,-0.16667845712641946,-1.4354282874303816,-0.5015566154452356,0.06868371255609516,1.0935138417953787,-0.648106630799199,0.8319514772820955,0.1446339031195842,0.6637359214286217,1.8256956857640618,-0.7045424106690832,-0.4351217866734596,-0.05028849812196168,-0.7981886291269306
-0.1729876076221294,0.5524024259972111,2.5764229309363116,-1.3121563295172813,-2.0456786024852462,0.6730109677618413,-1.0812909314751356,1.026394842569437,-0.3042684354547871,1.138263592353603,1.3124797309516938,1.4604445454884933,-0.3835888228142716,0.9100319193352804,-0.46757002278732457
1.214268071809545,1.6011466403136556,0.03257666823167145,-0.24789974143727622,-2.029903151439867,-0.40863525445881993,-0.38089394987885433,0.45783980041984046,-0.4186661108810277,0.23760441470301807,0.27570799575440125,-1.6539085038533468,-0.999788066481449,0.31265831558795804,0.354664859118268
-1.9368459876531803,0.7028600866126282,0.3989002172717247,0.4169747036038405,0.7409126902765244,1.1220317689744228,-1.2607926146820685,0.48223922350471693,-1.0141336338302713,0.795813685976218,0.04518332730434298,-0.5534245664670179,2.5694655431601294,1.4652615551213433,-1.781691126597659
-0.32065747712485254,1.2117641230234986,-0.021454062810106717,-0.4407096444654218,-0.7933537122727631,1.0332600217802366,-0.13033634865024815,0.09983045272434936,-1.3709521285908024,-0.19217123030923983,0.2888402715618689,0.9281070162405525,0.18265748981017865,-0.2651516389124914,1.1453883457262581
0.0066817746134684,-1.8895498741925305,-0.4399070575392679,0.1706128011327334,-0.9146965485723655,-0.2942311842654808,0.2376385622397038,0.7458907528771894,1.440388911405697,0.8918732993195296,0.939794173656725,1.975504398075255,-1.275694916168533,1.1729371161243483,-0.6422066271374249
-0.40149360369252957,0.5553427416009827,-0.5705779398205933,0.7704500946836462,0.43274588303715555,0.4443885828181958,0.7720964328408574,-0.9703248957058127,0.37890966322279584,-0.7976889490126516,2.2861906996979724,-0.22999043170842262,1.86242844922363,0.49743179713940316,-1.5110869382164127
0.8800918877841374,-0.06783770432785685,0.12321834347574923,-2.940643960629196,-0.3579483816447925,-1.4655795100338966,0.9230702883302518,-0.4854600191562645,-0.8136530150396203,-0.5276277445703741,1.8105584434865793,-0.9024391597385215,0.5261899326833125,0.1260792223340539,0.5992920571405103
-1.0339401385631197,1.1660475503632257,-1.6979791771367656,-0.2065751392858691,0.07339380996886016,1.221875685040855,-1.4412837913098984,1.848342114607404,-0.7310341626374879,0.3912456645590741,0.9423092908823744,-0.27251554573560327,-0.5302709251989377,0.5813692177387938,0.42374180700855596
1.0601012770079856,-0.6397469863733175,-1.3205179667752436,-0.7678407893222542,-1.5057162013110068,1.3090336757496472,0.6325334044238016,-0.6601503544123453,-0.5324461986803897,-2.0193317543668114,0.8970621738879103,-1.194864200716963,-0.3701112729463252,0.2982119569532308,1.180683077907237
-3.2272940416321765,-1.4023111184956223,-0.7069100133382168,1.0230271257394912,-0.5360878479659014,-0.6958618265848892,-1.151694901722173,0.6900843034287484,-1.796832819918193,-1.9767897932638507,-0.904427348158689,1.654303574859319,2.9439157344118447,-0.9048957099482385,0.41007548764891855
-0.2827634530492121,-1.0373881611271618,-0.9460889324899556,2.026928913026422,-0.18553265124679497,-0.4997382901521309,1.4642004649758644,-1.0117131832397035,0.18167869547058885,-1.617298654896812,1.089565170834789,0.14019317226796907,-0.3740634478223919,0.0830519698018331,-1.3234438311073364
-0.40112808684562257,0.21378271482251512,-0.3890299571180726,-0.6465206961840395,-0.15035926714472245,0.08947586223391497,-1.7459681614735052,-0.7473286874346039,-0.7936174769877786,-0.6494577483038368,-0.3153071646172168,0.438686381158266,-0.19984089410093184,-0.23193037839328745,-1.071848771865829
0.2226805829707202,1.4716824245286295,0.5366762802817996,0.3478879272846124,0.09005752234867441,-0.2653815534025362,0.8566886588454734,-0.9155432371247039,-0.33339208120065295,-1.0255509279558572,1.4429585201710924,-0.17403804140559684,0.07628474672795545,1.4441632502265136,2.03922984649432
2.2348629963140976,1.2486033934738447,0.31896634570448934,-2.9720212072410233,-0.07242416493784772,0.9671463374929585,0.40557377597692945,2.133004537299132,0.04760648247083683,0.6039671424655823,0.3811691309273747,-0.4850463040729397,-0.1134162656418015,-0.68795206965245,3.175356209652158
-1.4486276283754145,-0.8706049757116466,-1.238130462532192,2.098550141757836,-0.3814749278936674,-1.0105611545454536,-1.298123738575506,-1.0913412101293074,-0.6962484666548883,0.08423588188512143,-1.0480307224234457,0.14300673629588553,0.01660916649721219,0.7754170698985025,0.24728267365857065
-1.3494671971283054,0.5385231903688062,-1.692057961061506,-1.2772145308094118,0.22108953105197413,0.29647001515485333,1.9706990796262545,1.9987944192702078,-0.4195738361066521,0.7082095271526284,0.24172731909662248,1.3942252213735282,1.0905378898396438,-0.31490438943568066,-0.7860230830875519
0.26149106373334285,-0.2854203593606344,0.8284921066236289,-1.249294158934747,-1.1579974869190515,-1.7478654544601628,-0.38338283750474617,-1.0040052849964685,-0.17460876260787273,-0.1995654640810841,0.036779655629268514,-0.27006299221655694,-0.7855189277693848,-0.2535482260128347,-0.9131846574352281
-0.9614112291018533,0.6823393027580926,-0.534239774067553,-0.42052640433103744,-0.36111752589859814,1.0429823167356933,0.2936282720976249,-1.2042513191352215,0.2728034319727723,0.3439624853276228,-0.9834929140061098,-1.9825078620213459,2.3306052777772353,0.40296242273736693,-0.46389127534532115
0.5916607045600862,1.2280419883769476,1.1078218163051285,0.6220536466485903,-1.2556912124451058,-0.2106121062275693,-0.5027322262944266,1.587718402626699,-0.7856917746112467,0.13439200878449656,0.6567002264392907,-0.6048309759576026,0.9682684403166467,-0.6255418626981193,0.29929059788127105
1.0372364310616515,-0.005583598131203796,-0.36384061174176163,-1.1603231437081447,0.5512568659764328,0.04772526547388678,0.862235125667436,1.7186190688097893,1.4943480441356674,1.5936708829033706,-1.3670625909985383,-1.0261669308632193,0.8688812229820131,-0.891152474121669,-0.1946991569460413
-0.12126870466640666,0.09383671036596469,0.7530997732884737,-1.3547497425203736,-1.0080043349139507,0.0813152039268988,0.7730526480203244,-0.07546190495565923,-0.023692155683077986,0.26832842665777634,-0.19468683164423004,0.7127483865181451,1.1020030542579644,0.2539237792145508,-0.3872106637882636
0.35647081572197825,0.9994561692982079,2.691244106334293,-0.1924633036154902,1.012957301603226,-0.3110297844710654,0.9084654535025996,-0.18889821287043487,-0.9523638639592644,0.011163729507851102,-1.7454687313621895,2.0359764465043217,0.5136102694978147,1.4375468388981953,-1.668186272590942
0.659795235771661,1.4968155295885528,-0.563891747812976,0.0007381161097350688,-1.528741652187252,1.4891800653536642,1.231086213626193,1.0318053978155473,0.6177973611576268,0.5790604146080677,-0.48845399801246814,0.38312435358151814,0.15336047125539612,-0.25029957564170363,-1.3828152112272512
0.46622936593067577,0.6183819306337907,-0.3977404118246311,-0.3553870429507812,-1.064806892854006,0.9683678229014728,-0.9159184860772696,0.14757765417271662,-0.27074658915268723,-0.29589879048969997,0.6001250948186776,0.39930461493034736,0.41224662482826313,0.6614761149763309,1.4280515598226833
-0.8855231278793103,0.18915437062228377,-0.9893206387193801,0.546427303387783,1.6896165069142408,0.7033909327037716,-0.5889081418395826,1.6334275223536083,-0.444930603639923,0.09210217615910773,-0.39443410232491755,-0.6023285452659425,0.7883408827526457,1.3020415870180784,-0.5146768831976964
-1.2796009433429976,-0.01793739586796906,0.04647196654947573,-0.17211895705688873,0.46019896495971163,0.8746462457575318,0.9850023781202755,-1.455972446990886,0.5895739308667757,-1.2327815166672573,0.3777965735991646,-0.26390248309472114,-0.8661374417836725,-1.049364170806649,-0.9771875991682434
0.27751557977084446,-0.6124953781218695,0.715371109807987,-0.6134114311224399,0.4510628005296555,-1.2569782023376854,-0.28724563547683774,-0.03268325898900434,0.8916031278288593,-0.43728917440139536,0.14550812431332108,1.4899407763351142,0.6736859018952067,0.02716857193990441,-0.14964122903474067
-0.6506198942116334,-0.23996955562905298,0.5024230452133541,0.20258801519685993,-1.7073411411254098,-0.050853491140221356,-2.166780962002897,0.4347519594454297,-0.9766975224143769,-0.6930962067609528,-0.3288898934461811,-0.009160087259524887,1.1798736030771453,0.03433554652874528,-0.5278305345084524
-0.8089405522879681,-0.20423738554323587,-0.43523665249505133,-0.2882875736397491,-0.06585600692533701,-1.0072494427614704,0.8616033689214326,0.004725570363339751,-1.3410848770568415,0.5815621250781993,-2.384781196326391,-0.5597782351520364,-1.00507318567189,0.8049580101689153,-2.2257853581424034
-0.6232862797619747,1.4515333950970946,-0.3328367001176454,-1.565418150179851,1.0918209149914893,-0.175555733039097,0.8048523759527813,0.0778954113309184,-0.09699606045952525,-0.1646194314015438,-1.8254389441857828,-1.4430482723777585,-1.2601978430570677,-1.3462775883867522,1.7161801021044096
-1.5242266617559381,-1.6622741302813613,1.8721697273587463,-0.7936787534894404,-0.10578290644566854,0.8414442808950885,1.1596458159812781,-0.01988973296115879,-0.3401725393578362,-0.6547724506580685,0.7093149810674713,-0.07877139192368697,-0.6543245530441895,-1.590846203037757,1.6566750296028296
1.3296667445234738,0.37657561264381445,-0.5366658192214167,-1.291928033135487,-1.5354070849793715,-0.9526014232591532,-0.6657995893465462,-0.5430816339447287,0.4719418432885943,-0.877618035072975,1.5451133349287132,-0.3216289633466487,-0.22392641315877063,0.6409837649458602,-1.1153766420322713
-1.196994861265931,-0.07343074940491204,-0.7306338338248982,-0.7055485567209928,1.3254321235339908,-1.4324141074712817,-0.42671172236776306,-0.8340091370428916,1.5421293689663806,1.91214251503286,-0.31920736869047606,-0.09534318429229523,-0.686513962863832,1.6324967065514664,-0.6454861979243475
-0.9885003442832814,0.17417467467567768,1.7011578369705365,-0.3224612042858501,0.5931587478325544,-0.8515489892487984,0.2614215284201284,0.6820263936251533,-0.9998895843971342,0.2922468331247219,-1.326242262128922,0.013940159683889081,-0.04005456652770689,0.41934205041414097,0.4201833688692671
-0.6464368324755616,1.3474424384439527,-0.0348155246146603,0.30231811711053425,-1.020827977369449,0.5247623806258314,-0.024779688451990894,-0.43627177604515244,0.6295067202052999,0.12061226679231797,-2.1654176844795816,0.37212404013709316,-0.47941976536891845,0.9458778453558883,-0.25206655916572385
-1.4016852106689874,0.2613999062212096,-0.09982769032481671,-1.6395952003018592,0.5690834811170707,1.1412025245097306,-0.8343749311852825,-0.22749470876665176,0.6952524995304304,1.404554294048637,-0.623053083586443,-2.930705597807479,-0.34764515253023925,0.22142030992955075,0.09975687698314309
0.3914303307735128,1.3169782859441999,0.8523048277113543,0.6617230904633428,-1.9112401162538983,-0.6471899658313018,-0.11393899684955698,-0.08260857672879497,0.5027047282055382,-0.04081632871629888,0.9292113227396953,-0.0633269638874928,1.0436318715191213,-0.5230592400007334,-0.6775518355220631
0.5869982796709963,1.1790867134643954,1.2999465024553796,-0.2753833910104472,-0.5305130490212842,0.2695418919471113,1.7947444321733086,-1.3062498427344567,-0.006110580104605812,-3.3229666062186936,0.4701063723827235,1.1545784406472637,2.1482642971113357,-0.5180683832754068,-0.6194374578877753
1.270113486838088,-1.168284927370174,1.1874766307505982,-0.24356351565829293,-1.2665333321446555,0.2010312435637487,-0.4742682770048589,1.0708271844467678,-1.7462889933536119,0.5068855676676636,0.1659573428006529,0.48754684232836126,0.871276271465291,0.5294805098538083,-0.4898814466528563
-0.2675931805879295,-0.7750640551803135,1.416753131371578,0.30524498771104813,0.012692239371243644,0.11096039697036002,0.628363892279095,-0.3147113857472697,0.7816487786554301,-1.8872374580639526,1.6563394404846457,1.177428143057977,-0.4066102288996595,-0.7737583562261519,-0.6691477091446325
-0.3015414957077779,-0.2472408679290465,-1.2251285193489738,-1.1697627183211876,-0.6017735781866246,0.48553637388031734,1.9348143343445876,1.0013229343188015,-0.9047035342177511,-1.4388481937228672,-0.4980563973388093,1.1974335665637308,-1.1403112798553505,0.2186429249459972,2.1101757168824578
0.8648032701289176,0.7441904663354537,0.30643235837402133,-0.1719107961359509,0.3062802112273403,-1.2628902272778089,0.02703063994168801,-0.9412968381050754,1.799493353211541,0.48053262329519597,-0.5898271499380112,-0.4112426656384037,-0.5291069689008605,1.1461101365281525,1.0219816660336658
-0.7882847225975571,1.4056116859647683,0.02793354641149318,-1.7191602790112575,0.9613535834587864,-0.5622206812238562,-1.061205569972262,0.7286539523370364,0.3525582269231321,0.04201091679876617,0.6821041484930823,0.18592775167097203,0.03235961647337509,-0.26808278862312945,-0.28594026299386915
1.9229233867748878,-1.0802645034238043,0.2833774598177895,0.19701675730129628,1.1858426017318173,0.8755779094476579,0.5256830342732774,1.43083380110408,0.44905324166369903,0.5680186673976962,0.04742941549471868,0.8416368022289801,0.14974681238475662,-0.4901894500695076,-0.9136242989548756
0.4068990983166337,0.866840685136314,1.2197585001301607,0.617659725812726,-0.6303975066231111,1.2896582551857885,-0.9180825038040796,1.3801333677262664,-0.09465276341203298,-0.9287102070776478,-0.4260182338943674,0.032362849053965484,0.37508536749870314,0.7828387835575681,1.0506526689755689
-0.7782748410662209,-0.24011519484147736,-0.026897994426640953,1.160380108558754,0.04318206151754114,0.8809621017550475,0.182214061170968,-1.0634803134843245,-0.5245060790176559,-0.4512221726610077,-0.03389216222854883,1.4663091054959998,0.9310878768518784,0.08070752850537617,-2.167698838845885
0.0555301607750195,1.2406711597247528,1.162246114834937,0.1569792423539192,-0.1237326203126484,-0.6947425289786339,2.9586908395161613,1.204360251521729,-0.23669414714246154,0.021699785494890395,0.021070842769751977,0.6215790842135634,-0.20047543095023845,1.2772526790462082,-0.6928250264787824
1.4485439274363978,1.11342762457371,-1.122881155044562,0.35842855350013897,0.9868819145731572,0.43488292002581214,-0.18151372817815342,1.3764566572010772,1.4049745967901013,0.2608194944774874,0.40882374483859435,0.2536540518007596,0.884210936631735,-0.7249954054823367,-0.9857423716223139
0.5286594594926489,-0.1492168126977064,-1.1641458665857658,0.1700924969614469,0.3958249308935463,-0.5145768927648666,-1.5321108677259287,0.5464305246149304,-1.1592238256102625,0.5381319913962217,0.9366639793786187,-0.5836364984151347,1.9367618691057507,0.01769564777356762,-0.5646191361842878
-0.560237817477601,0.5122664168170853,1.3969162362030394,-0.6128182241207095,-0.6673747723457035,-1.031025079605804,-0.5805510136960139,0.3563635866560856,0.8382584380204589,0.15062998229014954,1.1688750362281493,-0.029699396448911657,-0.08949634469988375,0.38198963554434345,0.8509616895086444
1.1335811342091295,0.07940692821936719,0.4297535859883865,-1.2883546765343712,0.7707569677330613,0.2628518316360374,0.03780796755630258,0.32786506932820275,-0.9333669853222357,0.15155196650199307,-1.5208317199060475,1.8179419173482465,1.4843181269953984,0.40815934961498407,0.016803808697462855
0.11818230746369827,-0.8132402764047945,0.6102683116124575,0.8969750291982044,1.533370514679747,0.3232367151680947,1.4757348482248223,-0.25310662165295994,0.07149110102286323,1.3225454536668293,-1.0174705201025596,1.1539825439081899,0.1810026730944111,0.7857250006144657,-2.974846235541051
0.4424889285328911,0.6338745206568768,0.20843023519890677,0.4835942852962294,-1.4015667146082271,0.9788576024873433,-0.7161719188251797,0.03213139592878568,0.8074554532150804,0.10025304805372523,-0.7932993198887032,2.007055216477277,1.860104347122518,-0.31911449829861976,1.4451637776438457
-0.312902447883059,0.22737453684682388,-0.006374774945797289,0.41879929685157374,1.1085079411851295,-1.0760208048997102,0.67066668721536,1.621384140374647,1.0200459002743139,-0.8356432660664708,0.7895379880336142,-1.1326915450152228,0.9077167084015176,2.8154375796413027,0.957926155330864
0.11948423167162799,1.5723817715640962,-0.8966862586846129,1.5722366053689125,-0.21656207973939273,0.8395299601168877,-1.0148025733968664,2.048736193136711,-1.7547793863057997,0.3192535873290577,-0.8685854727045118,0.4759780666173705,-0.8547573493657478,-0.031335901658621816,-2.3423007618249163
-0.9797347299729567,0.59648136218295,1.4064216478075386,-0.14945373537660203,0.8143312047709248,0.531746496261457,0.34329658307025573,-0.7072525260164944,-0.19626061008772946,0.3751040061126329,-1.8639077218126707,-1.3061563310904174,-0.01958787611639317,-0.4778522854523189,-0.09602933090449751
-1.22244276033764,2.25784907331298,-0.09826295380972393,1.3653484033117251,-0.4928093845498686,-1.5899539314303879,0.0084758993034701,0.7037486614533085,0.47764103178243317,-1.1974080226790764,1.2145855607369949,-1.082227051832547,-0.12672307285432283,0.11479023841639882,-0.20360142963973848
1.2501489635483616,0.2563786767259686,1.2681513791958965,-0.0421660411014495,0.36299877745331066,-1.0156551658572155,-1.6237895388821713,0.7030341500042904,0.6229782528020701,-1.6487444128246291,-0.568080996589783,-0.9566922118969201,1.8949980342871242,-2.287187393326668,-0.7891456421239971
-0.23198061444957752,-0.9019925137811738,-1.0893197442617926,-0.559141903868366,-0.8025344592221826,-2.9084207890921565,1.7181546267256786,1.1398848901778174,0.24080994690474622,-1.58309836339002,-0.8185345132542273,-0.3332137118693978,-0.44107272888047766,1.2625888536415064,-0.9637173914684106
0.733241452324817,-0.09839564830617639,0.17957405443029256,-0.6304305838364874,-1.0978771269518353,1.451218864693435,0.8733942150957278,-0.8050448697588369,-0.40501207456967275,0.06106733518180706,-1.6169450238948542,1.5538431531797272,-0.33543811102111304,1.0082401490263104,1.6815845087102375
1.3079671061805676,0.6218937677694281,0.09718242908668828,0.09138692574369349,-0.0351099406731186,0.8688034595292303,0.029365626241374777,1.3174384221537971,-0.013363107595871844,0.6195998162992173,-2.361671995373426,-1.0831595995838448,-1.8460132551263948,0.3449356971423108,-1.071309947215974
-0.7047579703745819,1.274995452046595,-0.12563277219307428,0.8149376046195391,-0.6182028584404272,1.768300914738566,-0.4860681870051044,0.7072427191250645,0.915476245905985,-0.14367018876600768,1.4853042557353489,-0.219571057677841,-0.711963109994378,-0.00683756608229018,-0.8174423922739629
0.8350525779740885,0.3344595458871041,1.2384198804020037,-1.1771128171848528,-1.395611978891658,0.2159032652153083,0.2764595761266682,-0.4116097926618329,-0.12133047716090296,-2.0142993520689756,1.522629930531275,-1.0468691879160348,1.0421561379619095,1.335076477063085,1.234111982209992
0.7803814137765617,1.2689772256096734,0.3159047985770945,0.48610992778436657,-2.2417612770464213,-0.9804074493188499,-2.117686726184451,-0.7032532274796205,-1.4197928022292108,-1.258588388497474,-1.0968900691449195,1.536679847464881,-0.2661252860092927,-0.4844745230028997,0.9275801614360659
-0.04703718078230655,-1.6914625846339613,0.7758308661526756,0.48646910244679026,0.029873555300573094,0.5700777229338354,1.6005811842677693,-0.1656286290989241,0.4800143592531752,-0.5122910244434662,-1.1302108026486382,0.8606125276804225,-0.07533398566112617,0.4637960915102729,0.6677486177101363
0.8378754107565974,1.557960649551291,-0.430615053691244,-0.4672827577361847,1.033405817731847,-0.946759472650151,0.18219798001744342,0.7425507781929717,-0.0824728520285396,-0.6864550181972584,0.6600908630407759,0.0942282526948019,0.3499774993858952,-1.7799577420009765,-0.8197635729526799
-1.0276628344080776,0.06470127567944496,-0.7169397000090459,-0.3567633072241833,0.3991293928507444,-1.694797427915947,-0.5847266137453762,-0.40375557735602624,-0.019877660813900296,-0.28967475637763174,1.3083319547237504,-0.2530955939554295,-0.1388537319662754,-0.07265510629798562,-0.3783901813305939
-0.8015216108020894,-0.2506487626120646,0.5927969662492943,0.4229621497825743,0.7188742234585642,0.27294075493542874,-0.20155674280677446,-1.0591684782469393,-0.4114821493477751,-0.942439473075209,-0.5755920170379807,-0.3753423015176434,0.40667617283410323,-1.5809073051059304,-1.3651490815545952
-0.4834177492029072,-0.3529646328142978,0.5953715486303321,-0.6974415593549316,0.08412144460664478,0.869743743443831,1.7606903131238365,-1.6140732703797165,0.4499104496839058,-0.8040822393219356,-0.8814936855312828,-1.1270532428553333,1.578774012069696,-0.19691202474194622,-0.6652567480696717
0.5478202134963015,-0.932641370796749,0.41179832681683703,-0.7442819999034747,2.1378155758085393,-0.4171177826982824,0.17707677383799797,-2.0471895198140317,-0.08142176622933939,1.3893429299793139,0.7458417338288205,0.33420354564162874,-0.9840520577617284,1.2000740311632188,-0.8154792685969686
0.21684101852537718,-0.1315714937762696,0.3877758592254646,0.11462574076099602,-0.4717951386173186,0.5519673438290104,0.7225167424658048,0.3568925529148793,0.9226933037488015,1.3371466418951443,0.581971523408224,0.7588746804307542,-1.648414447470437,0.8831339844113674,-0.2204701529807946
-1.9958390793362524,-0.2484231933112387,-1.3488772543929466,0.16456319534996508,-0.03019066334850285,-1.0842479827498144,-1.6069544994937002,1.0334115139761966,-0.06750495195582255,1.5257197531605142,0.4098348070933422,0.5955586474579162,0.043395576496443815,0.1009075247730059,-0.8887428768917907
2.17663077304251,1.129802476296443,-1.7556503172395843,0.7980863927406566,-0.2953935491149124,-1.7435408300849928,0.4471139454091788,-2.6154160449341504,0.8986582756000839,0.5804735345004913,-0.6252068594153743,-0.9012645908258885,-1.0757518998182662,-1.9983819332168007,0.47170250936594327
-1.34704899962616,-0.6571634292461805,0.534118980939544,0.36240139333290056,-0.2775219215597435,-0.1904758520422385,-0.03637500725040917,-1.297888382065253,0.5662973279793616,-1.3415502549786118,-0.3500258056310205,1.745211417179246,0.21960014149640986,-2.2979415061075157,-1.1677024631611579
0.7568252155610873,1.3176596261163043,0.9690034627776088,1.2571674039491487,-0.5756550794051651,-0.9894159011909553,-0.22813868131284556,-1.8000391726042624,-0.061813661304623416,1.1258892375630185,-0.5767223659056302,1.304659696137132,-1.1992527405012197,0.7513986522584457,0.06447422434698254
-1.5838489251017747,-1.069731603526423,-1.8230221568853189,-2.0134403768167606,0.40758675241376185,-0.28821149683130803,1.8585400391597715,1.5228076553993464,-0.589625148433087,-0.43923184691211126,0.28239055814718705,0.6813958310102339,-0.6785528511847257,-0.9495252694671604,0.16239354062444933
-0.3224229785942377,0.6613523216186309,1.0426259428420745,1.5184516402846386,1.831973296361653,0.9884604178140675,1.8203774050311274,0.6831218607065894,-0.025664015671018107,0.2803862967847169,0.4828901258117883,0.2658759705105424,-1.6524295489392247,0.9237025771861184,0.3422242174038485
-0.2057096621494485,-1.6142963509431862,1.1272903178835951,-0.23268062454571728,0.2964786714092703,-1.1020321557692254,0.5550318707293677,1.2347468004360462,0.7997955443516774,-1.1505741857123228,1.1480527823924669,-0.7342543865706134,0.16461960366942782,-0.299460503992486,-1.208495347267151
0.14683481600850357,-1.8086885618325341,2.6615939007521767,-0.1430347222735876,0.4773865309750888,-0.9298921939630448,0.05807596675361075,-0.1617193420146018,1.0244255746456568,-0.15423067726556478,-0.7044544982386601,1.5210987317304425,-0.9027929371783294,-0.9481021666410258,-0.8619709735016644
1.3851303319864348,-1.1130911617110875,-0.1308016560971058,2.227984409814753,-0.5043516063379757,-0.18608423743798858,-1.434967124832903,-0.4033655058061376,0.6653312814377016,-0.610241775997754,0.29104607437546615,1.3959324208786468,-0.0077283833715423534,-0.15828787231946875,-0.5184034917785548
1.0115420662482906,-0.20928096773962068,0.6983259727948224,-1.7445991026807959,-0.21074456820100892,1.7568005229095511,0.6204428955239318,1.0811783493906608,-1.8611946526616923,0.0945609538714484,-0.5236177832722124,-0.3891031253303442,-0.9655297483454623,-1.7078272106463008,-0.22800480431011122
-0.20187473890724017,0.8597596699949902,0.23522240690421256,3.4720017070422657,-0.5581044457018911,-0.6474166750589004,0.21305253874343685,0.42658508798683276,0.984257272606957,-0.6410966853338823,0.6511139946031754,1.4093658154238344,1.0839103308116622,1.6799656331186188,-1.6617521881713073
0.628811620578205,-0.5573229710924499,0.050133803871528534,0.5262408303551922,-2.3322301639832155,-1.7308867848077403,0.2124881105507395,2.948662586982512,-0.40888461894138756,1.2680675319179229,-0.356219750218183,-0.4817005580995433,-2.2954427692837527,-1.7040938816630116,0.1299665074701637
0.39095560052210254,-1.1783146023999265,0.8083746006203613,-0.4415762130349267,-0.6216802317340184,-0.3891373719850384,-1.6304957103763094,-0.25055990349974366,0.15145404498062945,1.5570090314259035,-0.8715747816384509,-1.7436814688005193,-1.7138333407983777,-0.8226283652794576,0.2499608361595095
-0.5249768024654181,0.9154892649966528,0.7954106125359729,-0.8332763764781408,0.5995579221211971,0.4832986887909321,-0.7992053392605545,0.3825933470403999,-0.5039439948779858,-1.019660703989032,1.2688503947867054,-0.2849056943116276,-0.5351848585416769,-0.689150761485505,-1.314314249158997
0.42616635917423423,-0.9548153369392894,-0.8888748587514288,1.9670716594860624,0.7618388072331082,-0.20956600033443815,-2.4942172867237695,-0.6307298231822899,0.6797133382715326,-0.30374631306757527,0.5419215434092423,2.0482400111557513,-0.013808803148607374,-0.3802277598847357,0.13335368088672925
-0.5436853601925534,-0.8340697762488394,-1.8071449929562093,-1.3405288991803244,-0.544405865558025,2.4772069534494183,0.8835055327634483,-0.9050343773003794,-0.9679463548879924,0.8945099466242306,0.19363251425735312,-0.9555184685900442,0.043655775097281205,0.9615027232844526,-0.1215117206547579
1.1175123554645756,-1.5674429848808262,1.3549159176398222,0.11227512882167674,1.665802245499322,-0.3010227572249233,0.7036954466068823,0.43703500545806684,-0.1403012160301732,0.7982335126587647,0.4252641840376364,1.270406851724163,0.3058084095867494,-1.3067355614287879,0.15429966068227546
0.13876317683027423,-0.061756040949086495,-1.3563035107327144,1.1696152254541936,-0.8525639629759846,0.008431611658653549,-0.2716434049355107,-0.3565071270659086,-1.8430029643792112,-0.9954124206377691,1.165859456516857,0.5870128499130505,0.15906806329572776,-0.20279327951942816,0.7129875164528029
-0.8196991499001742,-1.2577002809436044,-0.010948152079497045,2.581528348856651,0.6016726197481036,0.486730643272082,1.441682035247569,-0.5850427881513903,-0.9089878316034371,-0.8807194014247658,0.6527816832623758,-1.0618843617028082,-0.7639408375786099,-0.9105254685605159,-0.19057833808586852
-0.37370512117136107,-0.37533955363725097,1.6315415986406887,1.4834767756031502,0.8483703834324136,1.841035836723661,-0.15787099074940597,-0.5584867973988202,0.4918580312596752,0.28861769996017567,0.3514981440666208,-0.14734297712588063,-0.5720444103696518,-0.00944994660827298,0.5477788016270897
1.03326483733375,0.08188877542390595,-0.919230945638616,-0.07433340703037321,-0.21314795142195037,-0.41593406071435596,0.48074771592455073,-0.5947556132618181,-1.0994993521997736,-0.7725586697413469,0.06672692949725224,-0.08143154610350317,0.39687829621573817,1.2770639736631357,0.38130534040152075
0.15616810687237925,0.6392124727294143,0.8919189069088005,0.32212465480045344,-1.2242499405323193,-0.8842963805294236,-0.10810264673082749,0.8304306303706713,-1.6659168055161258,-0.04185845915250519,-0.2859385822430597,-0.9014635789740516,-1.7415524127802604,1.624512200330362,-0.20446736536105997
-0.5141095139869235,0.4375910083095465,0.10572165196882528,1.2191209097735207,1.3575652630988035,0.6472681166609956,-0.2366482086023151,-0.2953834869034854,1.9280464651188824,0.5752396637633161,-1.5891229659172745,-0.6546072702259681,0.9315599081977919,1.319309441765405,1.1760611707049091
-0.34127121997264476,0.5423367545821008,-0.7959906173335757,-0.3138481522115802,-0.8438368582092692,0.036880855080414124,0.1863918763848299,0.10268626847921958,-0.5002457310513557,0.2458247259321213,1.1087232837283933,3.7388469098942276,0.785044346260358,0.5418409552493885,0.30863304080832354
-0.9455545351660906,2.1447175385661192,1.621718684890011,0.7561647678717148,-0.18539636145595942,-0.6661223628791277,-0.6167856595584144,0.6922337480343485,0.3931970165587566,-0.4953706883568262,2.488140141560954,-0.09735014276380463,-1.1289905670626317,1.821797829466012,-1.9626900535393688
1.2215977096850457,0.719627040201447,-0.8594902812555697,-0.5791631554908451,2.0916121530048355,2.6779119554520285,1.5043361301895837,-1.540005806069892,1.130003497605275,-0.6535844737562022,-0.13967830408566667,2.1260276736673127,-1.2521472152206752,1.1096316954785863,-0.7681151337664801
0.42083945256865984,0.26580070538091605,1.2970252505386057,1.1741557306691588,-0.7925508356233253,0.20022332572185073,0.030791317959325895,0.16327425452647693,0.16310697729512827,0.37218422877011054,-1.3472685600982028,1.6026222097423126,0.8258018910568237,0.008784680690219985,2.9840605798747166
-0.821682585412579,0.2525640941044086,0.0594450018699049,0.5172178231470751,0.8339106029672972,-0.45333467911222947,1.0843328054833168,0.1334354992978496,0.10700211867642026,1.0578777100833379,1.08686363467246,0.9263729555583458,0.07437564245480334,0.4833719736382503,0.6949956995196938
1.311248114295801,-0.05263934252004982,-0.32032612611073624,-1.7477909321647451,0.12259560542328676,0.06985887405896676,0.6554214072862057,-0.3276199946191587,-1.4519674967208833,0.009994921046889774,0.44188129244548013,0.3979785646418709,-0.520295061477945,-0.07641780598763527,-0.22075868967110013
1.1457053782749416,0.043245818073357575,-0.6468061371606711,0.7151630723522465,0.30312008867463947,2.94965526744593,2.6170951659144976,-1.4048181376742543,1.3115390674660554,0.9504827954477553,-0.37156905029813464,-0.49167179108946996,1.166011720743809,0.33625468349434284,-0.8010120210374427
0.44549905009740814,-0.19657257043111745,1.2728482921599253,0.36580247462078513,-0.3552267734794741,-1.6760290612127153,0.6667504841507669,-0.7020774885665152,-0.39501341402460566,0.7358221740690122,0.9850761736034763,-0.8322918568332929,0.5091336938191827,0.7773462785916258,-1.3979667244685483
0.0027049390574619466,1.6124001230474079,-0.7710119706049012,0.4199670284975198,0.3554340274696842,-1.86396868578353,-1.283900410213147,-0.10231132788767867,-1.1512944882989564,0.053042985405290205,-1.0957593794533413,2.2257301286130735,-0.21000478003380554,0.66917154558035,0.5759179406156654
0.9384646439150471,-0.3932464604205955,0.3909459081496043,0.38082955716416855,0.4734534995498139,1.197194357036178,-1.1320821451732848,0.6946260879894819,0.16469116868447636,-1.1849657845171033,-1.8720532591685852,0.10175367766054727,-0.15429356336891312,-0.18436493964211637,0.520883882853856
0.366778982110459,-1.365514466021197,0.2853368893386682,-0.2586170283716647,-1.676317289692837,-1.025214127558905,-0.16658232859800762,0.2744282226469385,1.1450470187667727,0.21856015258014497,0.0015190938316101382,2.204377086960919,0.0063738718339196344,-2.075480105005428,0.48236976212746296
-1.2474443044979522,-0.714551793676873,-1.7405923966341863,-0.9119805264680693,-0.10533469567124004,-0.2760584745078003,1.7256203553255747,-1.1298554006740122,-1.4601647020480573,-0.12099210785300835,-0.4147407997934609,-0.9709918610871006,-0.37813028456500586,0.2726624827412242,-0.20932863225585613
0.3188258751629386,-0.05070274222864801,0.7261174349273278,-0.8970824478399624,1.402131488048418,0.8402848204133853,-2.1015198110799815,-0.3393594114646061,-0.31228474362839087,-0.6774354174112546,0.002322405338930231,-0.41671081665153276,1.2785813403681432,2.3982449074044774,-1.2561225894978139
-0.9286038779754111,1.6701841829557031,-0.9483995117024963,-0.6958620128808297,0.1284430555215612,0.46209040971975757,0.38243552402906444,0.38546354904155017,0.09830290868646477,-0.18665179107161123,-0.41119823696114366,0.12587144617401042,-0.31522728106430464,0.10220240443730219,-1.225142352933296
-0.654788556983314,1.8076319481529728,-0.1567200335293947,-0.3195207668639257,0.16741246397721077,-0.4355414731920731,0.4546314694705846,-2.686304385369278,0.08663176777755936,1.8400296716039561,0.7002806985195758,-0.5743556779179991,-0.27947199069083906,1.4244525624016342,1.086733932097785
-1.1567319848026685,-1.0197642950111063,-0.4713289259242436,-1.3703398393002049,0.37870387629761876,0.7786424378463104,-0.2908967986552701,-0.5663915486335466,0.18733308452029623,-0.2883389332718288,-0.12241718134091648,0.565349008970357,-0.6763381927600357,0.5379094859923362,0.3549241603041697
0.3544284518141085,0.8584404296874658,-0.22375933071728235,0.1198317522570571,0.2730331184014517,-1.159552666408229,-0.151537719595969,-0.656932651093542,1.573469387393809,-2.218327412056426,-0.028152658739565333,-0.6794292733910793,0.13411190384323216,-0.7354632320099405,0.3042622539801517
-0.5611273668905041,0.2206935445898705,-1.5106973239431762,1.3329657054347168,-1.015750165518948,0.18312600311095972,-1.2437172146238624,-1.3244272430708142,0.10233109751045774,-1.4288179768075435,0.09155885675759941,0.2229759295322649,-0.7384382212751132,0.08881903852669024,-1.7031831062910343
-0.4859828686365726,0.9525953226682757,-0.4112426330223445,-0.5155644590077749,0.704283884765388,0.5356659271008075,-0.2831750759274245,1.151323778159214,0.22545556647665205,-0.3175891175208522,0.08345597160977483,0.30754526917648184,1.933554628713736,0.8916271484092484,-0.22324173593477595
0.975461097444079,-0.07129260102237968,0.7633964388581129,0.3351249691060681,0.7196337249255538,0.5741093029172668,-0.9478623750160609,-0.5767949015268827,-1.1588514366564708,-0.9965168094788073,0.25281986609486695,0.26112873248913854,-0.10027778997036926,0.19443490443099554,1.5638835278459309
1.5130572058058251,-0.050300463320594554,1.049429130290772,-1.0970055646123704,-0.07075988408886545,-0.7451919360667852,-2.1736031586358298,-0.7849147378673368,-0.5163919189927086,-0.8476338356134995,0.21051607524746532,-1.436328846787581,0.745842756426419,0.07225226552131718,0.21462100870984338
-0.5496162691922024,-0.06896768386726164,-2.6869133761981314,0.02336377723449463,-1.277548922939441,-0.10370548938963564,0.19630591322626026,0.4492570902016894,-0.31974707987978845,-0.32668656304254245,-0.7957721586090242,-0.30224155486124843,0.22692229319128246,-0.4873814667587905,0.6905381026526572
0.14101101968832344,1.4843877814816662,-2.076354749346759,1.2226780216458775,-1.388243298043232,-0.08513946911719728,-1.503940679686575,-0.632602635395529,-0.8837220375830779,0.21951463937591192,0.32932096888905393,1.2013050018613494,0.4240204567090441,-1.144849347532095,-2.7221387249455358
-0.9242398351826181,-2.3063139997794515,1.613644946564664,-0.3506503464119928,0.6464118656060062,-0.1680421019255949,0.04034220940086237,0.004288471520896069,-0.4823795587479478,0.15576406797187647,-1.0377115828421382,0.30376700431932074,-0.8910403595063616,-0.21542747424626624,0.6008192593746997
-0.5305036357664445,-0.699316054918478,-2.0469702904898215,-0.485037543141672,-0.9668864525076922,-1.7384258857955313,-0.36361278383495504,-1.4106116133260471,1.0759024373046933,-0.5705294816250602,-0.5327639257224949,-0.01966255405562407,1.4505067549976085,-1.0066750778975426,-1.7380951324707101
-0.3189271270839598,0.3381916367222773,0.24870637953999963,0.16712551680629792,1.2098022381912759,-0.8208563272613326,-0.4472502328166676,-0.5223401322034511,-0.8597786996882077,0.7530487873307565,-0.8151579784568551,0.49418274938326673,0.10572147932338585,-0.15959776266850528,-1.1485653814113594
0.14057136835338752,-1.6824911350958511,-0.47263951199808346,-2.6199586982510685,-0.5007491980131487,1.5415474582799362,-0.22595640394206806,0.3615204371451306,-0.1473913690174442,-0.5459608800096307,2.1929318503759867,-0.9161328690683214,0.4675537831258493,0.2391262506435688,0.4974582276732289
1.8589354517228207,-0.07197645882021775,-0.35682260299678603,-0.32813963437196625,0.14507106743290318,0.7209874369334408,0.11249066536996975,-0.5829176487668345,1.0836624962924146,-0.3393422486672848,0.9297993659963513,1.0669267914018343,0.6700434165735907,-1.5161208492244225,0.34704821734742386
-0.8395662257849476,0.4299135077774308,-0.9420461377419603,0.7704104969944375,-0.24218260070119224,-0.35486750427122926,0.012927591418720312,0.5499263699912661,-0.9949039013112044,-0.05996941024538753,-0.2266299313582255,0.6564424444642707,-0.22274393083133923,1.536922004539077,1.9612068185100107
-0.2113325964629816,-0.350903247286062,-0.010142450966050277,-0.39196938574556667,1.2077984138833198,0.07049082631697066,0.38934111026916385,-0.29204712036475017,-0.5476464499253038,-0.901261461521021,0.38950591721596456,0.11703931295586016,-0.3604896548228987,0.23024726144300284,-0.40230042505608266
0.6111627469220424,0.6989298316894922,2.0270463163445323,-0.14105309241229988,0.017210524530059376,-2.8271525019398567,1.4255698534420713,2.001809528491681,-1.4340828037271398,0.4865538868715044,-0.26404091908884314,-1.7146309280263865,0.14973099046556407,0.3384317488509746,0.40820150934409255
-1.5281428264686008,0.5790963614811437,0.31457683597901015,-0.31404036754557363,0.020035752055697593,0.46142208277726876,0.3016220875919707,-0.3664973142378563,0.6224561065293462,-1.702853125762355,0.6304962674056878,-0.8092804118739453,-1.028512503740513,0.8987134046082595,1.274015319850981
-1.0668608210216968,0.8831441462378572,0.1731745998567874,-0.03457500438807524,-0.30076351628830017,-0.8252774539292919,-0.7073526767493798,-0.17219884885916872,0.5458551191810188,-0.043124737241009736,0.30920494540465765,-0.1734089228763528,-0.7752427966756796,0.41131840867040265,0.1388485878363946
0.5491585859102671,-0.1558940853023545,-0.7062310903547117,-1.2840742272170478,0.5648025110173195,-0.3877134451438483,0.7728082397987793,0.034065414720086125,-1.1493143623741269,-1.129514268007716,-0.13846266323228548,2.1166975582322536,0.11099817179794383,1.1287101709841993,0.7279480585134258
-1.2080750020681725,-0.3919512931466638,-0.40677620390472335,0.10731359327695246,0.47453856740334005,0.10111356895035259,0.0917455751953163,0.1399033835316728,1.2562921249320242,0.49479410276053004,-0.2973959625208622,-0.9772422757359271,-0.3721592060621297,-0.4223794738198437,-0.049624360931981054
2.0458350224183404,0.1812257008901071,2.193381617336034,1.2882419812013168,-1.8457040273188092,-1.8339159585267717,0.19209185641095394,-1.020311218360479,0.87742106122598,1.37960223511696,-0.2720649274203664,1.3070168737657992,0.02726155990457633,-0.5984965025871988,-1.1468425336928865
1.607589276634701,0.6014988758916315,0.5024205924357459,-0.9162775917076242,-0.9604931094617611,-0.051594261754428224,-0.34834535979194914,0.63183855436851,0.7399215153599689,-0.5449962824824729,0.5725366763670848,-1.044513230487749,-0.17508554253576636,-1.4370774789291398,-1.7179201293356487
-0.031870825412832496,0.2511129848962941,-1.378976072999818,1.8345971104839365,-0.06269833155167506,0.7662419334997758,1.451655117855004,-1.172994625845062,0.591313252262864,-0.3513613463076937,0.9068318299840451,-0.041336228224452175,1.5023495066693737,0.6090252057479763,0.3053353770676224
0.38093333795512024,0.0579713816669347,-0.4575041479610553,0.05024742544929692,-0.3241665517357488,-1.7261009784045773,-0.47537089862672655,-0.7882247862056108,-0.013188803301884077,1.336345945926832,0.12728556964148136,-1.3542989178716038,-0.9279915808164744,-0.796305974991044,1.5173818423005874
-0.6706214128447365,0.09130538092809035,-1.4398933940114151,0.03979154283221304,-0.8505813996643833,-0.6409174078788603,1.2849016037648318,0.036980068184815494,-1.0388494551329825,-0.7710868801833693,-1.4698471241577449,-1.1810070978765257,-0.10578756400553323,-0.3285442526619424,0.7000295501444573
-1.3246488971920716,-0.18038286956771998,1.6151855815272627,-0.5946884302511483,-0.5588379161417557,-1.5268088623499305,0.3512426044247342,-1.4014201303352385,0.427800992656973,0.7039043402989208,0.8453110976793267,0.521803784691756,0.11750595432743019,-0.49178615486342653,0.17377548419916028
0.6865613955869145,1.041758898317154,-0.8197561553228919,0.8492055807332163,0.14534897901625374,-0.27146152286185066,-0.3511942135362496,0.6990641581447573,0.027517903090509346,0.5198976751097273,-0.4990825605386542,-0.3862239191745229,-0.2762649355336806,0.06964210245531241,-0.40538842310800915
1.267633765085489,-0.6960972490650543,-0.4608112444065175,1.926144627645651,1.2758416650532725,0.7375565330012928,0.3930952254657237,-0.35331482178001744,-0.05612597401623863,-0.6260919161584598,-0.8700425286625784,-0.13761390623523934,0.21828293156232684,1.3686682921924187,1.000858743312439
-1.1434246598789397,-1.6820086496000184,1.0134978897279459,-0.3355436303038314,0.5527938176210468,-0.1181135966172397,-0.540894331325716,-1.3423922450274748,0.0025247551507503892,0.3498391271948699,-0.9714012164111341,1.0770922115291306,1.233407188133925,-0.48509784637985076,0.7331181765779262
1.8355838728778031,-0.9393224977351304,-1.0981879225728532,0.44117210610263513,-0.03137044874446139,0.16800387350648402,0.799976931688366,2.5014872207944996,0.1401139916182035,-1.5317735322475488,-0.768178629917988,-0.20709943091823896,0.5303765908408603,0.33272946578788437,0.23614421912372843
-1.6120856729933368,1.838744959100181,-1.73758969781454,0.9470732191141117,0.095146577172282,0.1210484512338701,0.19133371758196693,-0.3566804182290882,0.8245876338682414,0.06983404471789814,-2.6292868352124996,0.6032059346194938,-0.1466249114328746,0.7077603744417803,-1.45802277010511
-0.5708311833753476,-0.11931211224507908,0.5157276576583337,-1.6183075373201405,0.4041726010230924,-0.3502871120543422,-1.1693835900948706,-0.3177643653463827,1.3567563703820877,0.10252983164815549,-3.5451089615295595,0.8049880569386835,0.37919472354274025,0.26160695930601996,1.2135465435894217
0.21020565477680467,0.7282594961419031,-0.6260815308373998,0.9310670602159895,-1.2448815057809428,1.2014186953503947,-1.2123123111093153,-0.025385026143186815,0.13273593956709906,0.8798157723286387,0.5814942072971118,-0.272022861018822,-0.8442100721087927,-1.4608056891359367,-0.11534367235557441
1.0799713851769113,0.31932114885343293,-0.670828742306799,-0.3468959032328963,-0.9266626814908752,-0.8701748643284316,0.8484672502890716,-0.42545844622125273,-0.6439621430245303,-1.1796022081464215,-0.705234726996405,1.9728516627830677,0.2497896697678948,-0.22483585405817924,-1.8143589535067115
-0.18523534779313847,0.031121020007102273,-0.9880983312400873,-0.3911895113405624,0.6488586410926221,1.236770301564634,-0.22373456339949585,-1.2823033429092552,1.3035337962325502,-1.8764602949740041,1.2178608433993048,-1.8459570452546519,-0.11470033043517301,-0.12123325580612157,0.5328083099157119
1.3402331812259776,-1.4034069418757829,-0.3917909700800289,0.1656880334941512,-0.5058101636616275,-0.2822314302028117,0.34012681693378244,1.9028539960655135,-0.7476144015376645,0.04685947274249889,-0.5793391469118849,2.345119417879658,2.067453414823557,1.165275460483029,0.5498247344174987
-0.5846652347511577,-1.5685564772053888,0.48212482400090567,-0.6747060948259649,1.4711376466721457,-0.16016128355183282,0.9050332574335457,-0.9106218081345239,0.934997881127717,-1.7556823411171567,-1.0617153326411253,3.1015636519892653,1.9785015656707536,0.9104665874055953,-0.6089714574626374
-0.5943410587624767,-0.10888603495494123,0.11878534286329667,-2.2201208405611017,0.1790212372267985,0.06007729181907012,-0.014156890536534428,0.9833510706564091,0.9038304726198967,-0.6775658037214722,0.483960664828893,-0.9232824781949878,0.08368231716682471,0.928949771531639,2.1960152828409583
1.3599912323294987,-0.8368295661502538,-0.3601425805575882,-0.13536345346197068,-0.5649416448227972,-1.5312239329696502,0.6935003832948806,-0.1993017885473926,0.2708202881227003,-0.24530920217125438,0.9764478072672774,-0.7798024460036889,1.4769217394108958,-0.8182898373402354,0.24980045964498124
-0.19997995073956953,0.05295518880375606,0.4962870401133426,0.6924051371427088,-0.8878776362404402,-0.3522672490771447,-0.7666483757371779,0.5107449348397177,-1.0565488428728262,1.3066904863395532,1.0282239862330758,0.614495245155614,-0.10626691038407583,0.5635283632636134,0.30006401401813104
0.34615088068735483,-0.9101197181435281,-1.5187571771243338,0.91254276326561,-0.5149779968168304,-0.6828344558099259,-0.7183021194334914,0.6563928939208652,0.1747751914900699,0.30795690158021394,0.8289468927233861,-1.9863826569859786,1.1185904928840156,1.0850214022201956,1.3622822123770533
-0.8395741171247759,-1.0787681426457494,1.4408608375259495,-0.6863888982887586,-1.652569826894974,-0.585090352015253,0.9183455663268978,1.5633915457309375,-0.608099865634674,-1.615062660359755,-0.696989429106154,0.14206874615451912,0.1611367957600788,-1.3503991127213475,1.0590799022507693
-0.5428830602585,-0.4164003558278518,0.31928755856185576,-0.29102020227431336,0.28755468888472663,1.0650824150862832,0.6408933103282067,0.5617127765456704,0.2577144896755885,-1.4691816372300763,-1.33595058588248,1.213363834663186,0.04651922209793578,-0.1819630015600085,-0.4564375416370382
0.407841719365043,0.5554325463457652,0.5945444864599158,0.22450961711103057,-0.19188178268298015,2.601458716735005,-0.785532969525406,0.5288688623193123,-0.7965371747320706,-0.15049379522747333,-1.8836951060887022,-0.7461654900410483,0.6297438137323073,-0.9815606673845575,-3.450801327107894
-1.0266465812339798,2.2732784006515194,0.0639209277526943,0.060096857785535855,-0.013163539952240262,-1.4883050146396568,-1.0046424060589894,-0.850850204438104,-0.5936543683151754,1.179094394523789,-0.897777399797112,0.5988040216158698,0.8079409148648903,-0.6404289173486905,0.08711584998784666
0.26091761112644996,0.6477957664168146,-0.9551133324048204,-0.4206084449943428,1.033705481776505,-1.4669198857860941,-0.532554723148201,0.3096921138978709,0.3599917810338149,-0.09367890908658609,-1.595757913437344,1.1440533644658888,-1.9991904256816755,-1.4883202446881227,-1.5031974184820018
-0.1298457300510381,0.7911089080478845,0.3917242728581143,0.5717945006732645,-0.3794623080883736,0.8750864250635406,-0.13949747465039017,-1.2723295135454025,0.21447980980139758,1.5451781937770883,-0.1786703844113392,-0.0006117124662569005,0.26852105731216497,-1.6544936830214567,-1.4044887835764217
0.8451324164438426,0.03374121435176427,-0.037036958064427965,0.03570944136319861,-1.9267336274497517,-0.33959409697254794,-1.5979015514000694,0.6747706121701145,0.09557616280856594,-0.15616013595599834,0.9523217838946474,-0.8189288597003648,-0.6686478849252757,1.2339974724380538,-0.9984769390507703
-0.05741427467440173,-1.2963886820338493,0.6693156049575838,1.7587437123912109,0.7702544347279818,-0.48802949757003317,0.08062237735940557,-0.7500472399394386,-1.0572447617698777,-0.9467103056197671,-1.3015712153179908,0.28475829617813436,-0.6916257259596605,-0.9882774010670666,0.5973889553507222
0.31550722167827144,-0.48591545678549863,0.9197188352709254,0.17360064724820978,-1.505831130464959,0.9727747240423067,0.06146734746602776,0.4871064368066379,0.08245773580144958,-0.41973130185593566,-2.413269891768005,-0.5685163144763392,0.4102203461933734,-0.3277029894801063,0.6223240749732136
0.1797555953414997,-0.2831979538960175,-1.1627556944237543,-0.006873436795500154,0.6893733340654175,-0.04905716839722271,-0.4797016612269886,0.24650590823905225,0.0002996557122817576,-0.28291407453982914,-1.3549071056941142,1.4255305450794236,-1.7972051323365754,0.4217286702974836,0.17072115710341232
-2.1373132664159002,-1.455202850783095,0.6108739602417348,2.07362820347177,1.6513185556117314,1.2370620372896097,0.5928856286599449,-0.5980213618219962,-1.0323872556561695,1.5966152141802825,0.6355092025121597,0.937574125638519,-1.4085631628470743,-3.045546893809845,-0.3084097989793027
-0.3725015037986526,0.6234985709707932,-0.5408495355342401,0.04985414721772198,-0.8930448957294781,-0.008920578303703398,-0.0846761457059307,1.2261417537491939,0.7201706411925834,-2.269283543768882,-0.7577136861168702,0.8729894006480561,-1.3772044588106767,0.7770498764797071,0.19725164533779346
1.091087278612367,-0.9199336694598707,1.1627286658716023,0.3468304115521992,0.39723879850693655,-0.3773190194085161,-0.8841633051991222,0.6562578541843453,-1.2247031196104943,-0.6676841120677105,0.983423343584774,0.01912537491330519,-0.0994229314702449,0.027410401723633338,0.24611871761620835
0.4388701310269366,0.8169895227934735,-0.6714934993279434,1.4199965450941454,-0.3481490977257275,1.5248587928535144,1.0617611574842238,0.2230632969944135,-0.024279162803276206,1.5410583757502276,0.47853479748100236,-0.13349326150204233,-0.7108256469032559,-0.40261403618353847,-0.597687888161994
2.2289298422245496,-0.7749749072898885,1.180319037981143,1.3930290209074183,-1.6743941067450872,-0.9207237605476317,1.2259430893402359,-0.6572308473751258,0.6625626346021719,-0.5169761054716858,-0.14084251054804794,-0.466383859288496,0.6386618900555431,0.3435890403883778,-0.8000055443973929
1.562919070806582,-0.7458242438826281,1.0739638607024213,-0.10052173814339292,0.856742644549325,-0.0561947554362341,-0.7386353039474022,-0.6239252305684918,0.038692844942945566,0.8096560305190832,-2.557016520188112,0.6992818860113192,0.4633917077492754,-0.9439937681328572,1.1666466125974542
0.07386564998083789,0.0774984088563752,-0.3764513823519959,0.9994904982823474,0.3162773832960485,-0.35627213726054313,1.7701748466699767,2.1730197787154126,-0.7836366218256099,0.2564854958666306,-0.22365093684408055,-0.2792510750131861,-0.28854972212645263,-1.041367994555532,-1.2981428413032652
0.39126666359822426,-1.866518012267885,-0.2103241539018361,-0.1224540378110984,1.176987115880023,0.59344030512943,-0.7265499656207115,-0.10594994146612191,-0.18134163497919453,0.38422073490868386,-0.29675548463304946,-0.1402707831554644,-0.5367527027833839,1.1822772282088665,-0.17324478531131515
0.5305826641053094,-0.2526616312441833,0.9752054515179076,1.207848470931952,0.650693822139788,-1.0253078186366957,0.24788287640104956,0.19472946060606997,-0.2846324464579801,0.964787848299686,1.6465952731387938,0.32402789227631956,-0.21220453218489244,-0.7792450972832219,-0.34839173604867135
0.8312461536903328,-0.1856092055704259,-0.37172386520595674,0.6043867179157972,0.42810508523327795,-0.6362238324234111,1.2387064339240401,-0.4813531979690056,1.1256916887271593,-1.1998389889698544,0.30823640341361463,-0.4542090110870227,0.46207756877035494,0.8357769020152161,-0.764568822564468
0.03353345762142147,2.108459581365121,-1.0063217948865077,1.0015996978336033,-1.9663819373878861,-0.23021570135649522,-0.7563238166981591,0.40683809361313367,1.8713435696981917,1.5531438880093522,0.23452328302687353,0.39922182288465696,-0.20860724392463748,0.6802791873486747,-1.1768590217345019
-0.9737665883879686,-0.06306125482793384,0.3235370615863783,-0.663241089801785,-1.1669100717958116,0.16133987406052858,-0.6832876693435325,0.2207534743588585,-0.46871118385899624,-0.7889642787270198,-1.3579540594904886,1.2139695299178037,-0.7514108877721095,-0.9315871091293341,-1.041775812421791
-1.6854979310364262,0.752575146745483,-0.5539476279600074,2.348341279778611,0.09701452354679617,-1.0524891620447245,0.17983884705379563,-2.240748587560246,0.9292385463740533,-0.09304823207880025,-1.9474429209157254,-0.036011670644589475,-1.3353654081956812,-0.6268577112858877,-1.7077872215834784
-0.4371314486296743,1.4726996223533677,-0.6263424876211786,-1.2585409526382076,0.6075319019676113,1.493619823385393,0.9134021310232476,-0.5932609187197168,-0.7011151210950206,-1.192022512171663,-0.06165259100172846,-0.1105759017268427,-0.20339992191113682,1.6693197909619535,1.744825092620536
-1.3286027777197909,-1.870376664904202,0.8491309625352443,1.982682088170975,-0.0015238649431008628,-1.2532951931995504,0.840978570110904,0.04280005958906464,0.11671641937832802,0.10603463310654182,1.868061606043405,0.4702589103438854,-0.4841386249296643,-0.768399564319585,-0.893915292220732
-0.42521457953227565,0.7910980233860995,-0.9985575298468942,1.4576687422732193,0.3014926765393768,-0.14895634770123506,-0.16807209799352463,-0.3404166440918881,-1.6827179257867015,-0.6936370629606883,-1.107392857441364,-0.12973735144187007,-0.8533414977825944,-0.24928593453462847,0.1929666168452172
-0.9271058558971085,-0.03356818387457814,-0.8832970170941201,0.2451365901017737,0.4712157855463287,-0.306148160010215,0.657374318438968,-0.22907099120880905,0.7755034828511149,-1.0616175984993355,-0.8975013469702242,1.5302370212103604,-0.4468903150322805,-1.1091398446496086,2.5047920377085013
-0.5969469625085281,-0.06596111021880544,0.5168061390212355,0.8861770143212284,1.3751049332425525,0.37181655627468413,0.2695978124101302,-1.481451598967233,0.08873415512019907,0.2772051187556571,-0.3482017114333726,-0.3540733803704391,-1.0501396285040947,-1.3259608170281705,0.18393337716552546
1.1615692242964895,-0.5156197495090988,0.9577545009163875,-0.7902920491924029,-0.30090701071760945,0.09896324307316626,-2.3136921852092986,0.4108446858530243,0.026805679492225763,1.0006883204574233,-0.21124580368397022,-0.5742777371762979,-0.9180297739282473,0.2320997820969093,0.680456453669674
-0.6118812497318508,0.12309712797903823,-0.9493353976238623,-0.5433265053362781,1.787230261729771,-0.10378479840060112,0.2516568617752188,-0.15160249828986397,-0.15136290522444046,0.8605600199777405,1.8501037663983473,-0.34772599844843316,0.9407820791285335,-0.33976189755454655,-0.13133480263976105
0.07543817044045362,0.8823432160686607,0.4819722894418898,-0.007218281032063874,-1.0209616243091844,-0.578619696636162,1.6858064875802359,-2.343837069204845,0.5260225470648093,0.5572700504336936,-1.0630715847712346,-1.8816180587431575,0.6583709459101205,0.9182257310509534,0.7561772357256608
1.3825470875685753,0.40196510864498286,-1.7971672570971862,-0.38119934743383527,1.49396440206311,0.6309172391176754,-1.4663425563590056,-0.7291587202893983,-1.7528933630647108,0.6584467003708674,-0.055834753174653584,-1.4921095370343438,-0.32923911874581957,-1.3053374551836605,0.7342390735087452
1.4992766115580083,-0.6446230228443589,1.3188894935646864,-0.4731175951277299,-0.7114409060590932,-0.19518905212395238,-2.555315156433235,0.5183533555883856,0.3544075218140622,-1.4493743925598586,-1.3366607710530098,-0.3805261694935752,-0.10666078760719877,1.7673236754311334,0.38690503952958616
-1.0337845183366645,-1.213466818191224,1.76076121015735,0.5961917097251609,-0.6481845970315515,0.06915141603955628,0.37446370356556513,-0.13392752341449657,0.552329449357688,-1.0627807868390147,0.09430564796793103,-0.8801662125654544,1.2223422850259753,1.8415690099567763,-0.02839163492971873
-0.4001519746852464,-0.01895023402924329,-0.42341086102309217,1.4717199807064998,0.6432545546544959,0.22817771094002406,-0.9290354888140936,0.44189091865943264,-0.4355772884540514,-0.16283113996811238,0.4405960493269219,-1.0530414313288796,-0.38992523531782497,0.9336977685314203,-1.4302138792482537
-1.2236314211177293,0.6417822062004598,0.18468722446611016,-1.932572141773363,1.4086763793418198,-1.003910063263102,-0.5575397689953316,-1.7812992708883888,-2.2547479712303997,-2.0450434258774757,0.25665596608060626,-0.6664144852960077,0.1912918789107436,-0.7662620081227606,0.4459644987372708
0.1602332467487048,-0.44635012837385923,0.40245618641650005,0.7951011517240076,-1.4145559965835326,0.6672187557335094,0.626776830971181,-0.6430844556863229,-0.35258148428171276,-1.2895786959380584,0.6049144358116112,0.2779619906531886,1.1444518830536452,-0.4316096732205693,-0.44781099092926324
1.4853253625103382,0.5428810201154786,1.2827729833477992,2.0996786497717634,-0.3613528809186978,-1.1087758958624285,-0.6997478209754574,-0.661760636802751,0.6202531309584447,0.8837461294145975,-0.6472203709572966,-1.115808213954053,1.4332885306558454,0.5764416651976619,-0.3959087924115182
