-0.864028247062306,-0.3281314417039978,-0.09338251240881171,0.8459398793910881,-0.8102492547047501
-0.35366475466610886,0.9601760838143948,-0.10697013589145438,-1.0601163607708373,-0.955520802314149
2.079848953083725,0.47170385520664737,-0.29121029142001453,-0.40395779924520336,-0.43631440212991274
-0.2905372536522928,1.5187451418014615,-0.7773192843256672,0.6087425687532627,2.019813784614878
-0.3935017786606736,1.4517257550149336,-1.1642192377702443,-0.6882556528361164,-0.5134105083751164
0.37460972999079284,0.6302947245613792,1.372826556808163,-1.1404011196217014,0.06690071314055744
-0.5227475272102176,-0.32856853969773603,0.23146150922985342,1.1440767333626345,0.9853597632256735
-1.0333392501486014,0.6002745709622542,-1.3105704833940652,-2.1555198054812177,0.44656080919472557
1.5966166389650194,-1.3743382212468187,-0.7764277154595266,1.014654493036254,0.7805106855007131
0.34600397670158567,0.6950592603124064,1.0220004092139654,1.8401474130869933,-0.02679511753777681
-0.19298535094142896,-1.3061890511589331,0.6451181657507175,0.9885195579112863,-0.33332415656636644
0.15645936186055623,-0.7116381274968652,1.625778869934825,0.6963216805622973,-0.8973373049936112
-0.9327103442819408,-0.017087924106189964,-0.5481383881688209,2.0941117149162265,0.6113105465001951
0.9637946332758246,0.03248242861030268,-0.05462108918207988,0.5717027053068671,-0.036168045996368595
-0.9621215682131877,0.08277287120651804,-0.7193108934457046,-0.028857589947844618,-1.8089620452095674
0.7724909511731225,0.8342409843421107,-1.079570302019325,-1.8009511714927464,1.339020825273116
-0.1395837107897692,1.0069163742058567,0.13845338024124676,0.514801347785641,-0.047687241487088014
0.3701435129777422,-1.7911192014996544,0.9257634322744537,0.8804539185944168,1.141419864907612
-0.23320506933512566,1.1780736238674545,0.46330084269587635,2.008867078214582,-0.6800022564717794
-0.8262482049125838,1.405083511124027,-0.3323912529282405,-0.44227780424308644,-1.577911933964639
-0.8608102506738171,-0.16934621401861033,-1.1532657277226277,1.9228243002158303,-0.3845778732672198
0.6953418308695785,-0.36091123138273945,-1.775391511276848,-1.6652128090550717,0.6841084001900001
-0.4250920760362353,-0.7427972083397031,-0.17464142621934908,-0.44777934436869593,-1.542688164629321
0.1079008917053517,-0.24786750433463353,0.5668383339563113,-0.8238143508440429,-0.08875674868258361
0.7291489071137746,0.5172233699688369,2.0628484851389275,-1.0332860261012218,0.23468128351233353
0.9568407800278373,-1.4410253454814466,0.11348519865152244,-0.4168112293297792,-0.3309437101751584
0.4472055106467834,-0.5590778173111017,0.07461385102962638,2.4219036915722305,-0.07465461145994773
-0.5893723585484524,-0.35990652204558216,1.9612825630630668,-1.156011937848055,-2.109895683327214
0.9296359176414882,0.29297289660753073,-0.20148115232793495,1.8332725858095393,0.2546574781587402
-0.13138748152020568,0.4917659548996104,1.1681197036616426,1.591420242801045,-0.44955744846928314
-1.0561007301968754,1.24972988441391,0.2214866517460189,1.3950058446925402,0.06063259445881275
0.29340626315519996,2.144942394725436,-1.8627115699642025,-1.017162411013603,2.5341919953754855
1.4539200410254518,1.8756804882013962,0.9394637914631124,-0.2795839270814814,-1.2745415236547044
0.46961958221859323,2.642203722975295,-0.7230494382664908,1.281486405839653,-0.6159673407628731
-0.6304371127224374,-0.009280036017315505,0.32737997239453925,1.6571357901776356,0.6249837743930959
-2.4423110277140214,-0.5993235953903928,-1.3763694829766184,-1.93174102406697,-0.39660160846614456
-0.5825433684435867,0.2102759908237216,0.6971346422642409,-1.3655069857358373,3.2387150304963597
1.4011633261568062,0.4232297438418946,-0.5802525993864233,0.528974182384367,-0.47320073146950853
-0.20799611170576554,-0.6653233564738781,-0.1593373491544509,0.23827762671269978,0.5046021826815544
0.07259998474920298,0.24583337403676117,0.13977888487373305,0.10091324028409321,-0.35796275065954497
-2.638265487605133,1.4166902097500518,0.8233768216598292,-0.37228560808980327,-1.1016983049221705
-1.7595835630925156,-0.3106093057919014,-0.21659191812743495,-1.7770153909395199,-0.09217133608523194
-0.9640401288534481,1.0804508983061438,-0.3036046513724278,0.6633758161458476,1.6563098377321863
1.57656174762159,0.5429858556496844,-0.06998074545629915,-0.846194292221921,-1.7932092962001427
-1.3385902623347417,-0.8774928229234961,0.6766747185789221,-0.7926887466951005,0.02412906287594592
-0.6312790530051099,0.7035021261671053,0.30032548798225683,-0.16777012305541292,0.0959724259180819
-0.013601414510124045,0.39434717841189354,0.8904171486540021,0.33084910284240726,3.07499879083137
3.3066519894265207,0.9872635410351587,-0.2280102724842328,0.9364205608413402,1.2455916770231243
0.013139254998258661,0.13814682489684563,-2.131908549273335,-0.4492562995880693,-0.5027077570664162
-0.9111148053179692,-0.1478646904602454,-1.191485341542501,-1.6490081189808687,-0.4643666154454643
-0.6567681813439209,-1.7338129963153917,-0.1384911604355887,0.24463052395045237,-1.6133700817642203
0.7932453695734224,0.8400041980742151,0.08242796609204639,-0.6126250530959246,-1.4499295045214968
1.4417830950894173,0.2887526787108221,0.20905413704489614,-0.637665401583177,-0.805411129575513
-0.056330869224539164,0.11606215460839833,-0.13886888362088004,2.391360198582981,0.16707655266715007
-1.6966974358376414,0.20849498525448848,-0.27410741399155,0.27877643132599494,0.7071598728155077
-0.05657820283583436,0.04497058037977052,1.0457186909966483,0.1372492191827008,1.0524520987043582
-0.11062961025324777,-0.061334212051049254,0.19493406323672177,-0.761786764990382,-1.057681502192593
-0.6752882203386595,0.5403438611661552,1.1002343793096105,0.9117755482361694,0.7093259272731035
-1.5754904430684158,-0.3851179554211614,1.4604922679764722,0.07806547553275299,0.7550369221231787
0.8231718419393209,-0.4841379207978782,0.18433680152652937,0.004558777874725821,0.00787389805045417
0.3300979593186098,2.611378279610986,1.1852125471632955,0.3241563365818511,0.8779327187210328
0.5607745351231871,-0.31737859657574014,-0.008912920845595617,-0.1847604989751626,-1.1923138705529537
-1.145155587781676,-1.5357092064362639,-0.1271725627501052,0.17184654331184007,0.26663106871116393
2.7686437255146017,1.203563111399236,-0.09906309292430794,-0.504722984858433,-1.1370923423637354
1.7176253586246426,0.48838490408300334,-2.0201593329690497,1.0156706731038125,0.9157545677504247
-1.4040634902404139,-0.569060339936035,0.9083006487007035,-2.208004090088385,-1.5290466296859664
-0.29723667982769086,0.30210950503636347,0.0783700831599078,-1.2005524418164175,1.2194782480828235
0.2981832583310649,0.3505593648230615,-0.017647864555150928,-0.4742126507243098,0.6493114574444422
1.0798152621276382,-0.46268223178023987,1.0580653103860513,-1.0502524880853024,-0.20683908382728858
1.6622285903631193,-0.8391100016960389,0.6952121928757671,0.22156312281573107,0.19943525459990935
-1.0474281418001878,-0.9995115417631903,-0.7962555152293297,-1.1440356574387804,0.11563435835082328
-0.19081474492402692,0.628103893759129,0.24311527309013434,0.6317915718491287,1.4357889041827894
0.12026370970740323,-0.8540937885554796,-0.07411120238459674,-1.2155756395971213,0.9927457873140868
0.44148323359517666,-0.7959689145906376,0.6397245731334705,-0.03237028905232917,-1.8761519848715207
-1.0439202097675415,1.7395839166211131,-0.21797611547122905,0.8730143154628779,1.4848356866401735
-1.644131234039573,-0.3026605890110585,-0.8796028118413639,-1.200720997771208,0.6071242143915859
0.45629052736205616,-0.18613974511633297,0.851566407178804,0.7400002380215235,-0.24706805811661822
0.7379809062680216,-0.38897345646639087,0.33400168323574225,1.2135160449312425,-0.9711370541518674
0.8362861126172351,2.1888382759902503,0.062468048836703476,2.2671375174518174,1.265358299387687
-0.2599208638018225,-0.15504773556849757,-1.3125592246550994,1.3578398583771436,1.977019697193803
0.2621128765165671,0.678319320397086,-1.0255134979829466,0.3807477138855032,0.651798055472759
1.7063348457017025,-0.08529597601729841,1.648962937271077,2.12435573614707,2.4522089976853314
0.05462183480724729,0.26302178004932336,1.2189285278774604,0.6317990114218792,-0.0347738357363994
0.004411152406189682,0.5247145840383354,1.1017014719817808,-0.010346905981298829,-1.1603750033517652
0.6123831819436337,-1.295144686336201,0.11817489852586842,0.6817288529048529,0.5197367823759954
-0.4894247359835321,-2.3969296598255183,-0.34360962058051964,-0.33615735495075805,-0.007294250774514122
-0.2216060977049805,-0.4282169823603761,0.24128668938045975,-0.5829293171205063,0.8323036440457933
-2.8043759599337226,-1.4959331454026283,0.17764925000435094,-0.2737837794219256,-1.4892812365389303
0.1266627822811655,-0.4643082933170319,0.025097404259274616,0.7349099105955001,0.3910612093687039
1.0831840884593604,0.922935326196923,-0.9031758705942132,0.1211316215441974,0.13720082530919447
-0.6612208810208058,2.3537458787518886,-1.3549479205710915,0.01911228830435437,-0.44843068307469397
-1.1247217918683852,0.8566484604160024,-0.19292126158199466,-0.7433394628166083,-0.0838050486686725
1.358841459086854,0.12830623934759458,-0.8723372298520066,0.7312008005836547,-0.25414879498753806
0.6712662803609704,2.305065878125718,0.28063150442550394,-0.9017947428711731,-1.0927364351696953
-1.6429118647889451,1.2020368866483797,-1.0532561548762487,1.5603982555110434,-0.4091117379290798
0.24108082299175257,1.320338931716915,1.6025308734897936,-1.0205428650209607,-2.3352938519236783
-0.7708876355107075,-0.607434620204556,2.8032190275187867,1.769797749013828,0.6286288896457624
-0.3357751076501316,-0.40659719689481544,1.3503293424105836,0.966368652580341,0.47165626133351224
-1.0711673407075746,0.15195875613150683,-0.5202923031097073,1.1796832768292338,1.1838692599746692
2.745852540111568,0.9556021484679977,0.16210206414005418,0.26994351964295726,-1.016780620680052
0.5076680270531102,1.9480291288190228,-0.21528164620661358,0.8710997232213824,0.3456960714277458
1.0762240816176527,-0.10478215228786654,-0.17115413889946574,-0.7241814961948099,1.2005104103126256
1.167734558689244,0.7585734224236038,-1.3069676997574624,-1.5118913093635096,1.1730306940278146
0.3272343794636599,0.04860516068742286,-1.7230611377527074,-2.283754645865958,1.8977840542069326
-0.24703562007753255,-0.08316153807261113,1.0897590565029198,1.1498010537568737,-2.070812886329075
-0.34557379761379703,1.5965911903690722,1.8678370692546409,0.019830639495884848,0.675436273040399
-0.6179189142833216,0.35850358990467524,-0.0711802512669376,-0.6750081842779561,-1.0998666137324546
-0.4701374366258806,0.8700499019292508,-0.9931094623082617,-0.6342991471167344,-0.20240311792202623
0.1208214272442209,0.4930331795049488,-0.45182680644424283,-0.8391060404229093,-1.3764204431619071
-1.1180983592603098,-0.5188395322782969,-0.7562325164463719,0.5079439698747452,-0.530671817948128
-1.1414150142900585,-1.9664586203145178,-0.40446615982405804,-1.5320123977527365,-1.4596859527888324
0.5134580286736109,-0.05403437970834498,1.0095594941379142,-1.9939366432064802,0.6143081630694106
0.43073645810913125,-0.9847039990497171,-0.7077246151773228,1.2395903398530868,-2.6307059836893627
0.5200860212385569,-0.48091092480151093,-0.5334889414586816,0.2975623413606425,0.1600882551246777
-0.7068732155982007,-1.0771314547243396,-0.7109114226614754,-1.5148314498621478,0.0855913071041012
-0.1778377372592338,-1.639584301696039,1.1229187703092818,0.3948026742940289,1.6322129041659863
0.9737425860026243,1.1248960746445735,-1.3949983450941525,-0.7305482721139017,0.41541508224277723
-0.360134703842554,-0.702806876187448,-0.5706132157148517,0.255326706991581,0.9805527240318135
-0.48821792965578537,0.03068519877144832,-1.0438610257813852,-0.6867179209155392,-0.76359633205036
-0.2723213006114343,-0.2628862783903364,0.0665342492000468,0.15290582345288936,-0.9137298394171636
-0.42896747120289064,0.9087952227632059,-2.085604061427922,0.7187618093617734,-0.5815922295357646
-1.4996811320921335,0.20393461092925727,0.5437401326810712,-1.378547627923194,-0.45288879998447695
0.6317380214052462,-2.1717337279429962,0.907238007192964,-0.7992914273700089,0.015929184518275363
-0.9604540310228574,-0.36726824388648516,0.2673101444490511,-0.9031504052462268,0.9324095879157587
-0.45206291204543886,-0.48615962173408483,0.781360029400251,1.4606519308314037,0.3586408882774899
-0.6102267954313284,-1.0618034036652249,0.710221712780202,0.3214328100574519,0.4211175609730306
-1.0179384722727591,-0.2465135893735216,0.7570809708392527,1.395267986240266,0.047119498369359684
0.1859049411051839,-0.5368352684361775,0.7106793412129243,1.0528090186041685,-0.26339807481698285
0.5383755854967835,-0.2604998390163948,0.23829594558699418,-0.7395925617368494,0.14866855690227818
-0.9861095031432738,-1.3701277765898154,-0.9564868755749919,0.49396350179523685,1.5768712696875138
0.684486781856259,2.57730223705739,0.29915016487900087,0.7154651695786912,-0.9091459883328135
-1.1366603486957034,-1.7367394402825964,-0.46731088369279805,-1.6308440212857511,-0.4670028687227415
-0.6410602081648548,0.2054160680507784,-1.7373136444530504,-0.4292205962903736,0.018541040549466925
0.14331597105182048,1.0036240226448132,-1.0563277932513429,0.8042887083330416,0.6705668951458331
0.7078221062248854,-2.1105297805905745,0.8535629507660182,1.3144716659816018,-1.0131891307936842
0.7695743536837055,1.3194330533225629,-0.7623452417217272,-0.6078427959537687,-1.1078535028177716
1.1315229673891078,0.04840910589302907,-1.006205431442448,-0.5827451662075213,0.43461971543269945
1.0329868703274558,0.8162011829770004,-0.12543400722131842,-2.4658592098386487,-1.523354609558739
0.7425118339242031,0.16762127976478333,0.5423350118027741,0.4016010151349403,-0.7287265700583345
-0.6207135001287365,-2.532657442581995,-0.19783255200510183,0.17738998070056108,1.791542677602227
-0.8044650284783983,0.5922962049874309,-0.10705624354636739,-0.09279541410306041,-0.16152449902451246
0.628467447993906,1.446426880006157,-1.578283502399541,-0.9835874904427694,-0.3402679639677448
0.6935083334375128,-0.5509051758650861,0.19354164252329134,0.7147444301651175,-0.2631466712820569
1.1599471349990171,1.785101074200471,-1.2878013731003262,-1.1314208951659857,0.07589108714801918
1.1274822112123257,-1.0140110782882288,0.5459441763371214,0.18840166352579643,-0.05034916511276276
0.45911985267830696,0.8400783214922539,0.9513885580495658,0.6526407325176314,0.5050070376191993
-1.7777811587955297,-0.9993275696663927,-0.40045254757795984,1.8794527880573517,-0.49117890921959123
-0.36761681510946176,-1.8258721681711063,0.828764394948662,-0.19915571328291048,-0.7373909951425419
-0.6100875499358843,-0.18428733763275304,0.801361566947428,0.6113666929614753,-0.8222598605193295
-0.9004891623111757,0.38837903708877075,0.7842728724425572,-1.214239414088632,-0.1049748354337026
0.40357739356281347,-0.7049464687897918,-0.2504171763513736,0.211102208567198,-0.578439925264113
1.5664456548518975,-0.002749632792008728,0.7768101754472262,1.3955908655220484,-0.7152808423303177
-0.6488282396415064,0.46058641392788985,-0.3897511215121024,-0.37957766587139685,0.329749346956213
-0.35086549272239154,1.5803943250194727,1.005469132971406,-1.1441127405993015,-0.27889875092257227
1.648921045339408,1.5441606103003542,0.5405143159556846,-1.0564732064225835,-0.25326155302796977
1.8313182837679218,0.6420440201722301,-0.6879938085742329,0.6809188668585865,-1.093208814226015
0.24365614694530996,2.2035240230687503,-0.6443764857447506,1.5541859234148339,-0.13701223604341306
0.34698813557564034,0.7975300277346534,-0.04150988029914913,-1.4386558721011196,-1.4223861759036036
-0.3274292131728885,1.4234146253989584,-0.4851122572364409,-0.2609783647629658,-0.16705405485261227
0.14415050954273462,-1.7892968800445015,1.5307696261934163,0.3080649817072726,-0.8683166353541106
1.2192010111247074,0.5795410168045327,-0.2337036187825671,-0.876295104270594,0.33597595392884333
-0.41514513242877354,0.5676308298194306,1.8711365864650182,0.1173129307646451,0.24991587041184884
1.6676744641260253,-0.029866042724541818,0.06761003955924899,2.1927607984499646,0.12950030508692792
2.808237416688427,-0.6613409224077266,-0.2772782091173166,-0.7419029002030308,1.1645489293589535
0.010527767849403156,-0.32996319871505686,-1.5756069961136452,1.2073641965208266,-0.03216431155130892
0.06215821986016705,0.0041157052133828755,1.3555636954803492,-1.219121171602496,1.0304249947750956
1.3582865963988382,0.04461658020262792,0.7905154677332012,0.9152185419838813,0.6234391057816047
0.511929188463379,-1.065448139630338,-0.37070952912635047,0.3900225436375161,2.1826796765733163
0.7789795204074653,0.6446461422421954,-3.069082018037398,-1.300128795863576,0.5477306654703573
0.4356926312608852,-2.0781871246771053,0.9212003978749445,-0.6250179794386779,-1.1755078008212547
1.577639235054837,1.5824372361675878,0.08284272811387138,-1.468755324543018,-1.1890650336993935
-0.8961684572898374,-0.7279890209028421,-1.365405424012604,-1.3563330919150542,-0.4778782766818581
0.2839755354278527,0.6742487468864014,-0.044460666430424296,-0.18159787427303678,1.5973649839753892
-1.8958917113357623,1.5328843830126773,-2.036924358007173,-1.7210566221515042,-0.7989579197543926
-0.8649086396779218,-1.8369983012320512,0.15445570915806203,2.0320906672457872,0.9692434203767196
1.8499386486643048,0.2689353863846194,-0.335486339366601,0.5679977986420272,2.1214754029662033
-0.05323950709083432,-1.0438242950158303,0.6318509255779401,-0.7562879215736152,-0.1552898350852546
1.480573280837333,-0.21882348555529413,-0.5171174267146156,-1.152989943656587,-0.09037564407316749
-1.0651782898179445,0.7339446866179267,0.605282293229202,0.16442862881918816,-1.1561319223021358
-1.6453119600679094,1.0358196083682347,0.41632408598127596,-1.9469569311045478,-0.44216790010245705
-0.446287356238659,-0.6078170613342698,1.263456082398134,-1.5266365382358376,0.3821247231904163
1.1573140976067608,-0.7414175937815101,-0.19813416052309346,0.05512014116321942,0.8842146058840977
0.02545617833615018,-1.0076338671107046,0.30197540941327866,0.1573427240163437,-1.8042123272387487
1.611239908027365,-0.08685286072128963,-0.9454259685852396,0.9777508415375636,-0.7610801004493046
-0.039187189288108125,1.132533084008006,-0.9692431774419906,0.4970780880705636,-1.0687784492449797
-0.14603721314610424,0.7327972468116086,-0.1131303331084938,0.390267112634021,-2.1649744728890297
0.8604432043069004,-0.04157698347666647,0.8284886402740365,0.7391394147654132,1.3681273236946214
1.9600600377057396,2.0698522396986707,-1.248331758364473,-1.2242542815193072,-0.998278381122858
0.6439394259984257,2.4136073450916453,-1.476767734332184,-1.5706659373108502,0.5495073170047919
1.0915166343009495,1.1820100841385939,0.6159510517036998,-0.18027590206501024,-2.4682054077588136
1.2873023261243983,-0.08278814572593987,-0.2481304037763027,-1.6570549278240652,0.034675689937848274
0.4221103217365662,0.9488782895380256,-0.5361515805553717,-0.07949941441703147,-0.43452884660503205
-0.014360635084839594,1.6486670173642501,0.5107901255365562,-1.023840744637471,0.5565360792026364
-1.014931467042918,-0.8179748183787896,-0.4659676825162239,-0.6571638630590397,0.3950838577255937
-0.1558543013956477,0.5629273300647891,-0.4874891252146806,-0.04179228717623843,0.28253286913489434
-0.27394878578892645,-1.1021389231715335,-0.23040299059578317,-0.8421765318671185,0.7576368947401824
-0.9045286677755965,-0.5447743456812071,0.8774022684925701,-0.8202390887276385,-0.4566017948750126
0.6491286954676253,-0.960358088275048,-0.07166735848354407,0.36041996522189174,0.731178428761064
0.4114406039397258,-0.874784784810138,-0.9802559735865067,-1.1675368732079205,0.29381985188241533
0.08594206599986566,0.029215466833596253,-1.387745893311365,0.08355952364807098,0.5836865894123034
1.474803749124084,-1.0268764812934277,-0.6306330793262197,-0.3640402338540778,0.6143979417928259
-0.2071852724726792,-0.3531554074065248,0.6417344835524218,-0.2824872335349925,0.17168023401550517
-1.0506553398694745,-1.9987165530381694,0.22929199162713754,0.03976719842086137,-1.5134810107288699
0.6126235122003034,-0.3106742471940042,-1.9879277045589154,2.5958269118034716,0.218196864685445
1.0408950490790274,2.3767885422114365,-0.5174563808782601,0.08365023395769701,-0.04112465735869174
-1.494649933024806,-0.793287314457169,-0.47672824894386656,0.29595395854940687,-0.7927231004498838
0.9990160389484124,-0.5045146932941634,-0.15611447718555035,1.6807174454338498,1.2218882952487116
-0.7094474899288664,-1.737844009226966,-1.1972184914379105,-1.4561098322464285,-0.3747111402795026
-1.0545787451462194,-2.3072811127210584,-1.523276793071991,-1.013244803520339,0.16982535586244651
1.0833255525548025,1.4503775321697956,0.8291004491407763,-0.7963010745106747,0.9386683475110343
0.281012412110572,-0.21558029222858682,-0.6569451776286707,1.611920215062127,0.871762556389114
0.8269868560776054,1.192374050364194,0.13087632318331668,2.603048429244621,-0.08504193059043047
0.20635056018550646,-0.543827567090515,0.9647669405209518,-0.08869091487197384,1.8925414480322367
-0.11302826256134235,-0.4652950171434669,0.24683536910035497,0.3737219342586947,-0.04056786832737625
-1.1029891910505325,-0.2226917678551729,0.11190292027966414,1.2648500015097979,0.6648831951664823
-0.6877280410245779,-1.4764939690407202,0.46279195890464475,1.377687556750008,-0.9495731851611835
0.7085373918557799,-2.1535516944956328,-1.0157888127896302,0.09500158344687469,-0.8629653821412795
-0.1574789742303114,1.0691480857614388,0.7392715414525394,1.2392149359169757,-0.5102693328430496
0.9653624662020541,0.679556436626246,1.0427561889987709,1.0530285538869926,0.19157081731751008
-0.6627658451955163,1.46007159167163,0.9435539453980639,-1.0381636054636298,-2.17832733806583
1.0436088620528694,-0.1955404829610075,-1.0704104431393864,0.6632520184810528,-0.5824787070243138
1.2053403372559794,-0.17158350906501288,1.2554268107926942,-0.3576424440836532,-0.19124693138045673
0.8163863215223957,-1.6819784711230055,-0.9879794559290407,0.25611385825891025,-0.9418400938858181
-1.480675588284526,-1.266245219548558,-0.4550161646899986,0.6242699711831201,1.354379451606039
1.673983717864995,-0.37565979800707444,-1.5156585948553452,-0.32184380296744863,0.07212014687170117
-1.0350685357254308,0.7001711493936821,-0.5098343558604871,1.2257584434605306,1.4028224425156024
-0.3480167536725923,-1.1387407502129203,-1.0883307770639812,1.2118572591228467,0.317795105988915
-1.076863877206792,0.727310731070647,0.8945927626551331,1.2375910902447866,1.2737753665400784
0.808374362881826,-1.7023561877997562,-0.7665392916911176,-0.3419845481044351,-0.3106644860723899
-0.43193523816908896,-0.5904262770011116,-0.5426791248087491,-1.3341184873645546,1.5279641808001432
0.4508239625027976,-0.8964850507054626,0.2908188727164655,0.6322475455575343,2.4647039837789215
-0.21601146613376254,1.2350847064870898,-2.309107948250408,-0.41998297046692534,1.2096575176771303
-2.0286908926951828,0.7029129466651679,0.377643671718239,0.3483265353150425,2.101692674014466
0.5783818306000847,0.06338346143056367,0.9025075166845595,1.1951870354908913,-1.0019599616151567
-0.33299349025145386,-0.37265763909389094,0.45212030743694204,-0.9426103025732407,0.5957477996208115
1.3632788987313724,2.979396611703014,-0.7537060794771796,-0.23301452859307137,0.1448147460408191
0.6453323053445823,-1.214659670300088,-0.2440850984337369,-0.931174643473138,-0.09317570743999688
0.4629342564330409,-0.9045713350296589,-0.2735641042844134,1.3561555899202984,0.17712555074775987
0.31314244769267513,-1.853198929840658,0.3694647801355507,0.6467621531019287,-0.17155061586747794
-0.23379609491827727,0.49161893146153457,-0.43212155991422413,-0.5927654522556504,1.0008183104866044
0.5232102582703537,0.47049550117313016,-0.9486656192199862,-0.7312297358546079,1.7225324021129864
-1.8430778297518733,-1.3854412723648333,-1.4045651315500072,0.5025058305576592,-0.33002998990583154
0.2191772304346892,-1.1850291203538037,1.460500120152727,-1.6141039975192415,-0.577865665055683
0.3795549938378184,-1.0917857683498298,-1.3194866307920463,-0.23324662022561374,0.1393561875995746
-0.25234188462660345,-0.22171239884075314,1.1004631493447836,0.8129403018661255,-0.9623424990182733
-1.6989789061668197,-0.8276285533026456,-0.211647918536362,-1.758651423397707,0.9320676254596557
-0.8575731822739064,-0.4624799453016916,1.32281356088927,-0.38000276227514884,0.1956304034991226
-1.7947450276134127,0.762701519106291,-0.9275978623885208,-0.4026920728254316,1.2081902831508684
0.3306893641238569,-0.7165584836419496,1.8319075949233339,-0.7468063504863627,-1.4778246717821233
0.5992818697545931,-0.5853113365802216,1.8059220822160387,-0.695613980913616,0.4258128772208715
1.0401224947062904,0.1463091891686084,-1.87684879222195,0.36178590348651607,0.5377825817759511
0.0028074075668755626,-1.4857488355950637,1.069655495027627,-1.7493348692686554,0.14123782920563877
0.18656176690005402,0.9153057249943536,-3.192905634295669,0.3069412547307761,-0.23247647788261674
1.126166743439955,0.6388877606555596,-0.6076463986171236,-1.6259605615613775,-0.8918426580899133
0.9057305667918397,1.57474184333032,1.1373306535334606,-0.8155550955131422,-0.4850024977491394
-0.1893266857796651,-0.1317722528818289,0.05872711516596117,-1.850778469489604,-0.7186740600774641
-0.6113002064358176,-0.2257829455639647,1.1893562025643518,0.019820190678015156,0.13525744538674345
2.306258779820639,-0.5813854039124317,-0.12240793830173625,1.4408738173436495,-0.6385381931783661
-0.31913224571943277,-0.23986010494696888,-0.28476433117210215,-0.5736213725432914,-1.3552039776454805
-0.5511168494211103,-2.335929557534709,-0.33149485841431586,0.10040586229294635,-0.6040202209358521
-0.6940395179996696,0.4757986365575937,-1.5228375740073334,-0.5491071934057926,0.6187116792213356
1.856968326324782,-0.6724802742097487,2.800349611280543,-0.563656605329859,0.2250788484383343
-0.31039250919759037,-0.05411950901106003,-2.000186176392227,-0.0224633437229797,0.8202515931616138
0.5075124585479189,-0.35863554155421073,0.21330462410764628,1.0029441953100429,-0.20424329658794743
1.2628338784553748,-0.060954458918997825,0.11945409239853592,-0.45836818309808947,-0.5898310079923743
-0.9122567164890623,1.2491513532225271,-0.14038291059624716,-1.7584756352728925,-1.1574796683798494
-0.14334724662205223,-0.842368771294349,-0.17866050679918086,0.1445316701961041,-2.387273097201193
0.12400281755927364,-1.0767851525897276,0.8530782291570219,-1.4367401222186391,1.6144605448201652
1.1843800869211734,-0.23994272875023262,0.04329525107280598,-0.4764489358339462,-0.5631640794527614
0.17233089356897208,1.9442974227160295,0.42420759974760913,0.6623711389469457,-1.774806571822736
-0.12975788179739003,-0.06635491302105022,-0.6877504078611439,1.4923279816912416,-1.5755782977396857
-1.1349285569899485,1.0189831112435366,-1.2431084654436069,-0.18060214694679355,0.08762863783192833
-0.9237063403251795,-0.11897064955332069,-0.6305515929581441,1.6968656117339884,0.5072607587540268
-0.8126264165994153,-2.4572577368590203,-1.6910248512652322,0.3168658742850318,-0.20937647093807085
-0.3113203745497659,-2.296594315669002,0.9193025694645206,0.6245224512283318,1.4359421718726393
-1.4754822700471284,-0.7987503191873148,0.7771959529282785,0.9425834348831086,0.4889532280057645
-1.1563019786762465,-0.5548273933427457,-0.17729780356762626,-0.7332886746040027,0.11600322223385186
-1.9400552419527168,-0.8790028406566155,0.6680791609442335,0.18005059249548272,-2.6570990423794116
-0.33668513675645123,1.3876807711878822,-0.22270454319852961,-1.525545760421895,-0.5115690351058512
-0.66419593134684,0.2961537409661731,-0.2792916487421732,0.4203992619207394,1.1582534895543497
-1.1576361277573526,0.013755537027014904,1.9711014641260491,0.29570448263276455,0.5522581972680496
1.8603278026545111,0.25427997939564995,-1.142621221958517,-0.6179500592604195,0.9515939873648823
0.18624753531504773,-0.03932847410304889,-0.18622291271052588,-1.2117461829239142,-0.0058862578890453935
1.3421195004066364,1.424108029098683,0.11899388513084497,0.31427072507500314,-0.24639210832750824
-1.211497232238546,1.291304637594858,-0.9006340545636896,-0.8066514125421634,-0.9128511990592701
1.7982605746276352,0.7873045436480195,0.743190987104228,0.5887602861388933,-0.5603556354779401
0.9604733183182195,0.010153981221652994,0.4668624330026185,1.1020410444653557,0.5451658359747154
-2.0876856581563548,-2.008335079180078,-0.03099884665507194,-1.0606383484226305,-1.2218108582477405
0.04108455708387775,-0.8818125571909121,0.8257720151007483,-0.8435460858711302,-0.1809922044372153
0.5957929650547992,0.49202334086597654,2.3509704164945138,0.07069113315805282,0.1044397830133934
-0.13678521932367155,0.18136483624205949,-0.9652257094713688,1.9219713220370318,0.9755118919066328
1.2292563020397027,-0.7901105077005047,-0.5190385490005377,-1.9724130463110876,-0.02029788034455655
0.09206400889570382,-1.8662876296329642,0.5371178778687727,-1.3288877489305595,0.43193971682876925
1.8859190809864936,0.7969993531822442,0.7025591946809517,-0.5240698342515654,0.8770186920995766
-1.446446917818466,0.1812107874749399,-0.6380800428353713,-0.007247645598357665,0.8297997890986203
-0.7059256811846643,-0.08753526592490761,2.036067500606866,0.21217979182876834,-1.512416705947394
1.6429289287889126,-0.3781368439509359,-1.431518960648024,1.7264882078555515,-0.18207480133081314
-0.632967694648998,0.42632723745800843,-0.593950281187868,1.996740911253105,0.1602141260583748
-1.230971541144759,-1.4116086119703033,0.6663145668741284,-0.6144425189945258,-0.831253378153049
0.8240121774094066,0.21768395306355962,0.12783400544440982,0.24526674418569822,0.5615330688248993
-1.2181082996236596,0.0950463561483204,0.7129451485311598,-0.8087353845807993,-0.6426210173056058
0.18650496136228897,1.7662646622389901,-0.18871087119171645,-0.36656855729252114,-1.0651829537632305
-0.7754181796210878,0.2882755400137765,1.3471518272873422,-0.39763064846592755,-1.8330802110855113
1.195184051855864,0.14015957333370152,0.009497839769400076,0.6332578611901841,-0.7715247126452404
0.5345686203999139,0.5022938806018041,-1.3178699898568083,1.4769999237552411,-1.7949799852699957
0.5719195300232565,-0.7689014339792472,0.765823502192978,0.040940331806753966,0.14988723210589236
-0.5470916313909303,0.4231512042410365,-0.08079770036403172,0.1218752877143893,0.3024952775850732
-2.575404547359502,2.276595293487665,0.5670157666367467,2.237610172922737,1.5473726467972548
-1.3029612004447824,-0.4363336421529433,-0.33571089763103046,0.0628820542214969,0.3503204655992108
1.4124300657025795,0.5018077474082359,1.243322487336735,-0.06207332163398186,0.7980924126289188
-0.7648042486230316,0.4597569676718023,0.7543438746064286,-1.0009671228299253,0.6753220892124961
1.772150898440267,-2.0624257531400216,-1.0126064695429366,-0.3589313507270321,0.6258129335707168
0.7915796785630462,-1.991816389523765,1.0833215347365666,0.1336988343225171,-0.20078012437341342
3.1789925720544496,-0.6219165242895713,0.47771551443622295,0.5886129262887048,1.0194239642454672
0.6616230272281552,0.638941756064741,0.8445378257974541,0.9300493030122123,-1.19044096642514
0.5160470400317639,-1.0205914075075622,-0.43229006617976157,-1.1424214480044348,1.2663077862100909
-0.9964804807138128,0.6456215759873745,0.6713420707894181,-0.4722922882798062,-1.056419627682662
-2.268542421937219,-0.017949341146819286,-3.3954926207480516,-0.4444810471242991,-0.8110267835499819
0.7256689566674642,-0.6398652819338825,0.24719354012282016,-0.13048711584353864,0.48724989293256804
-1.8343210038461677,-0.7210630275474144,0.17096758511701055,-2.854345829889066,-0.4932404075970905
-0.9978033141816144,-0.31081906103139073,0.6762427512951896,0.5733423807228517,3.013991783627346
-1.026734111493186,1.7158004699205724,0.14952744701202353,0.9205476117066081,0.6000500273299677
-0.2502190569941953,0.7063979789269486,1.6069800771295644,-0.38412867271658657,-0.655567686108962
1.3169003408381506,1.9259520651242603,1.6902612277321725,-0.2729973270229812,-0.9491584665835606
0.8580688427463701,1.321139929411091,0.41010890314372056,-0.2341300152573745,-0.7918878831475519
0.40139152773354,0.33463615347456094,-0.4982243232152771,-0.1812814263606971,-0.9475716002888156
0.7905385768510461,1.9385394489908703,0.9768064245270671,0.01668188859799003,0.27568011453596336
-0.5003581908431299,0.27538466034116316,-1.4252023904723843,0.9253729232886455,1.3645360213329587
-0.6576580133001778,1.0055727557490508,-1.121059809313168,-0.2915487011094171,-0.4659251925125424
-1.2881468214875877,-1.4308421524324546,1.4572438183602687,0.16606890140330763,-1.301045136283035
0.5560647619208445,1.7856438075488295,-0.3758484212348961,-0.7368834076180847,-1.2774307431674852
0.31851041558403764,-0.8710702869279059,0.4502769660972121,0.037419273910171136,-0.8069136667561668
0.07920199019218944,0.7437242906853737,-0.29579120585634133,-0.144060825158254,1.2880479826589242
-0.6739651187076441,-0.5099088657361031,0.5167711402818312,0.20098979162466277,-0.8958064897249649
0.7416874430873436,0.3170070710274796,0.39073377391883213,1.4312895392775784,0.1389996683121078
0.6638906790887666,0.11959643020219733,0.02682345467973624,0.46988813701413573,-0.7926464686663184
0.02307483219385443,0.0015679810793423846,-0.5846575693395478,-0.9533172157456237,-1.335210926213642
-1.1361013803074016,-0.5268463825366206,-0.6885747931341326,0.34417909304171784,0.6426317861667332
0.02749951185254703,-0.7409830869588581,1.374670771886004,0.17389633340061883,0.3609948986229125
1.1842105988896994,0.6412965422698771,1.972650176748362,-2.460123336917752,-0.24665439148715487
2.495140658987544,1.1220667952350765,1.9045161644254693,0.4310894181911641,-0.12746217426195963
-0.18642965922821886,1.0867981421938173,0.17450089601690208,-1.65622047353466,0.7931094456753076
-0.6543049280865341,0.33653865339942657,-0.5943252309876388,-0.9384528725804663,0.5585954052243738
-0.10866585554912647,-0.7126004103518979,1.5743981028951133,1.280282951902852,-0.012065083313998238
0.9668894284718637,2.1472591945674053,-0.5406107411071955,0.7587942108812433,1.32706923658056
-1.0683541669574685,-0.9519741661848871,-0.2753796054357045,2.1208614301880955,-0.45477712602675946
0.37213309615957557,0.08292994787198447,-0.7896348017972915,1.8790642295974482,-1.692578509828437
0.6848073024012504,0.5411980208072811,0.4958111138366333,0.6896594609042827,-0.22640866052336844
0.4760577211404619,0.17062227125553925,2.1953187617277083,-0.2693686529163579,0.39356561398574563
0.5767458348935633,-1.3679372531971896,0.6932695513178815,0.8047002062488129,0.480610309843439
-1.5245188868040034,-0.5742293675599475,-1.615423724193464,-1.148971250299646,-0.40930545765092935
0.2816188860540896,-0.26666404821262,0.29343118010106506,-0.05564334167742736,0.4896257201356776
0.15173850110094847,-0.10020238158604268,-0.15073925620791592,0.35798982868785323,-0.6622053599297775
1.9168975252616565,-0.10829655672622644,-0.14912420153189507,-0.02290196523249319,0.8137628120427015
-0.01955338025277671,1.3589031491800696,0.22975601602869916,0.5519700472895253,1.0404525363363786
-0.5264610855669205,-0.6762739281987178,1.4791276915511653,0.8628790097871566,-0.23758749412101515
0.3805710075115712,1.2590751590847586,1.2744264174900128,0.0002440798233041266,1.5672591005007235
-1.6922850168679826,0.9104603303415307,0.34024030675146905,-0.7921517668824469,-1.1316072867607194
-0.07687830152882451,-1.151310633295691,-0.7688173199866429,-0.40418396253935335,1.2506708907690582
0.6996036172895669,-0.7250206924669395,0.89404760082606,-0.2392271494247207,1.2307435541962906
-0.21421729853799848,-0.7077944902495606,0.12859286746589174,-1.064019588398232,1.7097900702465552
0.49568264998938066,0.6061639216602059,0.5460405202552651,-1.3037889961516,0.7502683606178296
1.6100231411664037,-0.1331080798135405,-0.7719813800080286,-1.2385566795907825,0.6305331623003135
0.5304780061803331,1.0489900727516286,0.5535918679731254,0.1676856520639438,-0.3499650527356225
1.7944812064310105,-1.3116304220034534,1.318282826713577,-0.19588914821136436,-0.2961927944957782
1.338679732316087,0.8971624939526418,0.3236125157235376,0.1979792904122851,0.27815278600088883
0.13827435157640572,0.18296955919557295,-1.6370196989765902,-0.8642344227580923,2.515788390791253
0.5657488101276215,-0.46568665934825093,-0.155803792589869,0.405487401239531,1.0040886514817786
0.5466976691851271,-1.2510884096918522,-0.15493025685488324,-1.3934471860369406,1.6316148686253198
-0.7907312602453503,-1.767979388075219,0.0836512424073728,-1.747633433446062,-0.9062125062283695
0.021203964972473614,1.2252765710968576,0.5502125777071641,1.8451408742179272,0.6781606288463655
-0.4786077698047971,-0.5412441227293392,0.6735510190160459,-0.09398239146057723,-0.7596492300305312
-0.6358061041508579,0.7369635061935615,-1.8971952962546383,0.7361247332276296,-0.5684817494991824
0.4387029766890448,0.8021990956523918,-0.5149546311562774,-1.8820031408825848,-0.4844077263425462
-0.5704837201829969,-0.09125592558695172,1.116603282948608,0.5127476901335708,-0.6613923440370828
0.7462813486313067,0.25187341086152965,0.7402795017518278,-0.8048956942696648,-0.085232875688925
-0.4431968035961039,0.43609798863309074,0.32897451598689165,-0.7964786501785674,1.0668053551178702
-1.424670653287159,1.12526604727675,0.3068535526489336,0.5926067848334197,-1.8377074980775008
-0.08091424528120952,-0.33034908354380604,0.18441050120349292,1.1335027954011758,1.2486972777143013
1.6460308051802168,0.43096758949884634,0.18181456367232474,0.3978841027247109,-1.7012331801093123
1.0873603172669986,-0.2238195753774404,-0.19856082824263327,-0.2548129733954427,0.3592798123940436
-0.691402894230008,0.28573246205773445,-0.25849967645282,-0.29516349669577213,0.2279458434968893
-0.697627314623764,1.462980125023833,-1.3959189481506369,-1.888794354477689,-0.21138916171561603
0.524566718811176,1.3565402545375336,1.791804797170798,0.14409694251103863,0.5279012334260746
0.7168827053413068,1.3177362843071985,-0.975124398273982,0.5820193869311787,0.5265906771882632
0.022487264130992567,1.7955087295339713,-1.404098636302021,-1.4409590948719389,-0.6272294414988286
0.8132246290577998,0.09061809541610945,0.3594867708343242,-0.6046712467172594,0.5663132920740717
-0.9698019496924403,-0.17925980262913882,-1.7872710341471298,0.19666379918483487,0.5643230138145822
-3.0294757010836704,-1.2729652074539715,-1.917031601808866,-0.7745363343981101,1.0515061501165623
-0.5018176797991099,-0.20392499576723364,-0.27775029215388697,1.142376738657932,0.11676666937312644
1.035432047854244,2.95764146249855,-1.030844689666956,-1.0786855258039947,1.033629521620566
0.013839871531265124,-1.805071411160143,1.791875103204004,-0.44252308868571943,-0.698194616426888
-0.4753125010632705,1.1641315913215422,-0.3563485139493139,-0.851214028216422,0.40360648504995406
1.8344325378234114,0.4020995164089504,-0.30876499188870454,0.8737440590121246,0.4763703278709257
-2.37714609101249,0.2741744745349382,-0.6937948739085431,0.5488731143982919,1.1860537457364464
0.5177012769210679,-0.6189376529444057,-1.3424642595418266,1.023850618134705,0.5881394975537171
-0.05669545192461187,-0.08380927900633739,1.0962245409739195,-0.5782132716354234,-0.8025750077727698
0.32109134173205567,0.1958886765103002,-1.3275311758455308,1.3897380154816976,1.86460492491328
1.8780327711379643,0.6651453270112606,0.49884840818478676,0.6384625266480123,0.5489170327320624
-0.351665494832633,0.7393447349802701,0.10372481137713818,-1.5382408568762125,0.24705674296161365
