0.07014071658060977,0.7636747111011816,-1.2565089086248264,0.3852011691795702,-1.0382737020853332,0.38732371141791355,-0.9046134137777027,-0.16780086159874696,0.016642497501093517,1.3136960804455033,-0.6859698290348727,0.835918982588946,-1.31513292592457,0.04558800043410432,-0.6061038017797016
0.3984702678609665,-1.2912614382052654,-1.5231095950818125,-1.3757939856008654,0.4163326491767616,1.3498666990421504,0.011004525783861876,0.8586725325290004,0.37289393832470114,-0.2589639559342095,-0.13509127900271586,-0.5071111550500705,-0.1833328339580455,0.40776151225689944,-0.2086260206522133
-1.680690187139563,0.9948640359068123,-2.7719078300220814,-0.5435555141406322,-0.8344641530841052,0.06057929831113759,0.8158421987550866,-1.2973387885679963,1.7407342780238937,0.8729635975278527,-0.5971074697902072,-0.7094550038102121,0.39062583307882337,-1.099808308343065,0.8513047575605289
-0.14237807533116686,-1.0973005713349093,-0.25048879319165757,-0.30961350443649654,0.0689230656084105,0.28997992029962216,-0.39988430874801795,0.6708500879870802,0.07004969457723383,1.0170131154082143,0.26128683398779434,0.026174268884505105,-1.0483641452725716,0.1806570540530677,-2.032226430856495
0.04230885700543019,0.006848555452069781,-0.6664952992566938,0.5690935392212825,0.11818704693948212,-0.028122637720293876,1.2634238861242175,0.6182869907111189,0.6511950925798428,0.9058816443313483,1.7186328645507474,0.47720322334424004,0.2459565952664704,2.9554049043362163,-0.8440728686495259
0.5302987058803829,-0.5745397073983517,0.9363163823992638,-1.0711524283291305,-0.9331889819415976,-0.8108107628035313,-1.8682458390149308,0.6721382455225725,0.031948369441219676,-1.26956511912526,-0.616319131980033,0.7727699077195277,-0.6163502034501697,-0.4694934108347642,-0.7268798050908027
0.34140652320352494,0.850030027442324,-1.8460898803731811,-2.03143191048271,1.302960416305702,0.4365107180742759,-0.41124839588488193,-0.9822895428971758,0.2433540387943497,-0.5527123409157046,0.11714431056422492,-0.1262055484956431,0.9435268165320647,-1.7225349941920567,0.45352485008490667
-0.7541770315920602,0.8472109366030983,-0.16488022915788117,-0.5093445909774371,-0.5950529945180947,1.1139379716057907,0.003970886987378298,-0.7071073208606504,-1.7587799531205293,-1.6595986363334703,-0.2812525198124863,-0.06345771700839355,-0.20440204584554653,-0.9860348709353384,-0.8237055795460166
-1.2568422010941107,1.1619609312287291,-0.1788182904487877,0.31291175705261154,0.7186580629683266,-0.2541952905236925,0.6201350985103481,0.28819497983463493,0.21420547527354708,-0.5871842463979351,1.5001361867381369,1.3120477169587417,-2.6139340935619404,-0.505962793077645,1.4913370703181683
0.9619766423356907,0.42320004001880557,-1.023550556320047,0.48480332856821523,-0.7060432401281711,-0.2748712207455434,-1.795782651960898,-1.3870095422935544,0.5023734048539793,-0.500943465327079,0.3337194965275072,0.6903580825614285,-0.8388711997415028,0.02522808404980961,0.8003803414013877
-0.3567349399641901,1.642051089983993,-2.1823399292434544,-1.5483430583389155,0.96512065636943,0.5572284611919804,2.061887156661144,-0.15546973892593544,0.13686026387506747,-1.0539002412859144,-1.8074885136412908,-0.3340698554610191,0.4382435015142611,-0.2317358791210453,-1.2602152524658248
1.9450025465398226,1.302480875890379,0.8578068593569437,-2.159315199620541,-0.9016845445031898,-0.8619076532004704,0.7699754060960985,-0.235553008631835,-0.323124264271405,1.1900962939828512,0.6563892327125865,1.6835556671273086,0.520968739824016,-0.9235770228034678,0.5753069697998769
1.0879606538603954,0.9367741045841101,0.041003787680537855,1.5513596348830208,-1.8963375775780458,1.1556832382269926,0.7847423170255924,0.11018543525513126,0.611856928517305,0.007854454914241677,0.8367375274089962,-0.9575304125947708,-2.0435138843486222,1.187153792466062,2.136735843782589
-0.21626433393035857,1.8650956029491566,-1.2983463155153527,0.5816490607584911,-0.7721593253799642,-0.1860703157708014,0.4060922131274388,-0.16888772670804925,-0.2147102976905165,0.7811797798807322,0.50401069724943,-0.3353768271649338,0.6368652547327845,-0.03290515957099237,0.6950248827529789
0.49810069885283814,0.5292603827637367,0.09111106138280446,0.09157523912038595,-0.09623667513020107,0.5078596315776667,1.224003423123642,-1.4051334661291415,-1.6322538506294242,1.1038684610474756,-0.7184680868416299,0.45059237855005996,-0.41630110429953815,0.7862886423885787,-1.4424733315542393
0.7638216868997232,-0.3023314963844092,0.8214148930609702,0.5171861632618907,-1.0219656749839154,-0.3681317172454769,0.470571876270027,0.5163399469536533,-0.3200297836711801,0.5351855300546181,0.4993557769301087,0.41376386280155086,-0.39379915404741095,0.6277912480179723,-1.657763220935243
1.6817405620170052,-0.9089485188142542,-0.27956878151806874,-1.0691882696007493,-2.4675965978498664,0.6125045289884369,-0.31848707315431685,-1.7925574134286315,-2.282963898270926,-1.4772459734310763,0.057071866001503706,1.9644782929674935,1.2542546444387397,-0.010500822748724353,-1.5874477641811333
0.42340562780135144,0.4396072130180329,0.6928677394001509,1.443170046274621,0.49014108042676535,-1.9652363843045069,0.2669585844258922,-1.2463242213691696,-0.781997971047312,0.9177860436211455,-0.7481878872108132,0.99636086367782,-0.7555923870516476,-0.9499617754173024,-0.9088239178859344
1.564278715141461,-1.258047543791834,0.46495956977718317,0.5445092497329578,-0.960777546816251,1.8081820204380141,0.8723099926307125,-1.8115890154853114,0.29554086328466583,-1.415886005697076,-0.2613419378680526,3.4226134422763144,-0.018369068598288844,-0.6852810605034387,-0.27261760062112217
-0.2689623673598367,1.5335095686621845,0.851702527404215,-0.40086697032840296,1.2314549470313831,-1.4585776969236977,-0.626772303207713,-0.9370026858012993,0.2920026313876506,1.2364613130002908,-0.7475490756157587,-1.190122714946314,-0.31047115625553817,-0.4756189147834125,-2.155901182276426
-1.0588296634024108,-1.1494593552135164,-1.2639504522798575,-1.4251481192111122,-1.2827377291347921,-0.5489708637695778,-0.5746146160201362,-0.3387257485313467,-2.3029919371406766,-0.041250420143073216,0.3467800582313908,-1.2876125733141537,-1.575459942808365,-0.056904584371344505,-0.07093805500626406
0.6629317159951282,1.1373790450150378,0.27168647924654815,-1.5096501071348032,-0.009489901764320328,1.4131914557517375,0.8181076829778559,-0.7798635619971227,-0.39419671200255446,-0.32519692489582996,0.7417537555436406,-0.8835428639683605,0.46073474583865404,0.4219423986431313,0.5686242711379542
1.720939509122558,-0.5280488433480768,0.20436732297254015,-1.2305135408605639,-0.6232296663572008,0.31923017819985106,0.058594223130380464,1.6947681716954761,-1.7103359091137118,0.07426870251008409,0.9319100348356347,0.3631371722686258,0.6232990545994329,0.360017691894898,0.26413988454418513
1.0881766914859097,-0.8903752678791815,1.4212707317549107,0.8475895393233824,0.3796214663169065,-0.18448261139164437,0.5239895872200558,0.502921200493648,0.3692038596171152,-0.14297581439599671,-1.4873635941936045,0.5106272286863132,-0.7917466962806885,-1.068510004685088,-0.30485631448439027
0.6826555273746127,-1.2829451398173635,-0.04794623865984049,0.23973109719552063,-0.7118416159148955,-0.252857443790185,-0.33387894387594236,1.2481411040474515,-0.5197192584357383,-0.0964045647453527,-1.6551424626493443,-0.7015804795665056,-0.7683930629301187,-1.0107240296878937,0.12630337681714804
1.5303715020721007,-0.46138137914930233,0.6227526575149039,0.6383023950339511,-0.26128189580684436,-0.9079479619603558,-1.5634540300643829,1.4251764441716306,-0.13210927175606746,1.3624551859477538,0.23472292237547435,1.0825251601596748,-1.245684764608098,0.5616371781560741,1.3405559667194265
0.6829818925567211,0.2822973412801969,0.5475845693036374,0.1137178654625932,0.3508425941263641,-1.0692950160771684,0.6220528298824638,0.38575742075147706,-1.2085661582682181,0.055014793595315456,0.30714814541419294,-1.081780031862096,-0.5936108612400641,0.39131451467503603,-0.8891487436511281
0.03283264666347755,-0.4161697073802578,1.6628237995354094,0.43333025911526873,-0.06960102402218075,-1.1233986463409076,-0.19305363840336282,-1.2146839116384647,1.1154581473647787,-0.3897455818084693,0.17720810876737472,-0.2529786298418037,2.0440774871163647,-0.014650814715001112,0.29454229979735314
-0.053903561518321104,0.011712598147139784,0.8905634173010599,-0.8325343706671943,-0.6603840843756681,-0.2221172342787845,-0.14344856252217408,-1.2457051422558068,1.0632985438702003,-0.8995078814151994,0.21217200424826832,1.2663493850705998,0.586080997322563,0.5692848956152556,-0.14921768588892514
-0.020621533975032802,-0.7421910420666974,1.0417059836341402,-0.27678799105784746,0.37706621923738026,-1.4496276387580354,1.0386936479689715,0.6319778861036073,0.48566523226245906,0.19868027660270873,-0.260277492041722,-0.5774210332232881,0.06978147283833108,-0.07201143270220288,-0.020439612868550804
-0.08635140535571523,0.16817095613797592,-0.5583829639051858,0.1796053331210792,-1.492690760642722,-1.7759028492017128,-0.7000095863626282,-1.863774589342377,-0.896840318960676,0.19865933182478437,1.1079449900153635,-0.14237459132152475,0.2092476003373586,-0.5769889508948631,-0.475083224417312
0.6039439213434838,-0.8389794143591706,0.38712046495885805,-0.02298348950618007,0.6870183198894025,0.6036672322394971,1.3570283579494176,2.571873654472589,1.3164510611797704,1.600269268384354,-0.552088985508942,1.7973677145432185,-0.6213106267159666,-1.2176784110970575,0.04926138797630459
0.5603689223872502,0.17924964564565496,0.30424118535856237,1.5718951275668356,-0.5329967432208517,-0.44059513168864517,-0.8286151345654424,0.0453234159731146,-1.1654591841451756,1.1132328191768357,-0.23326044607224852,-0.9276407795636814,0.3083487745937962,-0.0430358895096525,0.5493615322665886
0.6706351251457804,0.6700623497387372,-0.13746029095041426,-0.434548780134148,0.5325079730803794,0.6215297102853411,1.715808032777524,-0.2143509722888541,1.03105755729497,0.3698482663806165,-0.4480767133148753,0.22841589718408584,1.010068885650903,0.3774010573620034,0.3808293552758854
1.0558380121460278,0.16533728367533188,-1.9698208716587722,-0.27803437617802806,0.5623952847754281,-1.5470979644278433,-0.28456114194200494,-0.3106155417898585,-0.3476392146034763,0.06178905405671199,-0.5010747596978509,-1.2462776917194283,1.9748206223918026,-0.9733602578530377,1.4342053537819435
1.8131533696921507,-2.2555284260497386,-0.381468794960461,-1.2087363950704335,-0.16394829823586107,-0.8864807835646712,-0.031754432153626125,-0.8165914478665449,-2.073948182267296,2.3766341569567464,1.3004388971265035,-0.3817794622588761,-1.139300929501744,1.2779819313065592,0.0062338362098821555
0.35042031778842164,1.24502696090136,-0.7913985663431325,0.0584681662232552,0.3627668691372356,0.5972242744030145,0.7234058146355089,-0.6124827794352615,1.5267196018342843,-0.10634724284840158,-0.29119184477112336,-0.5428324261890248,-0.8447149177930818,-1.3655417754195716,-0.268189750998485
0.00982317652589435,-0.12560413199266324,-0.5676678626161605,0.08595622378880216,-0.9612958362097512,-0.6373013725697337,0.23928887074821606,-0.17756375834600818,-0.6936649336225573,0.34243194329130705,0.36838203625952204,-0.7450019942313446,-0.854607668516888,-0.2520557483188981,-0.5566886724839728
-1.0893724593623109,0.6116748338317107,0.09359167244983886,0.1651114030804978,-0.1962330641504122,-0.5224661642339863,-0.3417564440760999,1.0451711580185483,0.884750595558949,1.3270007824972154,0.8352626143480566,0.20395166640835397,0.36859557810100496,0.752659713019754,-0.34400751505125243
0.9133852450840159,-0.20461692464542156,1.3763199464192726,0.4097478186024479,0.5880365209185862,2.109269542245325,-0.0038570127271077745,3.790601352321994,0.6770692327304546,0.8206559204414515,1.3196803661537924,-1.1588957424726425,0.945233993509917,1.3870320205813882,-0.5340057822754095
0.39380189694810597,-0.4868330437166978,-1.129328872938016,-0.06440351478978544,0.8111837422821834,0.5086112889698736,-0.8820619082379405,-0.43364360359153814,-1.7176802483483227,0.3177382770278655,-1.6531571028314576,-1.2475062575758609,-0.6508013841494311,0.669930808521172,0.013049817045614712
0.9040537923480713,-0.1310216532617931,-0.7243661377643722,1.2062554599582571,0.727922251196154,-2.433110112292139,0.11035416157187262,0.18107088412606953,-0.128177424784278,0.7234539198973688,-2.3781043117560827,0.05357495850362719,0.8478584880680066,0.5227917097247059,0.5659412715929597
1.6379633324747238,0.4864629915612911,-0.9418519887509911,-0.4827431731518606,-1.0993398072757392,2.338106942740269,0.7207013128891506,0.32354956744996477,0.7660293520304499,-1.7330811817434735,-0.6295532241651738,-2.0016752577275096,0.0026509105419044547,0.8283628730030602,0.6755156550097563
0.722795445957825,-0.87774651867517,-0.5343133601249984,-0.5318548950430056,-0.3872580776060541,-1.3616950074576406,0.5713119574306038,1.9529766840854526,0.9772914191258252,1.824755861495564,0.953069943813731,0.4247199984502193,-0.3371557624908847,-1.0582691395656654,2.0632890372616006
0.5301978772270628,0.0010208145559101223,1.0414552399088233,-0.29665939961881804,-2.1748423803179002,1.9608872520880012,0.8267296945301768,0.008432081982944073,-0.7681966629398654,-0.9815233338147467,0.6986381762648521,-0.997312898742668,0.16862006606957824,-0.41594450671684385,0.8657611047160144
-0.8100357910248088,1.2421656351296317,-0.34793256067957956,-0.8060443002699886,-0.7076228755519606,0.4134036581399022,-0.5650755451430334,0.983317585068443,0.4164235302611674,-2.8303706847912595,0.5712198242860437,0.853222505714757,-1.6046529990404128,-1.440252988907037,0.4116982822273351
0.3137907336688055,0.27551237574974535,-1.892115758421253,-0.734389195971701,-0.18235728375838345,-1.346628171214817,-0.6161966992335454,0.8155224806814513,-0.06582100096435614,0.11435171381544587,1.2143343229491248,1.3961646291958107,-1.7361091316691448,1.2700061503305604,0.05136975671792052
-0.6204670670448117,-0.5608903068223542,0.7037328228451902,-1.8902936466025513,-0.47580640171579214,-0.9327235312368692,-0.6534011373638148,2.2518712287076506,-0.6477908146778943,-0.5027250694968382,-0.37335943866750637,0.13839494077589834,-0.3965425823336115,0.010473456469966294,-0.12360583463493638
-0.7640965568080557,-1.5731196124969433,-0.24650633388297966,0.7042293590380622,-0.5070534493154378,-0.4115611721598176,1.5678487315596181,0.38232866214207756,1.8435935835827888,1.344951283964002,0.5267860234527505,-0.7876999546129072,0.5729665790602806,-0.34718318678430904,2.4324660467728307
0.7259664706218891,-1.8993204532143606,0.6578535698789993,0.4011524659321499,1.1634645483538004,-0.4848635679870772,-1.3189313124379063,1.425138308257144,0.16830465226841368,1.0788536742682282,1.0977487538122417,-0.3522380546846209,-0.2161162748615928,-0.8241649752699538,0.4987664140776112
2.5483788805979066,-0.13296043892036427,-0.006559120568796647,-2.3627621647170396,0.7429049127812426,-0.5743662378728243,0.4673209406616083,0.26167174004213123,0.5613615485165643,0.5113712666372966,-0.006098665060044842,-3.0907051657142475,0.7689931988754197,1.197429073528787,-1.6375556110432063
0.10896911848072127,-0.43797213819265346,0.39276011924114984,-0.23442551563129438,-0.8155911960520755,0.4452363304452575,0.21287049162241028,-0.14448889255984912,0.23262275280162695,-0.7859388877895792,-0.5481896729037936,-0.21918295967554036,-1.1500465590419462,-1.5784430180806552,-2.2415966378376404
0.16948507653098668,0.052835136191067944,-0.6822458962535214,0.8322758811924426,-0.2386124544439241,0.2769673506621182,1.6739754624355918,-1.2099880742811835,0.6202926858345597,1.6388260919314868,1.1101962091981525,-0.7692195108023769,-0.8496922362837789,1.2868443357072596,0.6246479459069741
1.6287350548541049,-1.1903097435037595,0.5403331635337509,0.14462509376928795,1.8408304909066457,-0.8308342510632378,0.09184457698903273,0.18807915573494338,0.41612938590368764,1.141798127962104,0.38255005157968125,0.31363115234881733,-0.7177351566210363,1.7909965962350773,-0.5945066619553103
0.6836916919255113,0.12578079038213147,-1.4467218151562995,-0.5148963094235617,-0.9324124589884287,-0.5409228280759657,-1.558255292478143,-0.03325268694119485,0.36271037572854953,1.8798818572557998,-1.002780376647021,-0.0616380907981588,-0.7628870693601929,0.31614455896426535,1.2702069868910366
1.6065916670173672,0.5758451628761401,0.4712112935459424,-0.26558295141646354,1.944461372923585,-0.46980683396072503,-1.7330056918131125,0.1752928371611906,1.4101558829882834,0.40823549550510274,0.9371997184230111,-0.9206320035680754,1.311696820247603,-1.156613932464321,-0.34300243543434994
0.6379018476214623,1.0543221571997667,-2.525345599966171,0.9073344833176237,0.06414655367233721,0.7741714961486,-0.08831206605430722,0.5891638605287758,0.8370735412015842,0.5513588022375083,-0.2539116602155128,-0.6408579821032945,-0.7754767371800799,0.5430137074925101,-0.9751656295036862
-0.31938789107869614,-0.8405292512560911,-0.3410265251936705,1.593024630155076,0.44046538563026866,0.23444868523598353,-1.4819734156644415,2.2970750907363073,-0.9444877145752142,-1.4018435512493277,-0.5239693449298819,-2.0494182000280965,-0.9992123253792153,-0.24293933053888386,0.9630635893516508
0.0006803129772337683,-0.6662226340904708,0.832373275986897,0.828078867762184,1.588265607123224,-1.9402093967686407,0.2164779338154319,-0.17121187267973223,1.0442104984392497,0.7972105470420711,0.332166615139522,1.4055571626859957,0.387964826431474,1.8892840499152896,-0.060399347392097257
-1.2566750678666472,-1.9808867997652135,0.47632846464835965,-1.4458384524506998,-2.315665319128568,-0.8960806273115219,1.9369096127004286,-2.0315634528751176,-0.4499113474352574,0.5262142882271945,1.4103371978035941,-0.9312264357102068,0.6417494744724936,-1.118305807690454,0.4929769488183313
-0.3674702819409248,-0.42111543064194623,-1.8332542670625342,1.137701863648645,0.3722243139877006,0.5580223677233126,-0.17912429152327547,0.5098665060493532,-0.17256634366596976,-0.5938463108763312,-0.5946693885282762,0.8301577637525163,-0.49353416593198546,0.673376969685439,1.5880818184435705
-1.0374770830210904,-1.5790002917923964,-1.7674933448392636,1.4313285684108286,-0.8152137134018779,-0.016597085760452084,-0.5951109177565077,0.14990506915543353,0.8211612934641092,-0.4079089387611026,0.4534778943524591,0.8210510858463251,-0.21665739224691508,-0.959431545435172,-1.1627007630057355
-0.7577989406973693,-0.4079922470577736,-0.7904398716653622,-1.2378702672681898,-0.9427575560850409,0.5998353265432117,-0.5897867557690846,0.37570438806705914,0.49694761089626716,-1.9649291319076985,0.1881369404546729,-0.7632427145214905,0.41236067566996887,-0.6855945754560916,-0.6927399625673906
0.25353307299522937,0.3045693123217434,0.5887709718732125,-0.7812281477651956,-0.0961774439829648,0.7595853401164234,-1.6222009298063664,1.444289505746612,0.11204740641940344,1.839673180396154,-1.2716963300729576,1.9294129175872092,0.16543053121704893,0.09987186920022428,0.13311933328155565
0.009242491239620539,1.0520251012587758,1.3798969983009244,-0.045200076160832416,0.6430919789993652,0.12941257145304416,-0.24756348348914314,-0.8730975902085488,-0.27131017265324764,0.0829157355373019,0.9968262807594874,2.2022738457066664,-0.1277894563917146,-1.6895236054617238,-0.7133215248810746
-0.14999611948536754,0.4524374333862577,-1.2387495445977676,-0.5505562671427929,0.835997174667784,-1.977251495124873,0.2094849328541156,-1.3614345409600639,-0.12188969601409708,-0.4810226333703789,0.019523791819644035,-0.33227704053280727,-0.41172646004220337,-0.5568022767409327,1.4311658831134302
0.07273308050344438,-0.15726948450439204,1.181694496528756,0.38170817060130496,0.8451060905439032,0.9444606793091006,0.7211306979776525,-0.06932307337199245,1.2423088330465688,1.3227809444055323,-1.1789564143928868,0.12372497366912848,0.8881279827168292,-0.8632393047224098,-0.033760004236201104
0.8286490579014792,0.2531509363203446,-1.2079951658637365,0.3373927233050275,2.6514136937378643,-0.21311057262874217,-0.49833917943727074,0.4844440136129884,-0.6810449628546709,1.5032023353174055,-0.28112137901695905,-0.5434029696420887,-0.48470350632671083,1.3406869736460123,1.2827481433833514
-0.39626123830033105,-0.19371459517152015,1.0995982198668164,0.4748860607370224,-1.2717402433979066,0.9721583212086384,0.2507284276800043,0.7491009773258686,1.3189332697571736,-1.0764050634666007,-0.7751734198484911,1.8037198253560625,1.0050441676546673,0.4732867206803285,-0.030423136024173195
0.457879818216073,-0.39396516903268153,0.6507680913338217,-0.4466419275605762,-0.7156256720180764,-0.8475737757385727,0.7143089908506411,-0.761819026796632,0.683569795512381,-0.07409043808034094,-0.1728060302978576,0.6471565735889894,0.49857422119001205,-0.8332556813291431,-1.9945970762674274
-0.6045022632759083,-1.2328184239889421,0.4732948506330989,1.4573788298115307,0.20145279877391659,0.4110257981215222,-0.4258331933768306,1.2171832216334422,-0.07786660319712757,0.6774508239145337,0.2260480217944959,1.310238117972051,-0.12302595949910154,-0.8060982887602427,-0.234359711026151
0.82276012026348,0.1187109044702793,-2.8869486475760504,-0.11359495202968109,1.267717834650237,0.5652962309076035,0.23015998898739373,-0.5206977608989736,-0.9885765426578172,-0.0574462577459062,0.6417660756936192,-0.6224894066179406,0.8016435281263131,-1.1878680383792204,0.15260486121548425
0.3837205066551469,0.6104451881534473,-0.8530046652902376,1.8463476085946653,-0.07471466668086262,1.1409622213630604,-1.194868537814478,0.7946011622952224,1.6067530579360747,-2.293990187780724,-1.267258916219084,0.26194478485578276,-0.3861720454323216,0.10338269407095761,-0.25120363186408684
1.506405042266112,-0.46260892873920023,0.6550755404425249,-0.12714548542969603,-0.08536446553385747,-0.2541325481683466,0.5013700694635139,0.6992675716454203,1.164486091934422,-0.8373162191566939,-1.1954481491320135,-1.0970970629531014,1.45789289405546,0.21693795859227227,0.795489577856398
2.288928661718231,0.2451296321723202,-0.27136889215069976,0.043865840413463746,-1.2189020971848707,1.6868092315274104,0.8831899255314821,-0.04444184249969073,2.6283912513310383,-0.4281843222563249,-1.0695063283618718,0.15528427983085033,-0.09834113912889426,0.4629803198386187,2.0408135778217478
0.864896636192159,0.919241243411682,1.193142461336298,0.2609367488776497,-0.9425852573572606,-0.8983767801287802,-0.008854037852529504,0.37724120127179356,-1.2999464398226743,0.1329343589068652,-0.4793057314806518,0.37675389362369227,-0.060105821076640906,-0.22827724878017963,-0.3505501873689166
0.23320648591449342,0.016484414859078998,-0.10210633312429163,0.5140527654110261,0.17828050682049784,-1.0133167276079411,2.541037161139783,-0.985596565316965,-0.214506678963833,-0.48987493320494824,1.2871425768267146,1.012963000086731,-0.921665389678667,1.0507023766138461,2.2264557555424074
0.5703848997739687,0.14153015612371755,-0.8580594593696798,-1.1327802635459205,0.949843225851102,0.4765527835839203,0.8111953041531783,-0.2640670485875866,-0.9357385522027977,-2.1598245735694475,-1.3384373296717702,0.3228858748818284,0.652154519040442,1.2867775878061354,0.49756790820709784
-1.171253918854535,-0.10934764170439674,1.1598488012590218,0.7508158287987389,0.0555163052457753,-1.8881197898203448,0.11235840688408698,0.43208031423692655,1.970254251734046,-0.8860556177898201,0.9814310645500662,-0.9049372260058652,2.058322678627385,0.47208225843008367,1.2346036966346576
0.6072342881033269,0.804455643257659,0.13542420696692034,-0.8415263055923897,1.5394190100103986,-1.06452716717632,-1.781786315222524,-0.8511273525088249,-0.6913513381898267,2.0265824885070627,0.055712173881702035,-1.083778360535424,-0.21582686701729495,0.27254664784861893,1.7662373354178058
0.43040284221463065,2.6250116671958574,-0.2932103142176443,-0.1338453956374288,1.1280868670847328,-1.4855966445986044,-2.214166005834418,-0.6414654998343957,-1.1560749283405118,0.243712697218355,0.26418740086059506,1.4436221237513331,-0.6198795261271013,0.09598983936045369,0.14844375790485115
0.6178892289177528,1.7146956033622978,0.39336420188375154,2.093015043959328,0.5810031036949834,-0.5312960788533343,-0.9401872358842668,1.730025843029157,-0.16114809226805668,-0.7475621696147189,0.4679738988437325,0.7062852576782088,-1.6523232909425605,1.2600827191572113,1.4407021450919582
-0.8998168398679066,-1.5537916913893794,-0.28430181743670596,0.25338282697984915,1.4695562155562982,1.396857058330572,0.07795950748120171,-0.4095772905427224,0.016445564569052662,0.7701037981983183,-0.00888364997698769,0.3201309153295524,-0.6244544140112431,-0.30108369249881445,0.8935524423054241
-0.5844412301237114,-0.4609387731895327,-1.6322630205065907,0.5824999201277258,0.7284343957971386,-0.521575491698847,0.8970542904212687,-0.032417914713422265,0.2492814770141426,-0.3536998046496547,-0.8599701716826211,1.6216920249519622,-0.040059786545258734,1.51967687666712,0.11391624141756412
0.7422057931116512,-1.216458440328724,-1.007745165893158,-0.6068998667161263,1.518003380949112,-0.7801797312215493,-0.1455003314978468,-0.4003280315584527,-1.9583183598023932,0.5045262778114028,0.2973572277815091,0.9918098707648203,1.7215369648938719,-0.40758354545099634,-0.17316568046411207
0.348282843183952,0.009974997497720522,0.1415923623544011,1.1671547935182482,-0.8988510234403744,0.15922742530971454,-0.7837344011135943,0.39539064900271464,0.5413369313053358,-0.5645254325168078,0.22150598177840802,-0.24725810253200778,-1.6322534024222874,-0.01008645771109227,-0.0005915646221261897
0.4609252027785586,-1.60404298415378,0.6776127708922333,0.6852165029023645,1.5714836689686171,0.531389911826593,0.48134226167383903,-1.6739556144541299,-1.4605993029689759,-0.03577288291099889,0.3827781459055277,0.23355364158079567,-1.9608342771121026,1.2459730422428599,-2.139571623876957
-1.7499718376372273,0.5672913817203661,-1.5061303449615968,-0.47121154986599695,1.6938695359536142,-0.19894077481863123,0.026890370050837047,0.05739160823991583,0.6952215164270105,-1.000395006863846,-0.9006769110959749,-0.1582089029413797,-0.46474549815190563,0.5022787218213656,0.16336303708144834
0.6623602749969633,1.3103708489096955,-1.339837545529435,-0.4631474588101653,-0.6751932672515982,0.3788470281686469,2.179546325508404,-0.9035640867999036,0.4654994589016349,-1.5722364584171162,-0.17665390889504323,-1.5383428566510016,2.3784312351539274,0.3953158227243467,1.2024846298944987
0.5541637580860777,-0.4569670827382437,-0.4158636819027919,-0.06446676666477708,-0.467195024148905,0.7715716476462001,-0.6413869878852926,0.6233827024368201,-1.723759287807327,-1.8125297046799604,1.3580900590551825,0.8218874265426108,0.2044616175571987,0.469889136422014,-1.1579868405582177
-2.2877945615376274,0.7211174920590774,-0.29152997283965965,-0.8285488561886781,-2.4676920515461545,0.25432717416286166,0.2725595728414764,0.27521469862324344,-0.9601482982643917,0.49427457646102335,-0.7537400266268951,-0.15526968660992085,-0.3287869286096813,-1.1847834064444152,-1.9266638915604375
1.1939383847320273,-1.010709255924588,-1.3327127640012637,0.12575547084218477,-1.6665356311783615,0.07188426996722103,2.5987656606060177,1.0047807449618535,-0.20137498775161825,0.05007490384730006,2.671329357729362,1.249555811635723,-0.42140051430754977,-1.5782552653171906,-0.725923764431738
1.751605568348698,-0.05947873528986832,-1.8570353143251757,-0.4066287759267591,0.7696106899362103,0.8705346130916188,-0.26890518365199023,-3.039436173129134,-0.17505435849785975,0.00951992220270365,-0.2644727011338021,0.7489788036998465,1.2341037603808962,0.20546379052138658,1.4585966130292405
-0.8679155074013161,0.2651398082958643,-2.379757484848855,-1.3743254729735097,-1.2417842854616525,-0.3423572969737654,-0.1341604181534087,-1.0486653313794212,-2.3407117202020404,-0.534974200533455,-1.3029198526756107,-2.1179659611135553,-0.761318919609581,0.3491915344854888,1.8582594578515945
1.7536005152839254,-1.6769673911852425,-0.10494370513472635,0.9576443484238152,-0.1684281775786271,-0.8729968617477265,1.402491992362153,0.9933981804616118,0.8878033164897134,0.08577296370004314,2.187374481460976,-0.7003543086908406,-1.1649817615501379,1.0122782309329317,0.005996872278491847
-0.3074792801406511,1.302074848266231,0.4841529328634862,-0.20976319114539163,-0.9202591226766864,1.0547320638449031,0.050473530747407805,1.9517955165409575,-0.4895775623682485,-1.556587957881657,-0.24895235578849473,1.4416009010397348,-0.1400444572996556,0.46401016757773383,1.597152914218463
1.2943534845522844,1.087025658646073,0.29534472917363436,1.472327932091252,0.610211994233751,0.6722289888015408,-0.9581228167252378,-0.07697458838425611,-1.15721750939099,-0.47052109370019574,-0.03896153347089036,0.2127309586823579,0.15286926352201263,-1.418086631374865,-1.6035795149454952
0.007146009376549365,1.2881084317795652,0.04428217990153708,1.0658466315623984,1.0773338695887458,0.919192048863804,-2.648951840504194,1.0893438464223035,1.0096934324197318,-1.1470836852145276,-2.0543164723234315,0.6132792423869412,-0.9191111820747266,-0.2853266211280766,-0.10065938897987324
0.10559581842667164,0.9437068874586265,-0.9251291941299489,0.6549052191704897,0.9906488974099078,-0.8948622648445345,-0.4411578203806606,-0.8645826518522488,-0.5252047840916196,0.7704597328366358,1.7629385381788965,1.3738221707076708,-0.6150246526517603,-1.270414628054705,-1.4827754936488542
0.10460188318494701,-0.4016110716488859,-1.9931355087787266,-0.7937573684928592,-0.35112870113027,0.8715550147890172,0.11936974763156837,-0.17587213849777064,0.30522247593793617,1.0975608669538828,-0.5480596936546221,0.5421552331560774,1.223508181295148,-1.2322750151112773,0.006105870937004408
-0.2609889205056081,2.534621176310813,0.7123169653602552,0.6750995924207331,-0.8948008304752346,1.2008786374075637,1.5002563016908232,-1.334801869039231,0.7950876373982197,0.27190977276360623,-0.6031032990552108,0.41953974410154704,0.015744221501447424,1.1158230880877753,0.8015169669104314
0.3013861739187299,0.058176061464087825,-0.46443814014201135,-0.05366336444412908,-1.0732531015696738,-1.3318651275999074,0.587240076945525,0.04623535314454901,-2.303420337907945,0.803641192488122,-1.3247481715992595,0.8638666905320908,-0.006052395241860605,1.5431206772359751,-0.37410422544686206
-1.0398153074267096,-0.2217343173613544,0.10023105100883335,-0.5052564551968757,-1.118126037411005,-0.30785567988556195,0.08516130849338034,0.10751948760675417,0.7582077097995215,0.16737022433020352,-0.5342858321139908,0.4992179194486604,-0.7306546503795889,-0.9226037672583866,-1.7463722075232788
0.5148680900825562,0.00580401455288021,1.31618098224603,0.219152814784152,1.643475772431728,-1.078872389323266,0.002666957208252319,0.899546029312407,-0.3132970821825756,-0.8721624895251392,-0.36428890609013276,2.36011586525084,0.7535891108483016,-1.4600076527415327,-0.23146027216053153
-0.43744782638882157,1.035005922702826,1.0643141449546334,-0.6723739810236492,0.8757245875181536,2.030647495836153,-0.9174243936798495,-0.8459430671576387,-0.8957765468034748,-0.3572732322171143,0.8553842419753275,1.0282278176275466,-0.6065640078272001,1.2607571162970796,1.8918230910948373
0.40363053713885527,0.47262813842105184,-1.0720482574972252,0.018704190449007174,0.5427366573157693,-1.3280346314842297,-0.7931535203447732,1.58337152628838,-0.8192887556294468,0.30355775555136427,-1.752463905759697,-1.3320450730602718,0.8571896423375631,0.23097630086077528,0.6203182234413389
-0.05326742365180369,-0.2017126209240942,-1.016002532947625,-0.3385814531039763,-0.814061412872517,0.24278725075076213,-0.7855640633749279,-0.24193371459549945,0.9454413422116843,0.3489487616623317,0.3189807670494293,-1.7149065905400127,0.407620682293413,-0.5719010207529076,1.6170137572870118
-1.3023967259726774,-0.7742837530980768,0.6501485374962974,-0.21519601617176448,0.1733841169307831,0.5046532034787796,-0.9048978250980825,-1.746899110760175,0.7990947008455668,-0.39105318637764747,2.1271849048901683,-1.0642349564356492,-0.5860842193383614,-1.3677358156628237,0.8760029255567015
0.4174885492672955,0.37766690990043844,1.460078797762689,-0.5887193056351887,1.0804494440230175,0.8319755832076315,-0.29027785929061906,-0.06480526794375825,0.9338831472975337,-0.9655719671152142,-0.6757673621803888,-0.3419716974613944,0.6168538953171815,1.3267854443305498,1.1802156595395774
0.48888302128055666,-0.9287800443559734,0.16360357482490592,-0.3959526154480134,-0.4359023504684985,-0.6353100566647701,-0.7728094095763292,-1.4277703003112332,-0.794289034125569,0.456031833632805,0.4796021184019665,0.9902161178833215,-0.9397844152843119,-1.7767515462255759,-1.3091276075608937
-1.582505256622209,-1.030105135140274,-0.20189721029508464,1.5125873632003128,-1.541132128517697,0.6015009451487192,-0.3176008094021592,-0.002958495603608579,0.7588677345975074,1.7575526275446582,-1.8596402235903744,2.103342632035942,0.5372184933957711,1.4142887606904322,0.4744008851662523
-1.3805390099367336,2.0166472882160877,-0.6039466920017513,-0.7778080114364443,1.1477140422296335,0.6713454867778116,0.5336541924559436,-2.019688275488029,-0.7837947992971719,1.128329650687331,-0.8277933670560965,-2.5760463014247317,-0.2542977980100786,0.356803114772854,-1.7733591039927967
2.003039764495606,0.9062302032521513,1.5401952414925724,-0.011036328148993716,-0.48464255852430327,-0.6413829729521667,-0.7190061849778732,1.6253026574364469,-0.7776198494685288,1.846865637998436,-0.7164105336983272,-0.5731740573103137,-1.463013882362665,1.2530161638419772,-1.0572258372881558
0.10855169963534246,0.10601799943672074,1.5005549930132651,-0.3702100910500416,0.3541937608610449,0.1418548674924184,0.5772322940404199,-1.2576660013785956,0.3342464618117179,-0.17459467413050714,-1.4475402059469125,0.7759501102230837,-0.5687164489818383,-0.7376455254879605,0.829049926840998
-0.7359592721187371,1.1377596392104077,-1.3820261859329366,0.09814118942063657,0.7123013550025256,-0.8909610375901797,-1.517878771661822,-1.1373099060086684,0.13672231741543378,-0.13165783381546337,1.1910465260065068,0.21083296681848807,0.8645310872456605,0.7943671911418237,-1.3857141029635547
0.45173073620259074,2.2435495537125334,2.0714059933741638,-0.25364306691107014,-0.5126293192710504,-0.3041788170705501,0.3277558051498766,-0.6962234840218232,-2.4338350759275764,-0.7994854556908071,-0.578377771916803,0.4493903221740476,0.6205294896663894,-0.6013086296743455,0.5587708359028476
-0.9549399774060366,-0.106318820204659,-2.1421983109726086,0.6533485448931124,-0.8095740360105579,0.9328098079353991,-0.6076516015458825,-0.7013121812723304,0.3299596933987396,0.5245754051942076,1.1653196862145996,0.1939471865244618,-0.3809006638802246,0.8331284214617274,-1.1050608043682788
-1.7607656774990428,-1.0204048656073554,-0.18788505121564364,2.7965507050214327,-0.5384125937366769,1.8063571077917815,-0.854825360257904,-1.2398713724898516,-1.1393833455356661,-0.5859258625064608,-0.6772012569974543,-2.37377347582186,-1.6908845393360747,-2.2125075634374967,-0.7196721657626762
-0.7151673829668003,0.2773080729750636,-0.8730659397709295,-0.41068709271301035,2.146673480880022,1.649246530590525,0.9857651483531685,0.15297276262830134,-1.3104497168083644,0.4923518833410455,0.6293218947287869,-2.0616170259822946,-2.054466737626767,0.3934649539321422,-0.002770299507089974
-1.113827493819831,-0.6165496251501997,-0.9436105210922843,0.5518882878274894,-0.21115271947718145,-0.6442895816738625,0.05282650749723648,0.018209340727904512,-0.17575256808547113,1.3643186223206094,0.9689655387951989,0.2979737034056732,1.0310078899972468,-0.7793146786836691,-0.0441170690463423
1.0535688608408715,1.8033528717151648,0.6099493147250105,1.40810565119068,1.2569931792643094,-0.6003336751606922,-0.6326238442549685,1.1400530501516029,-0.79001464070063,0.4677754922614182,-0.40874653246902487,-1.2005952754226448,-0.2918682394255298,2.3101940625690394,-0.8101634426253255
0.9937702600308189,-1.3083137205555835,0.5913031188770944,-1.2278021157475918,0.8527293788176006,0.43159471274291994,0.04770230979802364,-1.6708328752581816,0.6957281540615132,-0.6905146865461111,0.556528273913517,-0.40776433425881553,-1.7679190149687902,1.215268157126825,-0.5699100132262012
-0.005108204351393075,-3.424400605810642,0.9087769405895141,0.10891077317341603,1.1084354313067621,-0.5597732077944597,0.6260277239222853,-0.25380971541295183,-0.3620460134977805,1.1475580801612215,-0.35228848421366665,0.9337180733514655,-0.9276768729189542,0.08839059660855454,1.3948535638506132
-0.8051979838250328,-0.09894703114155723,2.3280848638659344,0.059925468582087804,1.9636825747971307,-0.14000427964764858,-0.1657078164601545,1.5731918674618064,-1.1030531299867288,0.6231941499512642,-1.390764557887501,2.591556006021648,1.0965211120702991,-1.3807707318770646,0.5075562643325989
-0.5848084170537987,-0.09665433128834558,0.3958041884747156,-1.4189276850914418,-0.46747193728173914,0.7652292077532323,0.8122494383121907,0.09861039827785084,-0.4596325330736404,-0.5045335320936555,-2.93560951828853,0.23415992623962573,0.08045641944897891,0.21021526904192503,-2.296296880338477
-1.507961953644855,-1.6625688764137296,1.9984838395204418,-0.4735839845222986,-0.33593835264301286,-0.0525951949300787,-0.03839547171216636,-0.21628488250536745,0.37191939999020374,-0.014251855249638309,0.16322741841102759,-1.038424561389452,-0.2965356788636531,0.5501558221455825,-0.547794414857049
0.42859736068705967,-0.5318760215383687,1.20413503745863,1.0386493561803738,0.25488086512352887,-0.21133742905660255,0.01284638612365618,-1.1081582596016546,-1.619006884164456,0.6190800839588321,-0.09451177693997893,0.39465015012436794,0.6515155705365965,0.304678712673803,-0.9481639538893302
0.18110328383749935,-1.093186581797518,0.6620493998750181,1.3386384220515726,0.8986672527050411,-1.0951832300788997,0.05944289240008265,0.370099112551033,0.9037420912116851,0.5066114390652344,1.2785875846703731,0.12944624089440462,-1.7983981645267526,-0.23921778687364484,0.938139148077175
1.2880981023041482,1.2018057128598447,-0.18999191350740355,0.18946861612193208,0.43620807391981886,0.6884553922246575,0.5325698931752528,0.9233389125344118,-0.5265940311600275,-0.037163686910029047,0.9339926062492022,-1.0262246485269984,-0.6727996158791557,1.5676596368637963,0.8617199795023399
-1.1773578571146723,-0.6994507522046256,1.6005237103219028,-1.4951156843156597,0.25457779806196806,-1.8744690663483063,0.4654965443118487,-0.11860165144704285,-0.1913536180077862,0.5348900916368641,-0.10621948739162551,0.056431062781216845,0.41995061403715417,1.059604661798226,-0.09386526843300895
0.2300138867086912,-1.7812936202364416,0.7016153359886328,1.2843174804297257,0.7387757382179531,0.05351597620120167,0.41791316132291173,-1.072299652656478,-0.10555956579500671,-0.34764877742223016,-1.0628363632269895,-0.49117115853226856,1.4597189406713609,0.4565166019678733,-0.025574786163198138
1.0277797068749215,0.02126051712295642,0.4121582810186193,-0.04940866148386358,0.43416092060989836,0.8086166075345237,-0.7669225381496149,0.5875202595180533,0.42324275608771306,-1.2701214185679865,-2.1286054399519436,-0.05479743170923806,0.24061134595155165,-0.7629278483781057,-0.5608453441847656
-0.7594250012349706,0.4319005536556306,0.4017659432275657,0.3491886928433073,-0.18402549896640058,-0.2887797921303994,-0.8303694848597929,0.9800259264230478,0.7195529085066469,0.49614053304638134,1.1539869201092485,0.7626457593038479,-1.3864604164025063,0.35702587400921587,-0.5621552754744723
0.6333622203474167,-1.789482221855335,-0.030210987100196412,-0.27344498353891106,-0.5934311306544681,-1.5262934209020318,1.0367420366862778,-0.14257980306035112,-0.3227673255796435,0.06487161598501291,0.021028780225249753,0.4764971702135417,-1.4627670281450875,-1.2239742162596094,0.3214845003941806
0.1648469620159654,1.502889625151714,-0.5752875350747545,-0.36398293893221095,0.35599057522302346,-0.02485296866301038,1.9427185846440782,1.0036901336831805,-0.7695008774553417,-2.271914997662926,0.48571784742639146,0.02970345123136189,0.14892619159303566,1.2151606248387719,-0.5991672839262889
0.06904692700493371,1.2425470166196206,-0.3332524889113973,-0.7749719481856823,0.09494390377197064,-0.6682203487437003,0.7282353362779288,-0.9081850876799779,-1.6800377619581546,0.06944329165408877,-1.0374723053130777,0.45758380840524415,0.1271693307429466,0.10342714035522486,-1.428426391117504
-1.5979122860795127,0.6484928261811446,-0.10824277529793566,-0.7155595743398877,-0.6295665408515568,0.07433758982469452,-0.6534888861683179,2.396106602266521,-0.08552558023280296,-0.5715928273166393,-2.4905986887617124,-0.5299571798480321,1.4051372503249395,0.5500438244730905,1.1865617768382122
1.0910850837876245,0.21088691283519792,-0.4619094794983009,-1.3316792031859552,1.1875910108169923,-0.18418069073236798,0.4028245469406848,0.515517375816921,1.0210830562594104,0.4052278535203574,1.7593811781407116,0.2154820960858905,-0.06724253410317357,-1.3422991254178416,0.2941363542842218
0.6235853167596712,0.16090758100475952,0.37768235446590037,0.4146917268031175,-0.11005097212597607,1.0273294714863253,-0.765706258579655,-2.0004867624197007,-1.6447179284877445,1.098866554979709,-1.5919127978270662,1.5933419775915638,0.1490627649556659,2.078965437011515,0.6364363148219312
1.7717386989309831,0.18475214951848593,0.9271504939003067,0.12762414885692933,0.39533999613990845,0.15017521768612782,0.36439106329480137,-0.6810455137877134,-1.8263397300429989,-0.7472498630507497,-0.4246228810157685,2.121428223105648,-0.319565178135178,0.9429767482991342,-0.0909412903375339
-0.1979900514929414,1.155045345464653,-0.6194565921070453,0.24136881543659627,-0.06269301100254071,-1.0852756572502937,-0.6429573066284212,-0.5040012582925761,-1.5368498841431921,0.7469022121071021,1.8457155345423681,-1.521869021876895,-0.19179556313327867,1.4305594376267516,0.24649872408295004
-0.200624950915948,-1.032604173641676,-0.15856942979836067,0.033542531648933664,-0.46283956619349126,1.5557175044631273,-0.40831803328405475,-0.7417711251396227,0.9616733662888608,0.43228511936394654,-0.8846570720719414,-0.49026086239110933,0.6069059012178472,-0.50757930385148,0.4450884562014915
0.038436306800698344,0.9940625224826259,-0.3299301264465968,-0.33901926042960623,0.41107812734853777,0.18468982583758736,-0.6953315633323353,0.15366301984073455,0.9346141180320775,-1.601323719479455,-1.292613662619524,0.574049581373853,-0.5140020724550751,-0.16510833453338317,-0.29543305440862067
1.8942059324153235,0.5067650245435098,0.3576001333032579,1.0361391594104568,-1.8195837794459166,0.15757792930318956,0.23820222074225136,0.9867334187500754,1.2481544231429738,-0.5055377385694635,-0.5262618352390476,-0.6070467354629204,0.5869791680438515,-1.7842093293856087,1.426615832206944
0.25442763314315775,-0.5644317641082437,0.2707962158184591,-0.5433531327336538,-0.9737671042055596,1.106665476975839,-0.9304893365748182,0.17882848229228748,-1.3400199532931725,0.4018471574950099,0.5796748403772348,-2.277772270057371,-1.110935502413524,-0.3851270646178497,1.375208585067306
-0.48487570096206073,-1.8113522129861475,0.4836191423356476,-0.029014430956842228,-0.9303911080059378,1.0861837626681874,-2.2398505436990757,-0.49683203264622994,-0.8549361935449159,1.3245437558384603,0.3060906537130873,0.05257369801430457,-0.7479895629016872,-0.9752782875181452,-0.5460407095249239
1.4005999187185199,-1.7884226997811292,-1.2951325227549662,0.014324214933277983,0.31585100138322675,0.12665706816216366,0.14454420232695106,0.2632247234299285,1.893412450533774,-1.0161588291505568,1.2903032725464663,0.3742144322581835,0.7094536761558334,-1.121698424453736,0.6787116446024851
0.23213435055770884,0.831016959679194,-0.7203125227154354,0.14901552156329215,-0.031413641229231716,-0.31513126915055883,1.337736281099906,-1.6715596312674683,-0.4292822527492072,0.5636629302492782,-0.32385471202788646,-1.4929197401131875,-0.054017779068237064,0.4005573684159476,-0.24912804375322511
-0.7645196101068498,1.5522206361302386,-0.835807821153816,-0.2800968273202655,1.4104609066234715,0.3318800198821398,-0.5279754936674789,-0.410039078188601,0.6154233496205411,-0.039650757893919135,0.35589648065873697,0.7397936577362997,-0.5339710021504488,-0.936052599109615,-0.030255436334871173
-0.5756933871287417,0.6273898942177891,-0.07736702503366956,-0.7684829432671808,0.8066735856658858,-1.0944419083047783,0.44231348740353765,0.4203784783990726,1.3502955410340431,-1.0054905522309758,-1.4360294533097568,-0.2995726607836766,0.5104850209164707,1.3823257323518263,-3.174903286555567
