-0.3673927423733577,0.06440030552091196,1.1330220678456269
-0.32583329767492414,0.26074003267027396,0.048251358109111
0.8311613761961418,0.2431022109098861,-1.6622040493661867
-0.07697042676698441,0.1325977611874248,-2.062959250849586
-0.8182331506864621,1.6660409360022745,-1.4209187829966614
0.31703670723713834,1.4278100267420666,-0.3211173454958089
0.22286124233003643,1.1552737068498213,-1.3065821045492827
0.9484590966216457,-1.1719681103518094,0.10025513890569722
-0.026441599312583868,0.08149562326887036,0.6822645430614609
0.5217548428923252,0.8707983009712048,2.0595014166254986
2.314260166248475,0.22302190460226182,0.4151895867002539
0.16275895428028914,-0.20056760887473216,-0.8321544294504614
1.6090819209571883,0.539533374445711,-0.4771931147651344
0.09756801258808237,-0.37738628576847766,0.7376283032855309
0.29278325235080066,-0.5103622720757327,-0.3923663382438634
-0.20180946544081294,-0.021946374234942292,0.1848194853157565
-0.4587145144687238,-1.642673712685569,-0.5168252902176658
-0.578125895721634,-0.9991488241651159,-1.7502336744106404
0.43312826773249713,0.25512610431781996,-0.21778530150154976
-0.22138562108464235,1.7527110399083894,-1.4953263397353131
1.3436151144086004,-0.09462152842601122,-0.414794594440915
-0.48266481704493963,1.0068480952746857,1.495255791667447
-0.9737530133377745,-0.8565624828288132,0.1611618224988184
-0.42950380236011937,-0.3167754167748929,-1.4826535077696095
-1.439261244924332,2.152318317004097,0.6946784574979484
1.269497978575303,-0.8231747298809018,1.0949711840800314
-1.0695320522381826,-0.9141582320441888,-1.3446411998335015
-1.0794074337136528,-0.22869341386471398,0.6749531062352219
-0.8270359350075905,-1.2155828319062587,0.6163279183518668
-2.0939725579487223,1.5300946375431914,-0.714995372885174
0.6710638028564477,-0.6642952357534508,0.14890735472943878
0.6399409030779802,0.31042864120752517,-0.7335151256333936
-0.8593078930461141,0.7700148764787321,1.153690385143363
-0.3548092238613104,1.1534719693996351,-1.003535930655794
0.3550458972849026,-2.128448053497458,-0.8315291592287644
-0.3159863864113306,0.2945604422518535,-0.6940065325262198
-1.683328855885303,0.6530543832446568,-1.5252229137460096
-0.7802075369890381,1.2725589440755873,0.8988917698128814
-0.33708616849299156,-0.15807209949356713,1.54270444135575
-0.3181306449910125,0.09729625432437158,-0.9189704816188063
0.7824981059965679,2.8504271357321196,0.21450555799811327
-0.5099619976687509,-1.2476988916705056,-1.3086946418025311
0.6048953626984562,0.5447910068339423,2.0681749760925654
-0.25558978256067066,0.41481274730032175,-0.984066906547264
1.4292910105805405,1.1841556169742087,0.5832994780607271
1.4751346398069307,-0.782410238807371,-1.6670570144575565
-2.4003718690922273,-1.718787968842669,-0.8985881115059489
-0.46791513297782955,-1.1035024991541822,0.4278869365458248
-1.963395135084226,-0.31009694407417504,0.627320053410382
-2.832192769183326,-0.3737626323538809,0.425940764686947
0.6849477191112852,0.2583306231034224,-0.4064280709509385
1.2225433477790473,0.5640587470311526,-0.036842916262330355
1.3090168209952224,-0.475097470661265,1.771479252453614
1.5851466423441807,1.1374699220752253,0.4632152626506965
1.1491556415278645,-0.33771786783906066,-0.001717898560697291
-0.046303507265977685,-0.8052390622549086,1.1206230732757179
1.2848120788437083,0.7686004543921205,0.2932633582296297
1.7502380631909122,0.8605647084968278,0.24646772154233765
0.7541427400517416,0.4400503471738282,-1.4317763372449257
-1.8377787067053961,0.5832785526611755,0.16813307127833838
-0.26125233119357577,-2.183645938897685,-0.19661589555662412
-0.936252379039704,-1.4960828500239631,-0.08706681030963986
0.6491685029257492,0.13265499971561737,0.4479100579415058
-0.9932419000409886,1.6263517646499532,-1.1818218287704194
1.1708549077314658,0.6154432549511537,0.5757758624069875
-0.4659660408921363,-0.5304017536340266,-0.9250007836577413
1.0516792641420136,-0.2619992246186123,0.3439400571791321
-0.259033730559781,0.6608838991086328,0.41581594001715405
1.7826272626184787,0.4487323466548396,-0.76540503122507
-1.382126498050749,0.6207679523685367,-0.8786895522729118
-0.1807901229993101,-2.1885182250806365,0.6906825680877461
-0.3703104657024675,-0.3804155014776265,0.5681933655391914
-0.5418823131604361,1.0952438124091979,0.4658245590141889
-0.823810775568057,0.07423259874666009,-0.12272191677755924
-0.34801580129066634,-0.26668670388139715,0.31946532928736493
0.7520961672774436,-0.46179516422715583,0.8713608372182291
-0.6488844392379828,-1.1011582171965792,1.3040586977967192
-0.7408215666649703,1.1859607731309934,-1.283720930722283
-0.6011722286910005,0.4780674703835932,0.5230691053151139
-0.882719792087595,1.1008591199255473,0.8147392551948903
0.5314775130559334,-0.4237249775948812,0.3435347839704392
0.6362223396565282,-0.5173450928848486,1.371279243184618
0.11910577773554452,0.14004620903028592,-0.9443582904267782
-0.33898116130814704,0.26806935349292565,-0.4108487821246425
0.14180787500695646,1.4322799315496442,-0.9998027878021046
-1.9492651888895876,-0.10782276238167975,-0.4076484183235034
0.5367082753631482,-1.4487522399581996,-0.7307792491531405
1.2883379197391587,-1.367585402355193,-0.5980405416016382
1.0418484689350707,1.037889808563321,-1.8030409965476115
-0.6980500872895574,-0.0021362706877451174,-0.77918169959845
0.8887293364721564,0.4743561423308067,0.4013718402609542
0.35363156859248007,0.8259733025525171,-0.3164075241373542
0.14782567583259168,-1.5623351720417866,-2.228728617583685
0.6613665003867913,0.6657551399307131,0.7577841972474829
-1.187874253780868,-0.9631418784980059,1.264092626742258
-0.4296846494827702,-1.3956991819732596,-0.16718587598044743
-0.97792160320451,-0.4774945308118427,-2.133650081704569
0.2058355769694799,-0.8515091477914452,0.36799051060269417
0.1824348356195573,-0.6050963473753701,-1.0696796140207465
1.2388203500212485,-0.2941446666329851,-0.34995031252420983
1.4511547378076497,0.9442735643194274,-1.6673706555945471
0.9077963254444654,-0.7438989194145639,0.09652890761073886
-1.3419681666214476,0.4400669042254436,-0.6236357503938849
-1.1143363268088848,0.6603329270358712,-0.41182176220972067
-0.7652369925287917,0.24320179275872977,-1.0915547229429328
-1.142687827691183,-2.433010253747331,-0.5138117358527863
0.8666594459218929,0.8463193726776951,-0.5671622749347295
-1.0411101339195958,-1.4633288914390317,0.28236043226794993
-0.40165766483944604,2.2032026843877155,-0.5164678713191021
0.3173900103990272,-0.35323301125461276,2.185632107984137
1.127106628827738,-1.6684861879071944,0.41135261301796855
-0.2518165047760868,-0.05732221906456997,0.8174461468204215
-1.0650715149586518,0.2755765290613084,1.5776914847881354
0.9468815325322453,1.036541322391744,-0.02339884649582789
0.8861965266068371,0.5153815264325349,1.1545366737660139
-1.531161406465841,0.7007053389113358,0.00039876641500256877
0.7960223849843772,-0.30696283177402933,0.3588350789299259
1.2565152992784283,0.20317532694104923,-0.5373237141471799
0.10083065843048522,2.0031300037096575,-1.599319027052062
-0.6490516480824436,-0.5730071484932655,0.3957878753638577
0.21514471178940642,-0.7951302916577149,0.22255036785370694
-0.7454827471842238,-1.0509538459605243,-0.48301502511220246
-0.19583098733849627,-1.40125321511187,-0.3008507326387914
1.940301392289717,-0.3326339923460821,-0.9900186694743869
0.9668898230897304,1.1833927371775566,0.5405240960111087
-0.10948259550906221,-0.06181524032883724,0.35774719432316476
-1.9434809272400528,0.6981437136412595,0.45480737713154473
-0.16159063781992772,-0.1296015314986147,-1.0006387606046478
1.3731077041955981,-1.0043899905526434,-0.7617012353054777
0.4896497559569844,0.02687629237370861,1.9089393923840974
0.6488957613538425,-0.6177169088591965,0.0978190563822804
-0.6262872922479391,-0.10506115337409831,1.2810919147016508
-0.7471280224640613,-0.5611572479229031,0.8914346874157096
-0.5340323128380583,0.12229001323085618,0.01691254290270406
-1.0056817662334132,0.8155735765701988,-1.7011854187471087
1.0627545147620892,1.1037851835071164,0.8089693728447725
-0.2211174859768099,-0.0043755291125731,0.7173758878224227
0.5812135114039727,1.8037132042669657,-0.15854957109327322
0.8725356903010173,-0.7974417546290435,-0.4909006189964135
-1.2830812807096776,0.5156460488142607,-1.8394035840097502
-0.0732505637837092,0.4385490579964185,0.46916143042450614
-0.6111301635986276,-0.7230849842448472,1.5042030688592316
-0.7869282313734698,0.7469801181726091,-0.5691641526047964
0.6896919370555329,1.0015623743206516,-1.100879997731045
1.0847113796066774,-1.7728461666850615,0.17508457096642246
-0.38364614630792804,0.0926985702759406,-0.36548764603815165
0.7090322305535913,0.1158033859306732,-0.13830797207362472
0.3415135854861429,0.7436147492582085,-0.04184659997221419
-0.471587242004903,0.14673615234948806,-1.0320823001865187
-2.1557254980600686,-0.09782591046030994,1.6500876082679183
-1.1979094227955833,-0.8426805382404622,0.9744852030469824
-0.7965393073721259,-1.0051828389205069,-0.1607372916383168
-1.6292911175776188,-1.5704709670174049,-0.5907949218733152
-0.4272499018904124,0.04428282339861251,-0.11424500753204939
0.46648303181337897,-0.06889654572538592,-1.1896604949339018
0.7331818410148598,-0.76425394514963,1.5011228298740316
-1.1547788474625693,-1.663046018610117,-1.0026233672461256
1.009703069550721,-0.4300343942998632,-0.649252797325606
-0.4548629238248033,-0.3366102596345868,-0.8109772399926042
0.592756771707864,0.015495940776580217,0.7551259460573149
-1.1242543164134706,1.0285118820255132,0.714743711496796
1.335481119566677,-0.3991516643028154,-0.6704776625843201
-0.49577411396360693,-0.14048872355990205,0.7567120004381165
0.6155111170312861,0.10544676029759842,-0.934757955482212
-0.7347838061122767,0.7927336059677601,0.3418155363144382
0.37179469728156506,0.36228961028385737,-1.2847304889671287
-0.5326965365451602,0.27579168966303874,0.0020804378719250713
-0.45728184736669375,1.0367005522105894,0.017550838624701366
0.5611162801452452,0.14993194118732142,-1.2593311072876296
-0.21025468933096683,-0.8122933170528153,-0.5683073849892202
1.182618403126545,-0.22824547328543518,0.8532963955463769
1.8279863663525726,-1.426793620008121,0.5598072438012316
-0.43673623566649655,-1.8813064324916162,0.11852254184801025
-0.4011811428534165,1.2562864772166782,0.08469777547776988
-1.15456635223421,0.6589127339448931,0.3349735361220837
0.45464043489906464,-0.23183781833952585,-0.046272160137553385
-0.19406678175178294,-0.16302166726267617,-0.5040819329963585
0.9144658991145042,0.0069468427264327325,0.2882163836611493
0.201785627169139,-0.21979448356156925,0.5628187596928728
1.9300958875947127,-0.1083977464507735,1.482291305827822
-0.08806749074733794,0.17356178784353857,-0.5198120182082067
0.8123956403064234,0.35179663367785285,0.36603489479704104
-0.2281970954284022,0.20959198683344032,-0.030137502718286767
0.3614704361740753,-0.6671779110269315,-0.4495346558539577
0.5994647732228103,1.2785417458733805,0.2133616881655052
0.34230419554877006,-0.351579350337293,1.7654248868673519
0.46478164243306613,-0.22777724007973296,-2.0579391534568625
1.0566442858537692,-0.30506050644557964,-1.2288216889774137
-1.4890493160648741,-1.1360636265616024,-0.2193982875652927
-0.19684647827356613,1.8045569696987331,0.1330247652385373
0.15386226834855762,-0.5622463717068855,0.42247722025722506
0.46282389602826396,1.4233304025923188,-0.8263542444334425
-0.7218152565486022,0.47982886432342003,-1.1152262051296797
-0.295126727367351,-1.3672048420098457,0.5689082094119762
-1.0757503233206096,0.3665600492553145,1.1181872358357237
0.9725074560273611,-1.0015779869926662,0.14800775151532083
0.36613447492089807,0.19382387446191604,-0.6803050522082491
-0.24832062609094382,-1.0347478064996178,-0.36942125126550523
1.1009253391556137,0.39048780224882373,1.4909590072689167
0.7590450980220776,0.14157617694393543,-0.7221682022553882
0.2574120897048217,-0.1046294855352622,0.8236806510382705
-0.7458264825880865,1.3843782523789752,0.3776824631991773
0.8442381606641209,0.7507076990054303,-0.581688155234165
0.16682249631802148,-0.6531813774072361,-0.3658538678116274
-0.15563232283442646,-0.27122886740696506,0.4473972177628194
-0.6807518874207366,-0.856751204691964,0.33791957258102145
0.4196470581791268,-0.9040031324349067,-0.6301081871037001
-0.8146609897126327,-0.8939753976273098,-0.45409186213720326
-0.16476622722603224,-0.850087934636762,-1.9895672014559043
0.06790918583586177,-0.581945143478497,0.34761701105606824
-0.2029991190742794,0.20690111991506754,0.28465838585169645
-0.3064445866093392,-1.8070444028479264,-0.4785802397434089
-0.9073052327850372,-0.28868523216559056,1.2174834877084566
1.8440161087930567,0.9873264023427392,-0.47068369832082435
0.13316923869873118,-1.609993695513316,0.23328858908002884
1.3827607488990874,-0.5333799801608736,-1.000799117122246
-0.3741078254802789,-1.351165135980451,-0.0938842713310473
-0.12471612443973533,0.486774906586515,0.35935290919914703
-1.1972168381362824,0.3971083842866886,2.3986969651743304
-0.532411691583965,0.04469411671433871,0.2608093712486056
2.1454647398456586,-1.203134244118638,-0.21259337602723807
-1.796065438763075,-0.16256596521475114,0.880829190857786
-1.5101642909366533,-1.7606303170827746,0.8756887455417283
-0.6944460639281723,1.4009739014133973,-0.07040733412099155
-0.10300792247071505,-0.13710435140066887,0.44664980388713116
-0.03572513030278532,-0.5855729935691385,-1.0010131056958134
0.26401381591503836,-1.3818273623681416,-0.0037722080991053624
1.5392049673740682,0.908450817517823,0.18718789170691705
0.017766620460325976,0.5707217803422892,-0.21568431534514612
1.5565885023597112,-1.273495604535878,1.1106124867990617
0.6956919848118914,1.7370054409157811,0.30803885085609195
0.5749863312823812,1.108086553131284,-0.50253463593907
0.6655936322173412,-2.935567267254015,0.817766200139243
0.4605216779202964,-0.3076367344540788,-1.1019135535606999
0.47700705319724057,0.7843564816124977,1.0055191024913321
1.6427980051578719,2.5589903809962413,-0.5825459383817292
0.9554512299519127,1.2674487765442641,-1.1183238672158424
0.3988024206288037,-0.5780453607236858,-1.6416821661281982
0.5213218998531559,-1.8940637968237375,-2.256182715970887
1.6354877344866838,0.6779290280385848,-0.5321325023683842
1.016617569678477,-0.6650430048894589,1.4816823776474515
0.3357329317994592,-1.4966716620314433,-0.3471405752409122
0.15605547432735634,-3.6877042312491226,0.2829546722031055
-0.8486201837221777,-1.4950861539993625,2.160002655904947
-0.40834694374648844,-1.5339293860979222,0.6649851248700465
0.3598862510871885,0.031108992241987442,0.3585209031033165
1.758591389028433,-1.2180256911501781,0.1401290244826831
-0.38926661525489925,0.1958570773135468,0.048206540402294315
-0.07040957322558312,-1.810427923469552,-0.9362403326046596
-0.12415032637711267,0.7169028562153106,-0.768447552410599
0.03075861136136609,0.635270695393153,0.00036656773650174256
-0.3350570427765484,0.7367423738127139,1.6673794507333572
-1.9944218073480628,0.13341795715327523,-0.8593303215451763
-0.7815738699469367,-0.6024368067951651,0.2424376851356384
0.36226418811125244,0.4102241437467862,-0.2820810441756019
-0.9625681943481975,-1.5437669229053512,-0.41356346026605295
0.4308323879605778,0.5095260458667366,0.9901992576524828
-1.4841376703125597,0.19755678019104303,-0.6380763299221702
-1.8470812308429183,-1.1714678936701788,0.13311298404649635
0.15624737637603733,1.2941905599072736,0.07968366577254336
1.2695503094685012,1.4318595867252462,2.1425500705564007
-0.9277795216502256,-0.33343849485846044,0.3114012702198591
1.4561940424690112,-1.147689118573472,1.6133077580160928
-0.812908516027885,0.2792997244795255,1.5072368426350338
-1.4068318688768002,-2.089841903262765,1.6054596646423613
-0.2859696342270104,0.6001976414062206,0.8493731629799578
-0.5953663864687118,0.0445670335282258,-0.4579453883998034
0.15986160843798566,-1.6980247110235989,-0.3953588903291736
-0.9027145549408434,3.6897132081210717,0.8311745413132134
-0.7820606337159248,0.6130565038379844,0.20539801189649792
0.17244552307007857,0.8852569925212246,1.1279829857222523
-0.9645475279803849,-1.1743012256917549,-0.48281402865196804
-1.068743963323388,-0.7585675326765186,-0.9476017398381278
-0.4146862355333118,-1.2380816408428572,0.23688280342223592
0.3034525334723747,3.0657199853688115,0.5156085098899316
-0.2853436175595374,2.0996909583823946,0.15825887021036183
1.185574287393584,0.49441673100060896,2.1882041819077998
-0.016240824300665955,2.045789138295053,-2.1743357838550685
1.0581173743043084,-1.5012568012493304,-0.1507854571919283
0.3797954807238797,-2.050982368587964,-0.00127543964669156
-0.6841823342174105,0.304506943559092,0.08471336342284522
-1.29170060812068,0.936578987551329,0.9582178275646099
-0.48242882854205243,1.2976085791667282,0.19646419413163127
0.3050954568030065,-1.1700789626706751,-1.0648736382544044
1.4142735583585049,-0.7269227829643251,0.8552752222454377
0.7196550255320336,-0.2839181414849465,0.0028126588193989966
0.2159327900798926,-1.3212023743969745,0.30559015349249985
-0.3619396485585381,-1.7641065627541797,0.4904115291588537
0.5700342534127953,0.7575218994393187,-0.5603569620523211
-0.03652477399817701,1.6820877506775935,0.9517056359243784
2.434172754779549,-0.7924124139922942,-0.03670498470832328
0.35852860316939394,-1.8853650683192005,0.11042222324466468
-0.35529942670216663,-0.8352309572184221,-0.873239878958808
0.3748441230027659,0.5166916816809223,1.1030696450518538
-2.143857761431899,0.8743870744679626,-0.09239844864835581
-0.3355407517525186,0.003653711006397738,-0.49697165050935155
-0.16321366511709828,-0.7112918158008419,0.8645714403208087
-0.9454419381042011,-0.7788145043396388,-0.929036518226123
-0.22575311851309718,-0.6223204930584469,0.7917421179606053
-0.954135794348661,-0.14317187416759414,-1.9390850679231662
0.17061282096062075,-0.5062468269430114,-0.46757974302439625
-0.45931339469535404,1.925151522412982,0.248072311374798
0.9148534416076053,-1.544548653805617,0.37777566805044643
0.8958920929864499,-0.5515752456960235,0.3278724917567753
0.11023643680081537,-0.8448640517411959,0.9186349924740344
-0.666429666102331,0.3101585329341884,-1.253067592175896
1.8991055519359992,-0.1590796057125321,-0.9764385739990489
0.5673046134759857,0.3190890031257155,-0.27528260032434004
0.5516187050484475,0.07351681125751464,-2.081543692486349
-1.3410661671202373,-0.981868679052051,-1.00507669449887
0.09112927246227057,0.418771787145491,0.33711241107418755
0.657663345358079,0.024144466045478614,-1.2683065527642718
0.21092065091281142,-0.6683863532553066,0.8189028183043533
-2.3802639690728205,0.6180293189575854,-0.024458889056040864
-2.2381850922731643,-0.8959655567772485,-0.4512018590238618
0.9608918422853614,-2.2529222595837175,-0.8772735687505384
0.1232610508631332,0.161930539352182,0.4836602184274131
-1.6297251666809216,1.2777415475111127,0.6605886030439416
-0.5493271561537514,1.5608641905835785,-2.2967309362374952
1.0193237277222946,0.18036919165795165,0.6357391400304333
-1.0972310899944877,1.0611142661016622,-0.41261880199347994
-0.9332018098705357,0.6640280571401999,0.8580146747691664
0.7080791198978078,0.6481600372421383,1.2276940009204678
-0.20491665221774627,0.8047564194563207,-0.8388816788736234
0.13899761438939767,-1.2890408887460496,0.24318175785885116
0.5118096078254151,-2.07256780728232,-1.26878544515944
1.377151143729299,0.5309294611588846,-2.484019210815133
-0.9985893508481964,-0.26542675695787155,0.43292663989442565
0.48662869481511845,-0.4868341068465881,0.7080825540170985
-0.8977163794027557,-0.1446558764969239,1.1321552878153094
-2.0368207649743795,-1.4149477873708842,1.21455479415229
1.1587335280624902,2.682034837437416,0.45364618324879685
-0.7990189894765917,-1.7475453917383557,0.7064281326691011
1.0039288965361604,1.5757853416178924,2.206758734354654
0.6383349439301308,0.4436775366500397,3.2116166544991698
1.6822664473810929,-0.9557031095955689,-1.1761204229808622
-0.7477254168423788,-0.7248510633558962,0.9234457264390568
-0.5726530746706786,0.41225242800593326,0.27751390162295775
-0.5980980610855052,1.2502187161309646,0.6827353417951257
0.48291518785277127,0.05491298494073099,-0.1814373751223493
0.5442801167091601,2.393881647824564,0.3086141409420472
-1.1583405548680898,0.6169119876530859,-0.04825205726494159
-1.5841022544421557,3.2906122562228894,0.3716737497125703
0.1273405683713692,0.6820191534458673,0.03543142374395481
0.030181509605734035,0.7385846811197228,0.13162191493021522
-1.3299057006562212,-2.0567812484284995,-0.4771466400407275
0.03158756313771236,-0.09267337253715371,0.2677879974379615
-0.2431858335790739,-1.2129107396653307,-0.036604164209278985
1.1314649977514302,-0.7242441063155403,0.6041714265084166
0.8832847277527608,0.0512622502534912,1.5854364194849915
0.1624698476068812,1.8122167728214544,-0.8966160071377357
-1.841152261777672,0.6919691219147608,0.7838844308041467
0.7120549501293122,1.3191223566015342,-0.16761102693559532
-0.42849982022533367,-0.6666912866344931,0.25007660205481264
0.4710757366188534,-0.5127093691196275,-0.4909384119114652
2.020789930967138,0.7471938564653914,-0.8325967507341887
0.8547924338323734,1.7231756480795972,-0.6648568926148635
-1.9752175456814474,-0.0008704466975793954,-0.38541534946457373
-0.44809738015504563,0.09516475518771134,1.4521601616343287
0.9224812328213349,-0.8474020683627258,-0.29602962999294813
1.0918077131362147,-0.7787757123736407,-0.21067685857368681
-1.7483247536184188,0.1359202596273884,0.16108586533818134
-0.33848585470286197,-0.10757092660848516,-0.7311575485216306
0.10197671227654856,-1.1568680911265374,-0.3651781398244639
1.0197142396047547,-0.37809794281675607,0.20842865269233385
0.9853273045984887,-1.1926600830801584,1.4144157466834488
1.5527641484953514,0.11278079909911075,-1.6637497816767197
-0.6810977459607843,0.38139414493025703,0.53417886523272
0.907601817089228,1.0023518973826773,0.9468982750842355
-1.1662442712278531,-1.1466458136019326,-1.173135567165963
-0.7844641696858934,-0.4739694566280896,0.7118588145448835
0.3626820923558948,0.1955142906323119,-0.5183439057982725
-1.482335761374313,-1.1111719155381001,0.05225514378477425
0.10127110041920924,-1.2591261884062979,-0.777929686672677
-0.516528868847407,-1.0310096794382895,-0.267841497665529
-0.5651780887879899,-0.03761911517079792,-1.1377524537083983
-0.8778518981619712,1.498571243301673,0.4646533665316532
-0.10195163781915349,0.30125803587122735,-0.9668926409660817
0.8135150633918867,-0.1930587045731354,1.3234347863623217
0.42610648168455617,0.654592167841748,-1.029870671514526
-0.4595772445575922,-0.3174774505191655,0.2503445026844731
0.09853640271687117,0.5941881599746562,-1.6448263152930438
0.7426789779138254,-0.4426961005930639,1.5471610397710525
0.022209139567002396,-0.9511780822229395,-0.557509350640406
-1.038408709002301,-1.2143173963434146,0.05086927803547033
1.104317799115743,-0.9154252327522258,-1.1754349907416146
-0.5682425811498536,-0.7074752441002051,-0.12431292485826931
1.3432504770167886,1.3025255127995323,-0.11073890574288046
0.2895618029126665,2.1123255343073333,-0.2844121215287875
1.587455052102148,-0.6736084023586328,0.09248296824634697
0.5205272972399508,0.465683506840398,-0.11642395642284219
-0.013921163815338559,0.2011774372864063,-0.048386016982754465
1.2017868994018746,-1.3373726772734627,-0.25132330001596764
-0.09381083295025786,0.5127385486675488,0.7915764501424326
0.7727167000387247,-1.5196331959646097,1.6075565510833685
0.1586326037264828,1.965224010728509,-1.2216425225231744
0.7768594508022206,-0.5361803384128747,-2.3803661717157953
0.2801438615915142,2.269645497178842,2.603995386751468
-1.2548834984685011,-0.6331167751720315,-1.3153118210238033
-0.017938827990908856,-0.697501882630319,-1.0891123374730978
