1.0918801153426292,0.33305616379184433,0.33184685532588604,1.5378720110970097,2.019185229858145
-0.769599373120212,0.1242305559776049,0.6789098904680708,-1.5443968278998934,0.49018621052509054
2.3560346175428903,-0.15661005595409525,0.9108642111727728,0.44170296333506986,0.5639817673985077
-1.6857423978023693,-0.12543308280455157,0.1255870180658638,0.7129602337850072,0.23669738805880322
-1.1196091400740769,-0.17376378274397017,1.5870653207415284,0.6728391961225414,-0.502600010047823
0.7496215136308888,0.3903426634250636,-0.35905465744775766,0.6859486812950801,-0.005500080356136171
-0.35840608608597857,0.3493000262697222,-0.05154391114516905,0.3605291246835997,1.262422918731125
-0.8092720724258595,-0.279959600810374,0.13368255558044448,0.22834070046507454,-1.6131744342968886
-0.6732862393489304,-1.6617822200593644,0.9418778310851498,0.5511617890412499,0.051654338776298186
-1.6670618593489421,0.7375866908321529,0.7356913672812734,-2.2182728416854176,0.7654575151216064
-1.016288995194763,1.843127262437552,-0.16979669098628497,-0.013815930752957168,-0.29484544893171083
-0.28553464365761044,-0.2848199108844684,-0.1551407230249057,-0.3013447464794205,-1.8751819062426491
0.20975124993340855,1.1895277710354508,-0.07878964387838039,1.0205291584814606,-0.6352542707969687
0.6589903961751347,-1.4476369156502198,0.6855478396111913,-0.2917834485741472,0.6185385710802671
2.115689263176254,-0.46239672168692,-0.8441871288406292,-1.1780931055328243,0.3310567755837645
0.5874478817725867,0.8333766701061774,0.8603188403489769,-0.5019283292387008,-1.6763694943099758
1.5580831345399935,-0.5831643102524783,-0.3946599270843018,1.131631266613137,-0.00857705325437518
-0.33095139964470316,0.6511173645541881,0.3739831608695897,-2.4265574668086796,-0.08072889120494081
-0.23499700803678447,-0.4350355345345356,-1.7216619946491643,1.952321973863952,1.6142200462113092
0.6529065520925367,-0.5688506203192903,-0.2629630488830789,2.167535863576163,-0.4843964806598679
-0.940057833537837,0.8377954249300087,1.0243277133134185,-0.4170425972381908,-0.43245091418594495
0.9101945746684967,0.7333087153989755,0.6559034862864678,-0.6764925517149466,-0.603223772844153
0.15877764926521165,0.6679581203854846,0.5725660637491728,-1.6837886730761376,1.2114131664795984
-1.321095928137079,-0.4742315151237136,0.2500854963576578,-0.45304149028847346,-0.8917992033716537
-1.134128444307971,0.13090192329298736,0.9424533598417016,-1.4723417125230274,0.31475313006242933
1.584909499238155,-0.8188860442005649,-0.8764392074028338,-0.1601300452107903,1.003346610774669
-0.8121932050732911,0.5358537860548972,-0.10120718675701877,0.03200034645623407,-0.03800988236042802
-0.5130357769264456,-0.8956199274929794,1.112175029516698,-0.47372101107268133,0.36463137399181006
1.4916924800176117,-0.2607178092435644,0.963034239070185,-0.8073657703959973,-0.0760357018882528
0.5032218732047902,1.1218464379925261,1.9169758843717928,-1.6878138070372115,-1.3715033317849983
0.24635356730434682,1.4421618406056782,0.022647806893033567,0.4867900110724767,0.1929836143120974
0.4335339225788283,0.24033027990710026,0.568086698364699,0.9454690118474407,1.3063541785412314
-1.6029752262786854,-0.8527329259461108,0.5376794050604629,0.8115927241293804,-1.443423537286667
1.3645920658206916,0.1687952176894059,-1.833279476652716,-0.19157609024007344,-1.1919781838368362
1.1283658856374952,-0.23877182822873486,-2.2408529552058987,0.6775739833889887,-0.029891805124301885
0.48690197668856783,0.6068564147342691,1.7196992699797333,1.1009514902376283,0.053172639020969414
0.5538944531178638,0.41227196503576313,-1.837193545201925,-0.7607646290312187,0.47926995471268097
1.3773163475139578,0.5675487571237818,-1.4687695121814053,1.1883289129990078,-1.3822024971909668
-0.7953742431565985,-0.8801286033000417,0.3174809884170944,1.514887497518259,0.8045318525337738
0.5544473395735969,0.6950683705444606,0.23494342088754752,1.5947626461800077,0.38370288348842263
0.44268805749582196,-0.7394777697431892,-1.3558345281096071,-0.7225130151364916,0.18987360985325258
-1.8674888705176693,-0.5980345616147643,-0.25630460930258525,0.9791707954938067,0.8637330985656652
-1.8363245052436403,0.6253032576264064,0.5023088309000631,-0.09527642856938111,1.6088775855609767
0.08975931563080101,0.4285397042605895,-0.9962575139522124,-0.2289495102741266,-0.38911095805754004
-0.9221044142666954,-1.0060809086598224,-0.2844137297593786,-0.256477084255878,-0.7423246171853234
-1.8341603797121064,-1.3341286342914258,-1.0514564764218437,0.1405596585822059,-0.6987911400895208
0.16551414086644112,0.1591081730061389,-1.9901174834097817,-0.47510247121511273,0.7298761797252101
0.21290659636173861,0.7960157840489402,0.493155146305036,-0.1912048599787317,1.6067670752680128
-0.0431805731597459,-0.024438056148209424,-0.056245380303896336,0.2621255219302213,-0.5050945689468744
0.0023434424844215934,0.9461608650629529,0.042632672585020286,-0.28363103894010716,0.426663016801484
0.22875207121147756,-0.21793230335530503,0.9040392830152096,-1.7264369653365714,0.4068808881056837
-0.43004156798243753,-0.9957257718665294,1.125680009060389,0.6748104689319256,-0.3028208261026062
-0.8502800554272941,-0.9072886534523344,0.5379037311304447,0.8673519751738302,0.13521080373770042
-1.3050257035106156,0.31306214411303973,-0.028733029682208488,0.3093555772706196,-0.12247879306560897
-1.014417602546666,0.48545919863678266,-0.05872318018546172,-1.352677888276408,0.5669396197178027
-0.6479495951543883,0.19209385090376505,0.5159507473280129,-1.0893600600538718,1.8680955833676591
0.5016680256971419,-0.0872002563704373,0.4215398276884259,-0.6890082290342957,-0.287878277192003
-1.9537374313779197,0.23712366983324168,0.34678168724375147,-0.306134481653282,-0.10559570100679816
1.3925724185943753,-0.891596684498016,-0.02815613335254273,1.2403620292761268,0.6174998841055849
0.5388347212383193,0.36011764928868106,-1.2299877801652066,1.700473336363817,-1.2754999687902753
-0.2897423752677452,1.0604407265458522,-0.3809867332174952,-0.5339771951706247,0.7951101423139935
0.36772579987666276,1.2273032373146702,0.09414210438917388,1.6040940036322833,-0.8584884593854238
-0.5523514545197338,0.014797667838541025,1.134462016571751,-0.2697276408013165,-0.15092826509977345
0.7277933051036722,-0.20997711529318605,0.6891946124786701,-1.3432425857433716,0.22345701361051937
-0.335628855735499,0.25532072319705873,0.9616018511764017,-1.1903391728018307,-0.4212193597030006
-0.1993229890070218,1.1337649454779541,-1.9603851442782112,-0.4862735597022415,-0.8403137969500315
0.1828617843307968,-0.3721370374261913,1.052056453417176,0.6073670361492456,0.6517842139031865
-2.1612167607289496,2.142229028104743,0.03417849546151234,1.0067802789123932,-0.8839472931322241
0.7819836115773813,-0.9580473676130044,1.3850487852055249,-1.0716920351947976,0.896496069159979
0.18224141270251384,1.3926644665515673,-2.0176276405971887,0.07857156657481933,0.23384867194691106
-0.12244443664706603,-0.31634288072259104,-0.748380566632179,-1.4883316688090171,-1.4608563533109922
0.9996793260888308,0.8060210783565076,-0.4828883951548254,-0.13832624737553376,0.6353065877139119
1.5675150356270764,0.9389932664516591,-1.2868932674794786,0.7381794850051334,0.25242644730970304
-0.9232080019163083,1.4026908926769028,-0.4506378913966829,2.109141147652459,0.10318108898230424
0.07332137567059138,-1.0220081161627985,0.20558603182276936,-0.7646075264043684,-1.3456171305497158
-1.329450649768059,-0.6249530850062311,0.4855289959169162,0.07513103078383056,0.6174053763557703
1.2014087993415554,0.6497027532116741,-2.3538623808685046,0.6722525328506103,0.5795005234105682
1.9560122688490367,0.21456686403675648,-1.2320102800229225,1.0477209198975532,-0.45381277118359076
0.4438264170584595,-1.0483701472622629,1.4665822973901295,-0.5801357724134274,-0.11342554626615747
-0.5989279037987161,-2.084173415484205,-0.18262565356562865,-0.3451350388398827,-0.9217536644278312
-1.0037199261096788,0.49034963890456,-1.2750111637819135,-0.6115292824105849,0.5457685668058426
1.7597745680184271,0.45848656503253055,-0.8736361050332547,1.7757208211562698,0.10710790167019685
0.057883591680438044,-0.6595801923928032,-0.4854946393185595,-1.5204629824383595,-0.328840025754264
0.13999626808590213,1.1238473207334176,-0.7431180079782744,-2.8205224370997866,-1.9170904791533896
1.9389875278274953,0.6813179158304684,-0.18123617045500204,0.34244744722243253,-0.4795962589029344
-0.6316408846013432,-0.4358819720509004,1.0262741556754087,0.7427480463489087,0.32961872114463714
0.2852726803708471,0.6293693970009842,0.2013235853308271,-0.26690761250917727,0.9246186080600874
0.4137092454337313,-0.46926923426503075,-0.22065156486743012,-0.5185634478154718,-0.3215832079883861
-0.3292290923263137,-0.7564724543975386,-0.15429574822957254,-0.1762347005051803,-0.6416246190887147
0.12806243377856522,-1.00034851361447,-0.07600835437558494,0.24095950461070714,0.5353913274757686
0.4498740360521339,0.22749202065546453,1.7284217889332523,-0.47710725852290736,-0.4409907953168755
1.4656772467870816,0.5263559450976243,-0.26656299735155997,0.4308586467385462,-0.15187741082627954
2.417526325621083,-0.5449997173136198,0.06042223419975914,-1.12278109578616,0.6823352691941317
-0.2834657885111557,-0.8861581906875828,-0.554595439071084,-0.5208085129775061,-2.0389784214684368
-0.3953209884568101,-0.8661103644306313,-0.5698946200572549,-0.2627902072980382,-1.878231211379358
2.403380409273837,1.6427019762573867,0.6055056156502966,-1.2285098902510416,-0.6459782980227344
-0.7473478781632834,-0.6098731151631278,-0.6544546318268046,-0.0017190831690849918,0.6814129598260109
1.6652164154245246,-0.30689391520284176,-1.1131645145699773,0.34380302272521174,-0.6094858898896346
1.49721967612898,-0.17524557778807548,-0.1933934780249261,-0.7287577673646385,-0.975803422712068
-0.3295384684428404,-1.8159873938259337,-0.08446866324996037,-2.33145024824024,1.0256893618024263
