-0.7443161448471308,0.8053999693085283,-0.914413845490694
-1.1493377288699267,-0.02846771144337693,0.3716149243440212
-0.8718003710859646,-1.8939882405970352,-1.4615405911232249
-0.8963055594353573,1.033113837306157,-1.2041632348484284
0.31867018160290506,0.25200548022833064,-0.2815510601645717
-0.13164411863378547,0.8619975383704873,0.5119528645092803
0.4718763693788825,-0.49388560560048844,-2.3762995950383856
-0.288157080038959,0.7197577919450027,-0.07941186645702561
-1.998110807704499,1.2965668335034688,1.1739269322414942
0.5932429662041176,1.5311449334282887,-1.751289554193255
0.1065714049239032,0.12345923256829033,1.0348510845601901
1.0921465244302289,1.4007806376183949,-0.3999176100098592
-0.7674898485688023,-1.1225491529205287,2.1751626171213245
0.131778352847672,0.4421105673316975,0.1691324485566652
0.23788601403848697,-0.7188986240526047,0.9232927469133302
-1.240013277858006,-0.6774294913715081,0.6231620420237302
1.8681804138915064,-1.6591867130262845,-0.1556481395040504
0.4793286762551598,-0.38500378467782076,1.3644399450632214
0.4814657283670466,0.12425919887636863,-0.10289182975209253
-1.744270978012722,-0.5336561448393564,1.3533406260010938
-0.23788609808913233,-0.10120152640136043,-0.420675770006736
1.1674323249123872,0.10510098595357675,0.31071044790851265
-0.8118725260483749,0.36879931618801454,1.7342968204322502
0.5761198754661607,-0.05860761229686591,-0.8850243023620683
1.2405837456449065,-0.30020866772582466,0.49996482078420573
1.2190569125889832,0.7546257214733055,1.2883920929981814
-0.9244556466812553,1.3018863748505707,0.47008964083397414
0.45726798719641376,-0.3294190949736573,2.404639716695135
1.6956541999484191,2.485283983288063,0.09358291350038912
-0.2718981394353393,-0.017905457448670656,-0.24045663905324013
-0.26440689505749043,0.39223786811055156,-0.1509979563090637
0.9330666145870287,-0.3345656541997147,-0.47092385436024375
2.5361413094129333,-0.9252700610918649,0.8204201693032231
-1.1682171919105129,-0.03987309814223601,1.305567387636701
-0.37886144550975365,-0.10225604564011044,0.11091684018073888
-1.5662314911826558,0.8700848503604814,-0.051602515678853864
-0.35437824617495256,-1.3250386631584243,1.2408573480213119
-0.3639437760068342,-1.3995824285890632,0.48442311242788383
-0.1430040936584845,-1.3941840273513901,0.7840196139039798
0.5784092974600579,-0.17950765275971506,2.1382125252277113
0.36317925832026804,-0.5269575451017117,-2.2825553796048594
0.30425396614143974,0.7014294142948567,0.8138867337164641
1.3952335697180698,-0.6203082302526128,0.4676058747074818
-0.38936904381987186,0.7927045467335987,0.4647710971002336
0.6458306023273764,0.17717292666200243,-2.0655544051652837
-1.6386279093490037,-0.17952903459210395,-0.13604023096119888
2.0285800733969843,0.9277398738144239,1.7518445244586305
0.1081907259224615,-0.862780060698258,-0.8011700219531804
0.4504867573675963,-0.5411780867749288,0.7180521516078691
0.5818785515416509,0.781421786941129,-0.5152754914545628
