0.32382986023648225,0.1728822602266781,0.03663479318900573,-0.9866390461438472,-0.48846239680970366
0.38379227277073724,0.34669334942349933,-0.26498319027851264,0.12583208278857397,1.1091169095508242
0.2869344481193258,0.9337649164422713,-1.5153299993874525,0.7356241280356461,1.153645077393358
0.27637744794629815,-0.03827346828466795,-0.25820281165227565,-0.4147608148728412,0.0976485133567149
-0.6165712507550181,0.07426386462287113,-0.381676598687114,1.698373508652509,0.20894540361982902
0.0751556198293923,0.5609210632875935,2.0088228703597224,-0.5661838763941996,1.2458892243204314
-1.10902055987889,-1.1545249255298264,0.5298747805363343,0.2656455542957186,-2.148534224548083
1.4001234429376956,0.9255354672536675,1.397629745291533,-0.6699595731076617,-1.6421587266117945
0.4629620956201497,0.0529132802455128,-0.3957955288606059,1.1323178695867073,-2.44559267774529
-2.122229739943529,-0.20942284021769217,-0.8926233554075439,0.13839473185711332,0.2956550976220467
-2.7814688040201836,-0.5458063240911494,-0.3471051160696909,-0.32619215897047293,-0.10305968797684974
0.4855003272273876,-1.5704624212779068,1.2829428821945223,-0.09003499756197281,1.1983852226980476
-0.4664139690856692,0.5989020729922684,-0.7701383453054252,1.471398518709549,0.20736470939161492
0.2098470903749383,0.8051501565474919,-1.2382622688399518,-1.64645676531381,0.49424404031429553
-0.009142662256297694,-0.19050701694181688,2.0863069458416947,-0.25054971357061007,-0.6768391773024703
2.080051249369631,-0.4687048478409245,-1.4081382611208286,-0.31798215787525613,-0.7441130732705856
-0.8035847739976426,0.4537254423578295,3.3851142399815233,-0.9645917587695145,0.6642715304459093
0.9122621676402374,0.06392603047272902,1.75080955238324,-0.03675156784163592,-0.23847583397166033
-0.2897171586763355,-0.7508265703454902,-0.5111620140473037,0.13611727978180033,1.0232009362353733
0.7438873020964453,-1.1204222433275293,0.5706717633223444,0.9318481033287915,0.9111252489696557
1.3919239932340524,0.49784063143456625,-1.9955856456688899,1.0220832862535363,1.5609442197915715
-0.9861766511232614,0.09194256037120563,-2.028895730612829,-0.2793709921484458,-0.5427787118257172
0.611679557864187,-0.9590013321773293,-0.5263664320912871,0.7244378546579204,1.0583696091084356
0.9740328064877266,0.11022211633312744,-0.6961726280993105,2.3149573296301784,-0.12521333004495297
-2.252405290604951,0.7015316384506729,0.593073570634058,-0.7821475396520841,0.15534382669606214
0.9865877168983308,-0.6743251889400392,1.0147406613168835,0.42240178327156397,-0.38358068607094425
-1.6388260387788633,-0.9803412119624493,-2.606040189648752,1.1353168531454514,-0.8676968732976323
0.21284233158783164,2.7853558499177122,-0.6290974044913943,0.4630198044966938,0.6039814215108884
1.6925617414814307,0.7814495264061337,0.5763134014863892,0.8096482398270757,-0.033137573839727964
2.0185048391480507,1.2643006391234242,0.8041996620261822,0.9924529577409292,0.40075106300930563
1.7705051490255233,0.36364538869790136,0.6333656326325456,-0.05423543751288319,0.9816726293750656
0.5727774168476324,-1.0812239417262304,-0.1173639600621656,0.015020432433412972,-1.023211957996187
0.26126798005004187,-0.36304683311665426,-0.9997439089007785,-0.1711862506996868,0.7051096084363644
0.5144057082121627,-0.6490146273445055,-1.4675766325163362,0.9692513918443797,-0.1861227816517998
0.38949482120217777,-1.368857244368781,-1.4807089035962249,-0.046032022014008314,-1.4845400890539417
0.26452303303450386,1.3494524194089883,0.4572681146656137,-0.580949006939256,-0.25067874866288054
2.05941728986143,-0.2630671972733058,0.3044637094160079,0.02513939449731858,-1.7929799688457733
-0.9063056102393005,0.14424490189141503,-0.13680506017377733,0.47044586708143304,1.778236754692623
1.5953963446551847,0.0299040220386194,-2.2719531004554403,1.4586288005584442,-0.3769802281334564
1.0186923141437532,-0.5290592423932309,0.1796133081003979,0.22400298651026743,1.0668612668682123
1.6190356855665144,-0.7050877329692306,0.4650973483831271,-1.136277410683041,-0.0003431880963270413
1.1867999279350456,0.5324960260015744,1.1756886846486114,-0.9141088307938355,0.5161123039881133
-1.0541849940091028,0.21958544568956243,0.5750340638705616,0.46835742599467756,0.5600500146648844
0.31223995563883383,0.1547556524464591,0.8410106251974013,-1.8758108229939467,1.3584347849397267
0.3599722951343341,-0.38647267912092265,0.43109941973123433,0.06922621330381859,0.19751388108664583
-0.14629360798808175,0.6787081700974161,-0.2659810585963589,0.576162414298054,-0.10270233396522103
-0.28989143611518603,-0.41237677374531106,-1.373913800452608,0.25038728633395974,-0.2674121203355988
0.36118872871910496,-0.2757672951621238,0.5064632364685823,-0.03979377313402131,-0.9036756736645838
0.6128545665849627,1.458899343554688,0.3484111317873565,1.0187557594871615,-0.5600980336868979
1.0496701699626423,0.056302983005675065,0.10306284200306877,1.1043896895873475,1.1751842042869796
