-1.316668188633033,-0.6253474067859777,1.667131112892446
1.54819295260173,-0.9618434828523125,-1.2538169286337122
1.4304871084374422,0.1771262777992226,0.7517623141454962
-0.30801819810397835,0.7274057587283975,-0.13096326059025418
-0.38615389986837256,-1.4230497086444844,-0.7419130273314337
-0.02551014696169851,-0.8702569813328781,1.335323394274674
-1.0332521389943246,-0.8599535166183977,-0.3250360498157276
-1.2342609935088467,-0.6647581613252286,1.1265219707237606
-0.8348309380528431,0.4805163948467263,-0.9205483917879546
0.5376648996484197,-0.38798499133740016,-2.03148581009196
0.25424382095746323,-0.8334631100615199,0.17044874498586698
-0.38099637290786925,1.0814730499807383,0.33181064589924186
-0.18540550448440044,0.2758759959058291,0.27522809556560235
-0.28430945612735053,-1.027182415995624,0.49741840307045
-0.8980665430288861,-1.0047517934045442,-0.062336351919717425
-0.3003547634732133,1.0132055464743381,0.9054983157612941
-0.9210128019766387,0.026074893644218798,-1.238036591022404
1.0725906467149657,0.3778657105993985,1.145284074527967
0.1491503540906771,-0.19533232469171996,-0.13809291436920454
-0.4317862390737261,1.7142185178051235,-0.7635499985418278
0.10787290237107526,-0.7169893099475125,-1.5399181997421496
0.40977204276427215,-0.6098323771332976,0.27284582236771643
-0.6709750681313101,0.22553750674259754,0.6694824309391056
0.08678860862045784,-0.49474025355819495,-0.191971368403503
0.8878450162831213,-0.18461357838373613,-0.6822949749168788
-0.2858176499197852,-0.07363639081009882,-1.1824235500742364
0.5068434540303165,1.263732439143316,0.6734448731466508
1.280840994296285,-0.40551941379575596,1.3357857589140927
0.287697468799107,0.2697752404485016,-0.11955263915860133
-0.7917769314591533,-0.6669627226406276,1.133594326965794
0.34958355316720663,0.5225778538209584,0.5955195029882043
0.5947166393421135,1.762916600970202,-0.02116020966227989
0.7885649451512348,1.8371526122821196,1.6587191626516524
0.6966312412338388,0.24513058719757586,0.017945098144113842
-0.8569228256512925,0.9576658331623173,-0.9761199321566495
0.20105205963154782,-0.2539860906443315,-0.8588158564901731
-0.5123996665426819,-1.9287663435181082,0.5385793361801906
0.6250573505243998,0.13881442960908255,0.4225435746298496
0.20325347851857012,0.05496412669178854,0.7260788638953911
-1.3857534390102955,-0.12359393076736082,0.07042371373418131
1.8094881821151132,1.0809823541545946,-1.7139701304880368
0.5291731182928113,-0.05908126981075838,0.1249350263516874
1.8114308935550876,1.2593746089072029,-0.42429151066307347
-0.02917944507752919,-0.47943008055969405,-0.22046011794633413
-0.5696378776154958,0.08788711904285519,0.7637793278473143
0.15391695420716797,1.2450501686898758,-0.523141352430536
0.4686436569189301,0.990261862338258,0.5253892060754534
0.7206564723185063,-0.08380610506417029,-0.8946595429520775
-0.283181755420452,1.2434714755826564,-1.7008575066867049
0.37187026613020197,-0.5230200612665988,-0.0804765031530545
-0.6767645796675548,0.8937951401424012,-0.5342693494118275
0.5760803507247872,0.5647538536292507,0.8993529562219905
-0.31474346627037736,-1.1013902660503578,-0.2675828585809259
-1.5028721864650754,2.025335941594523,0.18790972222220534
0.1856339262597905,-1.7166235724028995,-0.8217003048186394
-1.190291066006299,2.0169980248056625,0.28875224172325165
0.33338552652740167,0.5181433815442135,0.8825857088028892
1.043120967075381,-1.076384737570476,-0.5970458976988061
-1.8362204894309022,1.9540623204999719,-0.26474809315734416
-0.09124320025979991,0.44880180203149617,0.6147863916016897
-0.08528140016901219,-2.7055058052040732,-1.5904795120953152
1.3887689728265984,-0.107533428777347,0.9828508828257874
1.0765420689531626,0.8215848435503781,-0.5037386590970879
0.3191149255235848,0.8029622011780554,-0.4914097703841199
1.0069976670674874,1.8972494120186838,-1.8438185175485158
0.5462887608292125,0.096223293128148,0.3935062524536786
-0.06722972909987683,-0.13979393042227994,0.4223323221423806
-0.8456669246206631,-0.26328714221446514,-0.8438892946152475
0.741403919109919,1.5092967414710414,-0.9534911308182804
-0.9878746455282983,-0.36017259480489056,0.9568182680207924
0.1424856750343246,-1.1394229250579124,-1.6715820392535694
0.2836716026856642,0.5902226387556829,0.5056494837018032
-2.0184887976934625,-0.3192551047649893,0.3522807347876542
-0.783868971190031,-0.5131449266653875,0.09241110796553885
0.6101593175559646,1.2339194757085288,-0.9722407678807716
-0.17105809781819975,0.29880814496842995,-1.2914075192888492
-0.11007142714653075,-1.4933000769900915,2.32104618829219
0.2934027476939486,1.8140324405753316,-1.6666798644064416
0.677205125691361,0.7563607909849701,0.26365869161995426
1.2479618413000002,0.18240416798704837,-0.5850767816010948
0.33322086044262156,-0.7663547761570699,-1.0536458000991444
0.4033406020179283,1.191234672451183,-0.19216851010905692
-0.3148706723855145,1.707635945523625,0.08839727618928689
0.9268519059087809,-1.8849877773773918,0.5030559061422756
-0.4618376950820036,0.42556128421859424,0.31392907286353333
0.5376666482316214,1.6916545491352366,0.5446104999540681
-0.0940081653875364,-1.0185854819863365,0.6226000938852015
-1.1934672417987706,-1.2429301252378604,0.060234180859771176
-0.08651468559087923,0.6771864738285356,-0.49936173424859504
-0.027344843766055515,1.2596608517501293,0.6118348381452595
-0.5261567344613278,-1.284280194412687,0.6188255028068768
-1.3123850203039582,0.21128355656824585,0.21025264193426194
0.30817019325951356,-0.5756836304395689,0.2600389538662556
1.2452021987020716,-0.5350652843372916,0.2890304600992694
-0.32698016872359126,0.07749397321043686,1.4308809845917314
-1.6280125676849604,1.0972034155348291,-0.013526190870703477
-0.6505141933606782,-0.0033534155177309998,-0.8637528440272135
0.006446591410090849,-0.2708645762300407,1.2818534837381372
1.014635014271426,1.609343190971036,1.6070885315583354
-0.7507010229520918,0.1678180031709254,0.5255573061939371
