0.7073982694856198,1.136885796138171,-0.5478349833580761,-1.073076617253927,-0.27662865534152986,0.7515705326508436,-0.13130597754788856,-1.413328862989126,-0.38876671171874166,0.397504094373672,-0.14943366224354374
-0.4955443231039772,1.5933215250767176,2.2525469674605607,1.6371480509069056,0.19792109838714989,-0.5837104021370083,0.06220536046705985,1.0670515960856366,0.6761395166863733,1.4886513184673418,-0.33106649140922156
0.41598838276528155,0.3791627675047964,-1.4107342303441386,-0.18871603047335817,1.6513143430859893,1.2248359132370565,-0.14526063780638931,-0.14480694763053908,-0.769535666462695,0.566293705509776,-0.4004290721253125
0.7916412913719775,0.8749777262526626,1.6992645865573839,0.2861433576397855,-0.1702378211034093,-0.4510113964150521,1.9100475856030525,0.6719946956448815,-0.18979960629442263,-0.3245347185142223,0.9066246228518271
0.7652052145332506,-0.0831744199945284,0.528108202956897,0.15573927914991195,-0.2723510946620997,-0.8496514276705102,-0.9010517558078069,-0.40169077544249615,-1.9345050852196397,-0.6435556526626698,-0.12408965829811991
-0.9155443224155123,1.6555007802875432,0.1732211299885637,-1.5852469817917911,-0.37514550109399986,0.24347639706090168,1.2050062646930049,2.548119423903848,-1.990970365938381,0.24181045809777335,-0.5558046821194829
-1.5448455771303697,-0.985649189958433,-0.3786742094647033,1.120118411798988,-0.8473348719705425,-0.2445934470262305,2.1556492305775987,0.150277897890873,-1.664230978025425,-0.9545300130320739,-0.7705020660276963
0.14877667655721985,-1.465741499029355,0.8728473340997526,0.8991037751169589,0.6082244341778663,-0.31115109505422245,-0.39303172509373135,-0.8834289207958869,-0.462525714768936,0.2649367346163491,1.247526619795624
1.3538267070166392,0.4376345646405444,-0.27455571919364363,0.44845375236499574,0.4078558581167656,0.21064931778056706,-0.9522270292885048,-0.35655561962512916,1.9086775836760401,-1.373339739694506,-0.24446109658670953
-0.5195970969239235,0.3824417706387035,0.25762912910329944,-0.6565683243010467,0.02046319138847264,-0.5281322983924339,1.3021908012037022,0.7920589705542413,0.03652860047879285,-0.025919475048379357,-0.06326872869361153
-2.0329522057334772,-0.3340724035388745,-1.6519000677528572,-0.9588870606659701,-0.5871806087010162,-0.30880842090622906,-0.2670656605602653,1.310751214302445,-0.4622984294864967,-0.2974742796109029,1.3165525592355565
-2.300945323268771,0.24547060194527218,-0.3665571048962261,-0.24191890089014925,-0.04188628896124646,-0.27218093942794896,0.11446765355069217,-1.068897859551759,1.1438071961749552,1.037152211185093,-0.21196180016374025
-0.6935553693298999,-1.0266948779794913,0.9796333016310813,0.9979027433175982,-0.023306687878325863,-1.2082615437899449,-0.5434097054465297,-0.24077915106208275,1.4520263563936608,-0.7923538676741738,-1.1866853300783604
-0.10370908673730633,-1.552011257475583,0.07426513950236409,-1.0434167293713335,0.532429297339291,-0.5432477165557413,1.7914841645264892,-0.11601560898314074,-1.797894101578409,-0.9291217190666563,-0.20956486535471364
0.7050507160919288,0.31700398459301804,0.44685345601301535,0.498827687591734,-0.16491916553143615,0.17669249662175457,1.7917536512895722,-1.9229368350938558,0.6495313863939555,-1.5087189856398031,0.1501809311049507
1.3276932220078488,0.45627147566084947,-2.2902080254530053,1.058524812759337,1.1036598566946922,-0.7796142833287366,-1.0474793302241183,0.27660232074557234,0.8197679278694162,0.18805056507335383,-0.7835723868399603
-0.3706096059292764,0.8709280702790977,-0.35245487075858306,-0.06144440794626328,0.8751296246717747,-1.9585503365077908,-0.9443588580886952,-1.1051693609722986,0.5767915392240223,-0.3201541381533431,-1.9383418386475377
-0.17219411315932162,-0.8655321718209532,1.2330760869506807,0.21680845972836826,0.345178910513754,1.0070236777783317,-0.5805806873455569,-0.7118661988662921,0.37305647214974413,-0.8646573923289685,-1.6502445089745978
0.7196749603497868,-2.4858815467858317,-0.18958761418336761,-2.3851832723840265,-0.039076200211567394,0.4565330951721073,-0.9592178438299808,1.2522103314714643,-2.3421155358665633,-1.696065799854,-0.16813851404660243
-0.3947822699249994,-0.6265828406030209,0.000446142746860384,-2.05394344727234,-0.9333104141142585,-1.6490034576138861,0.8459087693706303,0.582218397584887,-0.11879958646172127,1.207302102267333,-0.4623365173220877
0.19955430207912916,0.10705330161265486,-0.8327103935549197,-1.6304484010675213,-0.08729199662545845,0.8200634085959478,0.6349589131947058,-0.7694151205738992,-0.025423858712245794,-0.32673462598685515,-1.87657663125268
-0.5980777680959521,-0.30822353991081836,0.2965167080371465,0.2744132887515715,-1.5030771615928853,0.8718003985873217,0.6878083681581761,-2.1248317918499513,1.357974657936349,-0.7320348775316194,1.3233824149658475
-0.5799029404862657,1.1891122461190615,-1.665514700645855,-1.0340514730617694,0.6197938723164559,2.319403336338915,-1.9982298204707316,-1.6224909064744488,0.32893991948147405,-0.2513348494007535,0.17022342278289332
0.4857124050842785,0.7426934988736295,-1.4326266196427813,0.5918502172483993,0.32940450324803877,-0.4581089093536697,1.2221519688621338,-0.3175459965486696,1.3179292815851908,0.09857464569517423,-0.739847593927973
-0.16286859968590753,-2.1403453915036414,-2.4340864223231233,-0.9138517629356109,-1.7724049379537605,0.7327149155829359,0.5201860482352374,0.17269707065867268,1.212074623739404,-0.34283730454688893,-0.240105530290326
1.9501980044922336,0.19225680219122934,-1.025819606557917,-1.064270367906897,0.8553141449051449,1.840574179945597,0.018585929483879455,0.42910043850965507,1.135045892413377,0.24071253245916158,0.15420489394838513
-1.3933403137928775,-1.2937011394450004,1.0599516374291933,0.8120281159130353,-1.5080673519326662,0.24673891945568158,-0.07787307117577612,1.0845030375653222,-1.190046122208425,-0.3737147446511917,-0.12974755662530427
-0.6205229238261163,-0.5242000268350545,1.3977489506796863,-0.8941396048150386,-1.0514921062051552,0.8508733136412139,-1.4610189687646318,-0.6097274513637204,-1.004965703033039,1.4325773570406728,-0.9545490946560704
-0.6370077897225846,-1.5222826673178114,-0.07787988347580299,1.6303660170542458,0.6708722136804486,-1.4970623969410903,-0.004526037495866273,0.1825363608584869,-0.2821438604448126,-0.7393385901929176,-0.303512147894599
0.745833895861026,1.076456372605464,-1.5061943763222414,1.1645260132536102,0.891721761942259,0.16352565124630095,0.8832374050030769,1.0938210754061368,-0.20694074234158855,1.4983584199706865,-0.3009938546638709
-1.0138778473409098,-2.2691619298468697,-0.5352326330873742,0.7125337621839689,-0.5077018617994823,0.018112491068285892,-0.5094508263656435,-2.347049540667308,0.18484450667143054,-1.077766426207196,0.6017801300039771
-0.03312628891694621,0.7124826536043481,0.3253058109336034,-2.343988729707429,-1.1567375894835128,0.02256558873029731,0.5114045183165641,-0.018862137500179097,0.3261217492630195,0.11804558262651325,-0.8442971554157279
-0.2817844627547152,0.0076152302281972785,0.5418395333035274,0.21361591964104526,0.061850449724040094,-1.011973134116604,0.869160339490936,-1.3945667833227142,-0.5335685997537993,-0.09554140616469393,-0.21035730800897792
0.5113309531599449,0.7537365602369455,0.273377475189967,0.5081339443425864,-0.761015034363779,0.6184207218802735,-1.7738161763701585,0.023622120526454918,0.18420739736343933,-1.051354905622135,-0.7023055781168043
0.04576643907712889,-1.2303364053639165,-1.170785890050995,1.52087077200538,0.060182075630404744,-0.14835064738144327,-0.9294502434763744,-0.08056817253295094,1.9119950607166882,1.377644065802048,-2.747530971865038
0.29669200814446295,-0.619521293519656,-1.0280359382429223,-1.3810320471083373,-2.1904561353235614,-0.7188020841736436,-1.9040204573546489,0.3227706867174059,1.4001674843297285,1.8100806235002769,1.1111714523053255
1.199487794733989,0.10563313280223265,-0.04982695959940047,-0.8235627340078318,-0.4516917732287615,-1.2621416444376088,-2.049223706201935,-1.479632041138593,0.9829999850446793,-1.8302037142903074,0.2015880314533611
-0.933968048898205,0.18827390079922995,-0.09479572320474879,0.636090648731333,-0.3900809359369329,1.3608669601464674,2.141236747373938,1.127386620198209,-0.9408598533194187,0.23817790776994993,-0.7472665560280725
0.7742636265395006,-0.599564536760022,-0.0944307592022317,-0.9639634887127401,0.9365240918373878,-0.3326715112640208,0.5175841300063314,-0.5541792206232823,-1.0846927116428968,0.6548078089290491,-1.3546467804471143
1.2912099941004989,-0.541984218392854,-0.01519462605601752,-0.636079792887985,-0.34348503213299864,-0.007132576897249141,-1.0299692599982124,-1.4697304555549,-0.7455120572136796,-0.11617646196569943,1.9323784082951416
1.7105235033239723,-0.9801418361620822,-0.5637021013275032,1.0625734676939897,-0.9205281555468439,-1.2248895001990006,1.3243618104553045,-1.278008489432773,0.6406804909932503,-0.3677865372682436,-0.342782739113514
2.535995324201882,0.6334011678385336,0.8383253432724965,-0.03463246199306133,0.07197661666740612,0.39426260596019763,-1.0637251986959002,-0.9305443918198704,-1.1014600674419068,-0.28531988572240435,0.9381911705798078
-0.7698310099097405,1.9091511857542245,-0.963574200265853,-0.12714066778957084,1.3326920305570926,-1.690319888776475,-0.6329678693735346,0.646324598340177,0.903302934089376,-0.6660961079908453,-0.5927759482111372
-0.011159227107483401,-0.2090502612687588,1.6409193011782792,0.8926369223943434,0.7015483470141053,-0.013117781004997523,0.8827811126081495,0.8560378134178145,0.5558099157074947,-0.42827424550024323,1.342673484847989
-0.33932877734267197,0.4178820796929952,1.4868054549593148,0.437090546837194,-0.2490693367615782,-0.06913914031087937,0.5538165776366581,-0.4480956573192339,0.7078870925003933,-0.3842938691054087,0.26995698810454544
-0.012952870401255848,-1.2082251463483826,-0.24316121158097917,-0.6542714646093334,-1.4691657145064192,0.7956340252094332,-0.11959404124009526,0.1565744174451431,-0.12199005883387415,-0.7846876635258413,0.6458912805463122
-1.4461906369143211,-0.6106259030303076,0.10118424755839234,0.12248571882784139,-0.9013071711703678,-0.28175610188906164,0.2721731262591994,-0.035096393014877415,0.8853139876206321,-1.9095851981866794,-0.621750060860136
0.9740993399995332,0.20167083395367894,1.70311582381914,-0.9406835618324358,-1.5166942991363401,-0.32285529852482686,0.7455023306633333,1.4280183714237946,-0.26508593896782057,0.39151016129279387,1.023648006889732
-0.036008526280502065,-0.3833658715061325,1.1336559577552767,0.461224003414045,0.14956880140434137,-0.14812562451665082,0.4240332272931054,0.3544002930259473,-0.0881160516282853,0.4909856455553851,1.3890677447988855
0.7759064036366252,-0.3950259124472941,0.05354910279741044,-0.5423445944276588,1.0772445487164644,2.5685158060464475,-0.21287021935769665,1.3863749653474973,1.6616650725822537,-0.3185247215062388,-1.4156996951142222
-0.8854682995998981,0.5750864477753341,1.7747325663742928,0.4001780077462466,0.9116430874533675,-0.28101450052453386,-0.5924337334352252,0.7889654841642757,1.2861384053860918,-1.0941217146819113,-1.3729680638251305
1.2454531447728503,-0.5104671442277857,1.4816656431679358,0.7811417529677448,0.7227633932173532,-0.7749106800326145,-0.570461343787097,0.4723611426436444,-1.5031405928977577,1.1119731951161576,1.2089509556814448
0.3125687008350324,-2.016804643940383,-0.9353267715219821,-0.9499767279086572,1.7181036369243425,1.1686237284337655,1.6248582438511763,-0.7679337649181571,-0.01366705365246033,-0.12875252242409327,-0.8385817408085002
-1.3102316721505047,0.4989281693044911,-1.3523690146052594,-0.5410324548500939,2.615116730747787,0.4618300471069039,-0.780194058366825,1.3443847869525447,0.9828269634454528,0.0947082971781712,-1.045071992698619
0.15579493100094377,-0.8152283250935498,-0.47089633171019735,-1.25389523600009,-0.5832409589754836,2.163544629115648,0.3502068944354949,-1.1987326666865437,1.3724031712255744,-0.2526775890585153,0.47066991789573576
-4.406312422837182e-06,-0.35058889109221814,0.6632954762018625,-1.5288526323451102,-1.0958973159095657,0.5883322231785879,1.5027056294160746,-0.3626108193879493,0.913380329369559,-0.36976589483546457,-1.9600562357697529
-0.3862604967842277,0.5004675845598732,0.6194632349655302,-1.9827945448882134,-0.2104903797712832,-0.11734718411557117,-0.2679316102118471,-0.14258604017782056,1.345958153191069,-1.6579355704359837,1.50625426740186
0.15095846352151476,1.6454045873568732,-0.0734137050938121,0.4364574598348049,0.7954137874113264,-0.9392601660879792,1.8148069250514431,0.7951502697302876,-0.49287514514146213,-0.5426245774869461,-0.9145215762419446
0.2389616821046919,0.7381813449177879,-0.09103734411765471,-1.108093922845197,0.5553329252080857,-1.2967755642386332,-0.08192072195412814,0.9640207584201075,-0.6957001981198074,-0.8383956897206033,-0.3294056721084358
0.5409468210382065,0.47110816016315904,-0.47623357437888214,-1.5098471360195485,0.7776629051374168,-0.11390779127043207,0.6539065460599156,-0.3823539084381628,0.12780495150403878,-1.1088726375567872,0.8055408693883153
-1.151163085425128,0.8462550010389117,0.5386795919159316,-1.0092689217997197,-0.6554562217278563,0.761360891473133,0.1119383883971629,0.784540951239997,0.536344777988797,-0.5878980724819798,2.159303404819236
-1.1441278226687923,0.5586833043304089,0.2325377725395716,1.4143350777463837,0.7789074730102068,-0.30213581273343315,0.1637486648166144,-0.11111106100801652,-2.049408227791544,0.48867356988499167,-0.3802000342732192
-0.35610574092513175,0.8897930442716484,0.2897560629117946,-0.27770535969746013,1.8884297873266127,-0.9066886408006423,-0.7772426434219313,-1.5757097960066877,-0.21267715716898253,0.3859107120108624,1.2660967136571852
-0.39093716614442653,-1.362773539455261,1.465843789563125,-0.5927643503209292,-0.9916938510222305,-1.537835782763476,-1.3204667433399035,0.46906115418544087,-1.7311302126706627,-0.042014025913054476,1.258797873723503
1.5869771741430332,2.525510815753746,-0.5949850470144027,-1.5385103246257745,1.88454391065501,-0.25935075674092356,2.1837030708477694,1.3124786447449934,0.0387307728465833,-0.8350956271672935,-0.37530787401286053
-0.41179262833644464,-1.878863391258785,-0.6155027287470087,1.0822474154505033,-0.2175997064778577,1.3362747880862986,0.8294840219817147,-1.0312378975535472,2.277375586451436,0.24688878408303291,-1.101109354756598
-0.34559596999463277,0.46454247272653204,-0.5668605649733921,1.423609773286393,1.7922907847184297,-0.596303927949208,-0.07875065804573858,-0.2273615187758213,-2.341011644563618,1.4816661513743905,-0.6335601238835785
-1.3409660701560562,-1.0330839970854542,-0.07487635323189115,-0.26950568571565753,0.9668571181385966,0.8143222286397023,-0.7838616344844203,-0.48234254567954266,2.5415015306653372,0.3935964470426216,0.7428063029807663
-1.2481905323006148,-1.9062454321141935,-0.568725567302757,-0.27020582370834395,0.28230867998907866,0.3246200779721077,0.4430414231891078,1.9755415976338582,-0.9775223083972322,0.05650843415511527,0.6215906275317499
-0.9754689214719476,0.7888397539591395,-1.5558320855940921,-1.7172840787329895,-0.47571932313786763,-0.911131391870273,-0.5277780131285764,-1.229064145507288,0.9161885096108454,0.6897044041355166,-0.7957725408172915
-1.782181948957129,0.6666370163068992,-1.0001002434683797,0.6234485414015621,2.544913249721615,0.11489926176176757,-0.41510196036692915,-0.9880194671198869,1.0407370256120774,1.0718262140839818,-0.6128946183088706
0.08182874451021609,1.2419861779305845,1.108093769644858,-0.8805317968137419,0.09145358845524641,0.15218573154958545,0.18237164449553928,-0.02668757274111877,0.650148918939818,-0.07404678668027416,-1.5118301437660329
0.017301710076140554,0.6295680458375847,-0.4234588280508873,-0.20935918813154006,0.023852076569515695,-0.5844619439423634,3.459076176564836,-1.9571994759612297,0.8703228677381478,0.46270203110092245,-0.7453384061428233
-0.33267410478846443,1.2259679977842475,-1.8574901081287505,0.2088745945772671,-0.14310403919951747,0.5810015548587797,-0.8239239299045081,1.279680844075677,1.4185372714117972,1.5706784465882166,-0.6460413578551489
0.11566829094792445,-1.0947054584097244,-0.9990405605736086,0.6427538270831711,-0.5536639149429577,-1.873408358400179,0.36472779971055463,-1.1852864941684975,-1.245915120175035,2.3270905630500915,-1.9347761815042595
0.10188994618657274,0.5845844918508495,-1.6085656088244356,-0.6681277062160738,-0.7015409006492049,-0.03319416156799503,-0.32141521477714574,0.10288146336941367,-0.32724782994293483,1.1769265908328546,-0.5598684039866351
-0.14518455880088432,-0.30704058976394916,0.15356988835648913,-2.201444367221573,-0.3767649113587863,-0.12432823540631809,-0.47713127352672235,-1.1033437735000928,1.6188824203052536,1.939786593706055,0.04344251598651024
0.38906595198553884,0.3061212675299886,1.1296285557192276,-0.10405983008567195,1.9290668071071728,-0.46487519421575213,0.774913112713729,-0.6099557473636906,-1.823820119342641,-0.9690060980502253,0.9146980422031123
-0.5070068179957676,-0.9003209983121524,1.4918670605471998,-0.15243183140518468,0.3478025713720794,0.33413762479845405,0.16726199329694913,-0.046359138453743905,0.8059297508765297,-0.617251286528888,-0.01927045696069091
-0.16074658559921332,0.36040283177133753,-0.38070556195120675,-1.3480676650599717,-0.9367463597329508,0.27819847054129143,0.7716322652065175,0.029575069945643805,0.7027729396652747,-0.6172719309619721,-0.10152656592580338
1.683047291204686,-0.12815889611568315,-0.6640173567053945,-0.29509052361466903,0.16213488083291167,0.4323888391828193,0.5406546702771271,0.21615630020044932,-3.057748454099164,-0.5787682109849558,0.12240246570466348
-0.8924051896146301,0.4635087957964307,-0.6220513001262962,0.3040245913421603,0.8702949165089244,1.8589638572279539,-0.3330626112470058,-0.7618105789499856,-0.9018782951502631,-0.7706057727965618,0.26440855312955214
-2.257443008853032,0.09178207573045549,1.5123376733901068,-2.460101116660686,1.9869701979706162,-1.0441975347418224,0.7136403279178102,0.9795126023027924,-0.4380008665996814,-0.9376904508736862,-0.6562986994621545
0.9915509501689662,-0.80988184308502,0.4165293758583834,-0.03305695227034545,1.8775022968901238,1.168317860347814,1.0761593999369654,-0.7534927436574209,0.07577137465454836,-1.2068904592742133,0.9623920975200353
-1.6094151700919619,1.0633857235000848,1.2640095904806359,0.5089239543770134,-1.5983453530662086,0.02580788482341287,0.15928638037844525,-0.41704085373607885,-0.4356538389150069,-0.8182714999782996,0.22822214525982124
1.8570627946756657,-0.7504701743750534,-0.27797026709611145,0.6482339044231298,0.35611679394136436,0.8052666301956656,0.610826642488527,0.06600108270217292,-1.080298934260614,2.0580768815507757,-0.4229141068257264
0.252719330474519,0.6743649048709716,1.6162918373381847,0.8139765585837084,-0.8816477735968266,-1.1065173301120859,-1.0617660663153277,-0.5191435809742633,0.840160232407638,-0.6183158118487255,0.562814108364132
0.9795688460418551,-0.4040484447431014,0.7224087052862762,0.012517685285393055,0.18101713408717798,-1.381395248006835,0.08746583632452382,1.4332199452241945,-0.504046175187318,1.0034130695970715,0.6987948623691239
-0.1233171505441917,1.2195042524231972,-0.11294580834445407,-0.47138215014066476,-0.1970474871150968,0.17311192922379978,-1.9418333585003198,1.3031569441253918,-0.13788623881492948,0.811620053056979,-0.1513166695391325
-1.4929108134979276,-1.3221913403692218,1.884488336621701,0.1028216493399171,2.289028315514741,-1.6047865183603938,-0.32333263144685437,1.5509670599806022,-0.5234854356797501,0.5599594987244884,0.27437730704537755
-0.43015442463645137,0.08949318956325762,-0.8770310975188107,-0.2398956660710312,0.7854180662726773,0.7768624877967344,-1.693843803402518,0.22169311458209856,-0.23192864871586277,0.0808313900760743,0.5446500365112987
1.783756548978551,2.3606003297045453,-0.5954799427502065,-1.115273659614771,0.11062044164250329,-0.37342406928194616,1.0883656104498978,0.660662226611866,-0.591986221954568,-0.31878063128548256,0.2180466485686867
2.345934447087214,0.027243989460615296,0.31706116437633386,0.4279269619205691,0.7801782298352661,0.5750723811104999,2.1133380510561204,0.662853226234495,-1.0260044756815498,0.41143126488754883,1.389724657830275
-0.7744043686488762,-0.5461395510131528,0.6292683104002232,-0.66857736305434,-0.7083209890342593,0.30938776252730693,0.5809888944081624,0.08813349388351023,0.46223003968054976,-1.4124608396058336,-0.29554190043933115
-0.830874484599484,-1.4489094477007647,-0.5568790871197055,-0.6966719005548031,0.017680110594063308,-0.46387311142425086,0.6018104504446903,0.8470810856974162,0.3357555159474771,-1.1327532555796735,0.45940391874789144
0.4397271340344036,-1.7290516011930168,0.869861132081662,0.49877366637071013,0.029254492631718684,0.4914882085105748,-0.05412405242674743,0.06721398315320844,-0.6015553999771729,0.26283604684122175,-1.4205180772362616
0.05731819958256577,1.4549489155370239,-2.9377848997073226,0.26484293249062085,-1.3470817417586742,-1.7489462739240507,-1.218255971867581,-0.6140596201742244,-0.1536243749688796,2.6412089209184177,0.3763795236622757
-0.7054859438497347,-0.1478268558775686,-1.3836132167431536,-1.2294768109416776,0.20810400577051313,0.8096780795785177,1.0148530398495854,-0.8704252623157145,-0.5738148089205943,2.0872082121307285,-0.9197055828922333
-1.0826894957158848,-0.046547637584287774,0.264536475980522,0.5376764358728746,-0.5337563431776025,-0.515908898580856,0.0036869696187773844,1.5410434515767806,1.3074428534107725,-1.1532804940915375,-0.033394312295067306
-0.30523155458570744,-0.49366032793726466,-0.44913816726274924,-1.8729563906906068,-1.5994274092729035,-0.620824629481399,-0.02498820999266542,0.0056811158470025545,-0.76900488568924,-0.37443274136544774,1.0285530808840138
0.03240598738587918,-1.4852047615284136,0.1549582997331849,0.9244404040072752,-0.7961756205175077,-2.2157782123431193,0.6169403805100176,0.2725176646049144,-2.3137997989551797,-0.8745994576525221,-1.2560614976988902
0.643922999218805,-0.2451066552541177,-0.48061240698234114,0.5974975381639246,-0.9175884280970243,1.008308779285905,1.703117763922476,-0.8678803558530485,-2.188934525204606,-0.7733357708681539,0.6534200814384372
0.8897051092265296,1.3905929304991715,-0.17113537977956597,1.332295040359211,-0.06712030342918615,-1.2534339683433413,0.17734462440860593,0.5972254775309367,-0.12882947212707135,-1.4821134281666941,-0.329061715308691
1.3251966331467808,0.34155989359864614,0.7716614759694721,-0.12848379834626106,-0.2745088892328366,0.5003590125019423,-0.5701215902680064,-1.2057653914134423,0.8645875479685865,-0.2817822904021981,0.5670627489903486
-0.19738569045228277,0.4743038141527941,-0.08060709149990097,1.0289103961667982,-0.6754374621900069,-1.5512170700014718,0.8736763768076077,0.18630547073943038,-1.4482329094948498,-1.1428383537062663,-1.8662054691649852
0.3144406278938318,0.16347059443682388,0.5002866528893432,-0.30108756103448514,-0.0690417510557717,0.709026567457646,-1.1594895284818962,1.0370270665619539,-0.20421617555869467,0.1318092881661121,0.06694663290196108
0.3174269123927283,-0.7111432033506941,0.5596930104380989,1.146986216154012,-0.529740599191403,-0.6424264655941923,0.6751755383407056,0.7946969193434493,-1.6772562219833766,0.4216400066283601,0.8655790389416361
-0.22938103882496216,1.7586544304623555,-0.8812136432760156,-1.0694308986219154,0.36421094010007443,0.8228155154258583,1.1088577215869582,-0.7944365770588451,1.955896596738422,-0.07327645205892984,-0.27827508854612504
2.344725510037596,-0.5739203157842532,0.7509067778951124,0.5480450332191638,-1.4539677949182426,0.8844541477791877,0.7706051078321033,-0.25851873210248644,-0.6237855720175121,1.6541733002765195,0.16893004765025937
-0.500166162874475,0.7172249301603763,-0.4750070480975934,-0.8300882157070085,-0.6744458671269509,2.4584892064252095,-1.1708268417650995,-0.7109511321102302,0.04581255189729452,-0.49526019437523555,0.6392047001831498
-0.3912301150345735,0.15700675682575016,0.5632416550220658,0.5675754823312323,0.3971932641864142,-0.9603418143661845,0.6104907224909935,-1.3027174654953984,-0.29039794322718904,-0.04554564538299187,-1.2392950131677802
-0.14225459118897749,2.6469813826313224,0.299272875054717,-0.09192814598509287,-0.22937496666028942,1.2932006829254172,0.09949641790555423,0.7428386881895344,-0.745721971641039,0.8424924524243148,-0.7571493525720461
-1.3922853024660984,-2.263595337121715,1.689690021722433,-1.9247532845142183,-2.666798616744754,0.7779820550066052,0.025362580326464514,0.3406211963874211,1.6489853091641364,-0.12243827097992016,1.2707142641655862
0.196760383463197,1.5739156033266628,-0.9840288625847489,-0.9200172816005543,-0.9594478428835416,1.4233165478680123,0.1808301124268313,-0.5435721396582615,0.023793635375218395,1.1725003936610359,1.041360061075861
0.387050406657548,-2.2693708093358493,-2.0746249200432976,0.1510369752596331,-0.22094145999149453,0.8115842587274641,0.12161786142585974,1.199392719079944,0.8152497813132722,-0.08558836508979968,1.4964719520542995
0.8693626992629185,0.042926769145788586,1.1077859735994398,0.5791704293039461,-0.29177709601904456,0.20242242059617924,-0.2335643794640642,1.7533929644286395,0.21402937266143718,1.014270587460954,-0.8469873591856727
-0.5528863659243577,0.675430330647446,-2.2840378031752007,1.8151061201821201,0.443073698212846,-1.5369559353057347,0.6278951024393483,1.147202274103135,-0.1350761551514541,0.2975109130196675,-0.9324100886012971
-0.7747667349481386,-0.03427246356202656,1.4534583540095263,0.4196947003650672,-0.8578026048722607,-0.42051034320045133,0.595674275189285,0.6932919849484114,-0.7112316073645437,-1.6122748365159407,2.546144839129169
-0.16544595309950672,1.3731523261425027,0.10127394092401172,-1.5145209144162857,0.12218436554830167,2.083009256512855,-1.5830180488786314,-0.7471918834889397,0.29286975904087775,0.9869638846282053,-0.8481459909423561
0.9329083217868075,-0.33220601497261026,0.8858312420535858,0.6580918216963626,0.19415055894263994,-0.6544112840116079,-0.7338870890400574,-0.7175258614025681,-0.022586579996053062,-2.6234654971575013,1.0580793614327462
-0.9934458184449333,-0.34467908493719474,-1.1051092348740552,0.9961592673522989,-0.9609474723384771,0.41172161325873363,0.8480011022078303,0.051876582333593456,-0.19867084107741026,-2.067232155677919,1.811177873719285
0.8421514405521974,0.28272937938369586,-0.5775900865401306,-1.600871204756827,-0.5855098435767637,-0.16044576366687152,-0.9898633456588481,-0.654486800184761,0.6831608294114351,0.42495514073134866,-0.15075018773768678
-0.8170688533037218,0.47190246233563565,-1.1269663838314983,0.28245226010261815,-0.5579093863786425,-1.2688852792633016,-0.03797671126747802,0.832163982623282,-1.3758996132526804,-0.9617214465532359,-1.1848935870815898
1.1926878583744027,-1.0105755004186046,1.444463088552869,-0.0521985525432478,-0.05883783716659288,-0.37095946829907644,1.5490256386134518,0.6382452423253766,0.5054411549804726,1.2376390310928294,-0.993453566534457
0.8979574144717823,0.40210592007612306,0.11227747616883339,0.32731740219913696,0.7591065301724034,-0.5198999185605093,0.6969707908375584,1.571204974751695,-0.06671582481460381,1.481705955161882,0.49171884990436837
0.11401069375917283,0.10194299365625234,1.4534022746935613,-0.01581057360929872,1.81436535203337,0.26210426813677357,-1.2728767758830117,-0.2043577937339984,0.5905601953492513,-0.32154124951553215,1.0048602964105566
-1.4575392276864896,0.6299054294364372,-1.731432413456889,1.0540152894325534,-0.4279557440555796,0.22979953611197262,-1.0642106013331194,-0.29484565991110334,0.042983692704427534,2.1553791209831745,1.067531688947153
-0.5966114879104435,0.2935956463536684,0.684400596066172,-0.8979519823385387,0.07888443078332197,-1.7642896187111037,-0.9810317174467922,-1.457718347914891,-1.0081180928650675,-0.40698514743825,-1.1377269228822777
-0.9483952620341136,0.8242592994812433,1.4310182123248587,0.9886715210223925,-0.5360296032127754,0.616680425714996,-0.7824329533312497,0.06156879553561524,1.2556339115001716,-0.6772106057270222,0.28765830830554767
-0.3486939610868543,1.3487827786179638,0.7589295661448174,0.7928912271004894,-0.9023739060489835,2.9475725916360616,-0.6228730919911187,1.8477147304507031,-0.9887659395587183,0.8185182362444875,-1.7020928728140008
0.927480119204674,-0.2981672037141546,-0.5133387957173191,-0.5339542812276258,-0.5182790245515771,0.7545905021435981,-0.6834169715336209,-0.40068280643382914,-0.2962745867887875,-0.6595543260877966,0.3476186930873466
-0.12742684572976345,0.8920106132969206,1.0481631387556605,0.18402541738737857,0.5068118659858626,1.4082123567844738,-1.1609725873164007,-1.5718861545008282,0.5030144356543017,-0.9497618418004524,2.1802300555942726
1.4905112282280781,0.6794913039301398,0.12920497370104,0.568227068012978,0.2113643447741753,0.10965468047478338,-0.49929847915186276,0.7577473358879154,-0.2897929611783552,-0.30287590985063856,-0.8953826741451775
0.334141135359757,-0.04286420926544668,-0.3724134514993421,1.5561068790146309,1.0183092500366477,0.8271544681094442,0.7959175355924261,-0.2161941702337699,0.5972027189221215,0.3335449248775134,-0.06753065469853804
1.0055466182117967,-0.33237885707972703,0.542300588463827,0.28773137791460296,0.9662681148563564,0.19440589155093982,1.5508736581423177,-0.8361556971527971,-1.0801227032243215,-3.902512323641673,0.17708005193641008
0.5862124088991957,-2.0198805580410606,0.7423980615588202,0.693081514689357,-0.21665744889118324,0.11918192909046217,0.6386279203244177,0.7409323756785102,-0.7739623689472401,-0.29950575845917354,0.4591197709623685
-0.19696344062391047,-0.39223562517190835,0.4490655098458541,0.7697947259191723,-0.6643981572974706,-0.5172188346374395,0.7088287437690254,-0.12182510309902726,-0.1595571600863543,0.07105428795929464,-0.5213777578809481
0.514511240821938,-1.0713199676539154,0.7579093186502198,-0.6976316494616581,-0.28507265890349137,-0.7682680130259611,0.23579238477685535,-0.923708649815744,-0.9143079542544763,-0.027510821602082004,2.289862147832663
-0.8230931994381213,-1.0527413756513029,0.036926866852363203,-0.012629990579999289,-0.22378456388352932,-0.8084167038308488,1.4541756478288443,-0.35180580082319,1.3860940210024606,1.8940860489642202,0.9701832815091503
-0.9394609160376314,-2.423217424825863,1.198954471975948,-0.8827395393145313,0.288599141253187,-0.0317423660863013,0.08875077898124376,-0.4234574542696243,-0.2989147630320646,-1.0182081913903942,-1.5434943262879839
0.05880908312595901,-1.3979588449707856,-1.005369625630121,0.942645227295723,0.420692774053456,-0.13767921301320887,-0.32878198951569537,-2.2973563050391297,-0.643112926582796,0.24260262479890385,-0.19142208010734918
1.253435850819815,0.43026519166190524,-3.1334740306452367,0.8296302790052316,-2.281009822359431,-0.2421629034173525,0.1334864393089935,-1.6354562237590604,1.2768348440910127,-0.8150270169828858,0.6493043234063258
-0.26176199508118775,-0.8225629853505059,0.7511018436998048,-0.6531420261828339,1.3031123204278798,0.9919945151428952,-0.32699435849582353,2.4271705988538685,-0.2831923548205765,0.08786674108737876,-1.908747329091402
1.292549409210714,-0.8302819168777614,-0.5230029882387599,0.8853984518982283,0.022002253443439364,-0.1484836587448759,0.356719828973133,0.1852903817367675,0.7487344440841812,0.0430600427139613,-0.28135161101836653
0.31400925794557455,0.5808246088097312,1.0780701923064386,0.9733893731697412,-0.7188561272869255,0.3210959486838679,1.3749033054501145,0.17783131283096357,0.37178445589461684,1.8155042286065883,1.071774240472337
0.8444357551182926,-1.24240724811786,0.5553640303882871,0.5678684274685682,-0.649710888987058,-0.18501408964730068,0.4993163744164471,-0.7561630683505519,1.0930909207990183,0.15531354329417324,1.154112892375623
1.4828075886218754,-2.115448951838896,1.3713845195362466,0.18428854290005625,1.0218282258624374,-0.6842108032508282,-0.9100997683741476,0.23244333258381342,0.09051251692179146,1.921875385131501,-0.7068150028583396
-0.6130160239406107,0.34158398128086215,1.2374946231781323,1.6166215137867705,0.6755775011939111,-0.45108063175270985,0.9150838760297648,0.2650183121552061,0.003715108423163326,-0.35814136367373717,0.37420026935983913
-0.09697818755282275,-1.122570785481486,-0.2287451600769302,2.4726178242749777,-0.7658484831807759,-0.7020874546769573,-1.4650339626708997,-0.14700428022894282,-0.47396919506592144,-0.04831998292291806,1.28659530834214
-1.036100991535295,0.11663716611889738,0.4958981175341905,-0.36369163629526075,-0.01542547378923888,-0.07781109368773265,-0.18476101448549967,-0.6552436258538633,-0.8459086052777891,0.11339062206558974,0.40315507095635233
0.45029423754978914,0.29242200884162545,-0.4856894327883032,0.4837269137899855,0.9141819614759121,-1.0452080979642824,-0.9632906147205318,0.9692734489517691,1.647591431206941,-0.4279552406727518,-0.45829785443238735
0.09038399303898549,0.4674837477798615,-0.6424869200493345,-0.8744777243385735,1.4746511039006391,0.4641726878955585,1.3212757235771018,-0.3719555176036202,0.7647121736857753,-0.10300821142234376,0.545535896618407
-1.029294863068813,0.03402924492295147,-0.7320474035747532,-0.04673916901548088,-0.9968033677811206,-0.3320061053210084,-1.535583794604924,-0.4479676607647141,-0.7333981936274082,0.29780954203465393,-1.9224830681269405
0.21864354802714428,-1.1010639870707384,0.3294647707383468,-1.0542506800176137,0.5186042909849418,-1.1053767277044941,-0.840996496006177,1.351801233964293,0.03437674061948607,1.0259886480551503,-0.775462380679048
0.48585904794529494,0.8540773257423504,-0.9231635124095313,-0.6691811800672384,1.974824450243323,-0.320029926291977,-0.2644846703084722,0.044090723060050824,-0.09037110966259777,1.8650047956459304,0.5208206891994331
-0.8253132311088589,0.7601434094611839,-0.22510431111784746,-0.2068030188391057,-1.8524767415552745,0.4036456669453367,0.4823567601935491,-0.22008092886687258,0.6813557335785528,-0.35354645063325124,-1.0939847697721514
-1.0663027912726066,-0.27619699419840527,-0.654485211699674,1.1011186859227773,1.676484448468507,1.9226263753481136,0.21703367167537435,-1.510964882253655,0.7352588676120015,1.6474023185166344,-0.24334097320117923
1.3842283872500352,0.11887173208810115,0.6221724481745237,0.1223869933985664,-0.7326545497873599,-0.29431540044844523,0.19043547549517945,-0.13058093558266534,-1.3560885444745705,-0.39998433890328644,2.207116617748823
0.7077280973077299,-0.4047344677028665,-0.6149449270200051,-0.08324031727348301,-0.1080008784098576,0.9045537686233356,-2.2221929205575193,-0.8262761673256902,-1.4413524172505237,0.003967734813930393,1.1212614254036635
-0.6006373050396512,0.7026352375027641,1.1729225404699677,0.02353512183971785,1.2920587198391016,-0.212786343575972,-1.120653457367971,-0.9454328998246619,0.7649495250209825,0.5782994410984735,1.4878198270645187
-0.13804771996754556,0.6894482200135075,0.8522558236303628,0.44742691144277635,0.5588728614517212,0.44410628094301746,-0.13226190589575879,-0.6322750543431886,-1.5764391043188593,-0.4122814070132781,-1.5716505435808357
-0.3966315468424089,-0.8586807094868734,1.296253445822235,-1.1480967328252538,1.7170128189918001,-0.04654583291235392,0.512791099691725,-1.4720686541648753,-0.7578331984693476,0.374741236755503,-0.6785351435999317
-0.35645229635867726,-0.2561333378878083,-0.13562515166658382,1.6455892582663525,-0.7082540765380113,-0.12117777299363862,-1.208796411775247,0.8176140888642125,-0.1540132456257461,0.268955711133388,0.41086752933464593
1.0028857563353766,-0.028658653458394395,0.04932167179039523,0.25685598404300736,-0.24091788783220788,0.12227212233977253,-0.1050765584598999,1.480532972731295,1.0934734179477372,-0.18521910772676267,1.7831605995350743
-1.204725895242255,-0.4480305049028926,0.020853502536626024,-1.2600333273225273,0.13901537107325254,-1.1262203536522504,1.0939909135257262,0.9945059668176497,0.6581845824646545,0.5507233295772055,0.3745565922291183
1.8661910393106576,-0.28531747212490527,-1.7075819126055543,0.054016890005285936,1.7060049104279449,-0.4328128752165917,1.401647332726803,-1.3745321494598213,0.4223388230456994,-0.8894468625059837,-0.7918472658775958
-0.22213220432100408,-0.4625457582308991,-0.2913235245114483,-0.25431630347614853,-0.3687864257845665,-0.12760795690754978,-1.0837227653188748,-0.10918796983999471,2.0928149083005048,0.7678601708141709,-0.6504403507420506
1.4271609464481085,-0.9514694193450792,0.7924578392909772,1.1208117736279208,0.17797774951285947,0.010494000295507736,-0.08092588790565716,-1.158387585394738,-1.0402601538401657,0.15023308692733342,0.9656794488943021
0.7711433157189966,-1.3471429950740694,1.7645771030892854,-0.6047276557160179,1.4967485216232752,0.7801535005396987,0.8345949484555494,0.057356400150361024,-0.9952252360417265,2.1677786626245816,0.6300688049211548
0.3831450539405966,0.1298224943080913,0.7472220546060928,1.1183751955617987,1.3988614271712598,0.2610184379407676,1.0282613542458632,0.2283914370041544,2.3220141120278086,0.4416367502987626,-0.6719396780912458
-1.8877371992288217,-1.3210371493475475,1.2473898873850182,0.6057908034574317,-0.45372422501553644,-0.11034889499436797,0.7608901165275941,2.068568952483014,1.2587597088487836,2.0830155725510324,-0.5436740866953405
-1.9590200399637607,-0.0807071476846132,0.5766997636876243,-0.7950157016666078,0.04985150156827115,2.125408586525909,1.3159530298505324,-0.2891593190484013,1.7992735875831602,1.6407148455358997,0.3844451420163016
-0.3446755139306567,0.1914098908974063,-0.20181061529402025,1.890433341329999,-0.11871278311696491,-0.2723266370739502,0.1171541481031927,-0.45055692608101355,-1.1096150565881406,0.032310224064848236,0.9616515842973973
-0.45456837135852945,-0.987748779584119,0.48530780796504847,0.2830584026300423,1.3012673204492944,-1.0199549756272435,0.17266710840169305,1.3104617387256094,2.0564149055034497,0.9299954588166682,0.805990511614486
0.6528086007268373,-1.2941637238284251,-0.03547908156890491,0.15871025313299628,-1.176892534209834,-0.9363568095760482,-1.8468461756080945,0.7514786648993536,-1.4331449793834892,-0.5921882342556345,-0.7835012602657847
1.0409971881261733,-0.7243828407783697,0.22260221383225523,1.380685349104583,0.8355629330652432,0.18521830645910883,0.16262658524007292,1.5645047142177413,0.191056300602693,-0.15627845623211317,0.09948774832639867
-2.031238214186573,0.8127133964692613,-1.1754381247956573,0.014155055514866578,-0.6044242232348284,-0.8857907419567737,1.9807809771686882,0.30321897806256365,0.6138900584140591,1.1031007508454094,-1.150368896044496
0.4356589591720428,-0.32821153856276586,-2.5734262451974597,-1.0919335506413372,1.139861285933081,1.3258245711656238,-2.15614751990319,0.7779974286494669,-0.7175840495308983,-1.3320658249843882,-0.44097105089443467
-0.43512228546223075,2.0263832901292056,0.3768656236509152,-0.8691481408904546,-0.7756392453285884,-0.8009446946874885,-0.553524693010033,-1.4595708232108795,-0.5035019563503889,-0.8604068820898562,-0.959832344065412
0.028731040356923827,0.18891131822249163,-1.0740901402950558,0.3627827355362648,0.10143889736231798,0.5601213713765999,1.1292970598843886,1.5048153182531168,-0.4170021970518348,-0.6783926708458495,-0.02306139039984274
-0.7805608442886075,0.24281986912484232,-0.998460787383834,0.5330109385394585,-1.380369402368384,-1.76247560220804,0.27097983546697857,1.4832283631449628,-0.9163994613256411,-1.3701968526546604,-0.890876927626379
-1.8783717161840774,1.3235520256463083,1.464217253308275,0.8770870481467564,0.2807472163260046,-0.6048542340996194,-0.34464897621926727,0.9152896419029004,1.2538224944262932,-0.5873232476071025,-1.9647565180102247
2.057272944976826,-0.2721849136316026,0.5830302540988773,1.0146072575617018,-1.6398294427133895,0.246768847189831,-1.4402261257465676,0.477535653951691,-0.9991258401107099,-0.7578482728618822,-1.3678236181234205
-0.07105197592518382,-1.0532304958792562,0.0729671775925614,0.6384523069654647,0.47137824302675996,1.2027205641524623,-0.9466650032392908,0.41375778082915227,-0.9450174156182752,-0.5423992207100977,0.7232503625019161
0.04967995092001344,1.1361843052017175,-2.04786376799091,0.46748627417626265,-1.776805204886659,0.0645474854823842,-0.4787087743383487,0.22550036508949894,1.9524972229382254,-0.5321127984510065,0.114249711472234
0.027381864577186794,0.9402294551567538,0.5307058191153945,0.8022521962387957,0.5631648900989586,-0.023035707823041474,-0.9042364137660401,-0.1299711789055277,-0.837570083151667,0.11016124785772408,-0.6301564656600578
0.3205670971559041,0.15819593395804776,1.5397740275039018,-0.23107200885153784,-1.1576614342893699,1.0105186295397661,-0.18042789987667712,0.571194615857943,1.3279723519702518,-0.4208082643213509,-0.24602511930878293
0.4559943696892951,-2.2063906179385846,0.19609684217879791,0.3237526570366477,0.4332408943199833,1.4057915739836704,-0.9428323040300307,0.19582580290712934,0.7922345290583068,-0.5639206123157977,-0.032359731950880814
2.928417089970869,0.13396977375365293,0.6655882681291876,-0.2694381883331723,-1.1540356398601705,-1.151737211403934,1.8677730903415444,-0.7732270056157996,0.4757795296024628,-0.25272227546706416,0.1617817088281589
-0.41721562099802384,1.671581165851224,0.10227676425682537,0.35509788715104884,-0.11311746202474435,-0.699556012899193,0.8058745759741238,-0.26625602320995123,1.9169870524916142,0.3514867915140961,0.1430531130044796
0.3344517472447612,-0.4373901164218862,-1.5885603661715502,-1.380037782599091,0.1367852929490578,0.4563943117131172,0.40296743803848606,0.26131238917829935,0.32441302935904703,-0.06520499975068052,-0.40515371347066803
1.1695819792587083,-0.06453498613369497,0.07805713310324898,1.2098902061990406,0.2997622942257904,-1.083288638772071,0.46906048997239946,0.3604644331321496,0.5096580066253651,1.1058373145212512,0.8110468351913591
-1.8738212443650188,-0.7109209897163032,-0.14129026498139383,-1.9853104481376063,-1.0709586502111381,2.6610032465053624,-0.21308582229362874,0.40922520134039897,0.6546675117335691,2.0868549008810984,-1.949203212195468
1.8248801090611257,-1.114138226160288,-1.9881156525397734,-1.8524931817620822,0.30975317498564275,-1.613648423172171,-0.05229873785450835,-0.7302318930474949,0.8782415502442019,0.35888096062926994,0.11423130985912384
-0.5861349850187907,0.7073112421581799,0.838147314074147,1.941754400808997,-0.7558225093171232,-1.496053430577721,-0.26650418188699515,0.4667108033388366,-0.1418223455847416,-0.08413489549129556,-1.1569773399094183
1.6165345443187344,-1.3574641408423014,-0.39194488267648164,1.584692584359554,0.951297136964559,-1.7783136882389137,-0.7722429546407547,-1.0302214091989093,-0.7636762492039102,0.05965097743864865,-0.5038389255890251
0.13690507311966033,-0.06125138314638238,1.2402751384299342,-0.7702059344227845,-0.5959254877687519,0.8817633044856042,-1.2198611781857165,0.8991717902909265,-1.3490733811429658,1.0825027990347043,-0.7669189901881728
0.3649432241322946,-1.179665018472613,0.08113684201844565,-0.32345751490368124,0.5859624188993303,-0.0720508193857439,-1.9983189619687067,0.9185128911068533,1.3731054830717164,0.7440557435788706,-0.13077613649130407
0.3644094101908505,2.2722526560187095,-0.06192850792710524,0.45387846260724035,0.540911867175124,-0.5366255810415583,-0.46351853080442257,0.16075448797696598,0.07528402673651706,0.8360197640535335,-1.5294404346954047
0.15367315220762293,-0.9216852679846725,0.1478217100388671,-0.30151867662259757,-0.42934250880183594,-1.4773600682487855,-0.5035557918311786,-0.041861228784529525,-0.5547398071263243,-1.0934850520886357,0.6849424118832693
0.06169403335288095,1.0178195620324848,0.24069176969595904,0.6794710450543959,-1.4087264096574479,2.4481211436691472,1.4515107507386438,-1.1506633286235197,-0.36201790790548605,0.19471893266203044,-0.29890796431927413
1.5657835890849177,-0.47809797842250745,-0.9668943845255813,0.4941892731137448,-1.5085269228103786,0.10984471523591537,1.0574968897285908,0.3276065568680054,-0.6910868667534971,0.2484700136289198,1.1811534554985497
-1.6996345824133967,0.3512847103888083,2.372342923624548,0.26588958304592947,-1.39509824998048,0.3212939984470115,-0.2960089382074559,-0.9906617318159797,0.26370992736584725,1.4697158408611783,0.8415831941180609
0.615317921869419,-0.7836833959768101,1.8343487430131593,-1.2817496923320637,-0.1414140322557981,-0.21721297524831448,1.2595227392664172,-0.9289182551862892,-0.9822196641772706,-0.14442629586886435,-0.8925122673491402
-0.8238689634183737,-1.0219595167716335,-0.7703303906621128,0.3409392165299305,1.3037205563737722,0.17892871060959828,0.4735136140229812,0.6668098520558888,-0.1645835571832169,0.19928836969529867,1.3805295684764796
-0.2201891422314878,0.0529245965935294,0.5891194773256198,1.2303013441922912,0.0008243740314115059,0.3678261914817101,0.3363085350142022,-0.1753979978899873,0.4772037640030968,0.8116612343608728,-0.05090448556938177
1.1768753407312509,-0.6112027253749753,-0.8294880437222482,-1.1934510818864703,0.24239838894933666,-1.4816774337034258,1.3460608357641621,0.38550688811535117,0.040856670545928,-0.7161227842912002,0.5030650061795877
0.398938361978683,-0.47341275935654376,0.004190267535862352,-0.791224861284454,-0.4472192503763929,0.38989987599346415,-0.8139180022311576,0.6097597859209911,-0.05022224429817314,0.4480503199369978,1.8261760916568308
-0.03575955948034992,-2.829400899474681,0.5630149234820497,1.6278298462790646,0.17640533114704476,0.279919887382585,1.2178879985230613,-0.09077731649006235,-0.8779843000469799,-0.6191677002993375,-2.037558727653624
0.5008028681755401,-0.39571095589071237,0.8793381131121456,-0.47553449647174223,-0.03940189038627936,-0.4822745756709013,0.5565098229414978,0.6310208456232327,0.4131786022226189,-2.064454961104229,-0.6065141071262119
-1.4658492149824047,1.7293726262949203,-1.498570836229311,-0.580649414372209,0.22861414748671943,1.306558123791433,1.0676129252402244,1.0868632428153233,-0.012364101523133376,1.1571596367371888,1.3295023421511365
-0.6241926398295775,-1.4338183860872293,0.7891319634632347,-0.8049153081487288,1.0993470053619876,-0.6524336903012016,-0.9325744983835287,-0.5127039104194424,0.4796369456970035,1.5507304214699433,-1.7959835144447982
-1.1576370960868998,-0.7390975283144919,0.14687460903703456,0.9382227518223253,0.9367669863139423,-0.9782089629971464,0.10441668359393376,1.121099104477538,-0.8817857657034711,0.9172315400128138,1.4579752485041761
-0.996994698086335,-0.42733330990109697,0.45694927968452453,-1.2609629106263551,-1.0076817486226968,0.10559188263435657,0.7367379330890228,-0.4405039530998798,0.24237883893536294,0.9493451826513604,-0.8678546075160394
0.4555912823443065,1.0946724190637995,0.7427447727102231,-0.03721121640841725,0.8199038145490084,-1.713381463466206,-1.203336644192683,-3.3460595540010054,0.4779688572101169,0.4643818926084176,-1.0422092202376003
-1.4783310963291068,-0.1156005980980718,-0.3524377396082117,0.8666683618877289,0.16637269899650212,-0.8087115906657936,-1.2794513034613055,-2.667512867458856,-0.3548062941883209,1.6490148064650518,-0.17427879686592
-1.2508294632626213,0.10006771167611549,-0.596999164072379,-0.45639120928168037,0.3738730531974442,0.02283525865174812,0.35067629643241094,-0.1426936076115928,1.1361084560678418,-0.544172674131446,-0.6224711224698556
-0.9904256650058592,1.5407778072358078,0.6778654815242365,-1.0375478253626602,-1.5578984828521116,-0.0944982773321463,0.12425457885369193,-0.4848189678752226,1.2535370451838272,-0.5731759657656853,0.6861279685461985
0.9317572361148158,0.5881467446571498,0.4405932690070074,0.8535686655494599,1.4153299167050424,-1.4254410103740134,0.6944757607085502,-1.294428415954916,2.5813398650314316,0.32099786593300594,1.8197280887662872
1.285325080196523,-2.309305011082697,-0.506972747257756,-0.13876221427440474,-0.32724279309113563,0.6874708322473699,1.1215029019536946,-1.7160194628478211,-0.14341408882992177,-0.7159590096700069,0.9872930036474673
-1.3299435073129167,2.9304422831316055,-1.5245661088738451,-1.310112620402353,1.3449736290162726,0.4154337089052815,-0.7175112905335154,-0.15922813251451304,0.08717070097966222,0.8414504470603463,0.3289970684978966
-0.18602244316107147,-0.2541121958819262,-0.0018029383529625505,0.9189582989139914,0.18000811911723083,-0.9812814111445335,-0.29185656037196056,1.8356347649720655,1.7961817860950737,-0.8766385669540429,0.7148169024578767
0.18197516803549096,0.755647491013281,-0.2054249363102866,-0.5121901444483177,-0.1116516060122304,-1.3035554471649329,0.2669719911789175,-0.8893097125209918,-0.9113646433658863,1.0263872608350626,-1.7577451111066624
-0.18377290636516078,-1.403370310980745,-0.6106100466980202,-1.7694740878264548,-1.2156163192847964,0.23956047860651383,0.7314091208078423,0.07645013551320487,0.22958238704776796,1.561547824266266,-1.2510770788299739
1.0042077765690436,0.9045694740305082,0.08100173663633112,0.1566882634788591,0.2712924707681715,1.4116045639840127,0.055125353387296495,0.7987245199883872,-0.17720625416141425,-1.286024962407653,-0.9589551397180349
-1.9257570523789167,-0.09075241420899638,-1.784315708561196,1.2523521764670504,-1.3157353627444668,-0.23271603839183572,1.3350311369561998,-0.2945020054587916,1.0546851699972901,1.7232626456313038,-0.6286992641795346
-0.19677851935041252,-0.6191053304743163,-0.028896999568841022,0.13329005921499626,-2.06679543165312,0.4984213755086902,0.36394194742484354,1.1304366139375264,1.504346026073156,0.5636773096759004,-0.5776133558578195
-0.14058823038733811,-0.397366258530295,0.2621171362675243,-0.2185048027967611,0.2664838332278674,1.4968652783949656,-0.6922521831310875,-1.5408925855390327,-0.5994417685473986,-1.1866562693914782,1.6752863595830172
0.6520996068318664,1.3825118414777486,0.4365514736810503,-0.9120282211030464,-0.7310361191437666,1.359425725785547,0.3079926313599427,-2.024186573021532,0.20189723575767904,1.5114271687148404,-0.13301499183141893
1.8268626426430123,-1.130834298021069,0.9835166338906725,0.8334209989336109,0.02002620944444355,-1.1074321680490764,0.18341353755876996,-0.1558658202726196,0.23637846609513746,0.9303164159694541,0.7752825706184387
-0.8525387589372471,-0.2603856307300533,-0.38891658709629756,-0.0618401693210511,-0.31553603332296615,-0.40710378752058557,-0.3716039506128551,1.4967237301583567,-0.2925283354425948,-0.6229173571482761,-0.5820446462808595
0.3431029590923517,0.027402405507677308,-0.011091720083867076,0.5635908429731754,1.1268467599715457,0.22081652076360678,0.33167132693787893,0.3330103831436824,0.22280656869909554,0.8356720909334585,0.9318413830644725
-1.7476439211987855,-0.28333625544161767,1.713589461597246,1.8637129304491626,-1.5152051305747856,0.42934304618509184,0.7637133195273114,0.38056228530261027,0.03216742211722278,-0.7809621237611535,0.967101113181921
-0.016188928399734008,1.10231553313479,0.0422504984494718,-0.16654586179949776,-0.2241291611340755,1.1067903477190992,-1.5473672087772288,-1.1984130211503956,1.1213177970194945,0.01625868649180881,-0.6831114143882956
0.13522232538296672,0.41062452766227814,2.4733096466615505,0.6000010423882063,-0.10460612167655044,0.1976707804191611,0.1031491810588574,0.10065082513448738,0.06898734856420789,0.4213486399521079,1.2505563832815618
0.8075832490475797,-0.10893955649479711,-0.43264948267347514,-0.3783313751525295,-0.9259990223262127,-0.6942401806025853,1.2571721920629868,-1.6200323046839715,-0.18172145458113942,0.5349075118034536,-0.46338636119484045
1.9509548917042516,-0.9703663264958665,0.0025752136631355107,-0.9871777107054999,-0.32319318551595533,-0.6898451934759617,0.8425855734535946,-0.12485509893258147,2.1839679465107813,1.0036492035164049,-0.48926582668458124
-0.5426993058346559,-1.2445092445163184,-0.17719325168821315,0.37927574596761804,-0.1691262319121666,0.5344774027799503,0.3731836415784644,0.50678102290475,-0.911485283457231,-0.7446061514261264,0.709132487791505
-0.8188777545387069,-2.035271337617224,-0.06170146707692872,0.46865241624183535,-0.36768034976238506,0.07897223860619425,0.30970261665801274,0.21084510086828753,-0.6561259995031545,0.6874358993343668,0.5528923623529368
0.6609092634553111,-1.6723062664892634,-0.3660704237186843,-1.066502517988305,0.14449108655108742,-0.7829328440709169,-0.4006354897121799,-0.02148532019752327,-1.3142633697364903,-0.5204225439675139,-1.2306297105964026
-0.010974153335390048,-0.6805270325718433,0.1388957063524023,1.1094207266977512,-0.6700307673355165,-0.7601506600185187,0.024846436462819827,-0.04578082371265438,-1.0696596993006864,-0.9893094936737445,0.80018466224203
0.0810817123225406,-0.10956374209179645,1.7402630699539567,0.5764848084335152,1.5477888063276635,0.6568846846031405,-0.9206484355881561,-0.4748131814914236,-0.45200378124883456,0.5912348262219521,0.6014100537400316
-0.4681861271456301,0.3322357426122528,0.9159518053816014,-0.9006611082485559,-0.8804606854071877,-0.9822389199202126,1.3745529095343971,1.0351926832605232,-0.10438593364837032,-0.3500481995619029,1.379188345481552
0.6441210163763418,-0.3298875018120755,0.7244587275583443,-1.1813916582093533,-1.616059626976117,2.124948208697169,0.902613871800587,-0.9053730227521943,0.09984749211677448,0.557737379015476,-0.1284954381520744
1.2417064870095924,1.0292162908317215,1.6467525105714853,-1.423836603935314,-1.3467461520813715,1.4027589420034614,1.729462688286302,1.5169470691965934,0.30462085875409023,-0.9745463678690395,-0.6846245351528915
1.4314444670349773,1.0054020373704045,-1.7795733440081996,-1.3525467589430304,1.5530624555423502,-0.1940417066352182,0.24257576511936987,0.03292608821896137,-0.870469453576008,0.02865087709069938,1.8953066527222187
0.2698290342925156,0.22280405173171086,-1.0325269835852031,-0.7168868693056074,0.1580554416389043,0.7484966829701977,0.35768549010592093,1.1295955437687621,-0.3989716020362415,-0.6874103109886547,1.1100908826868425
-0.06286316339673642,1.0541098343882704,-0.35596253781429527,0.28327639615040356,-0.11899199841641833,0.1609647494879806,-0.4731407825353101,-0.10788087578123892,-0.45849120159364454,0.24996395641502622,0.6670365356846062
0.12667187609082034,-0.8741102773034958,-0.2934074007471442,1.0626263946703798,2.7631302340562796,-0.25380468258404126,0.38010109377323087,1.0126471071221663,-0.5898006934509882,1.5941184927599281,-1.1125585499292925
-0.556286572030367,-0.3606758027179431,0.1816210683506578,0.9637606262434634,0.8688424140362829,1.624627824566653,-1.0235104326131483,0.8745716689506553,-1.71307182367055,1.1882565183668021,-3.050276372280195
0.419617497124242,1.574850541853223,0.09437119526036097,-0.45287706672020006,0.6435294898605859,-1.2866762101636617,0.15459642356945894,1.8067445388145371,-1.6489673143460328,0.9231632919681689,-0.005131749839481554
1.049721065379863,-0.4333514093564931,-0.6084850915247213,-1.2683524816970129,-0.3127801935252618,1.8784388346435477,-0.36093614113598266,-0.6942333644364845,0.7043116277863966,-1.4585386180622562,-0.3859812823113444
0.9614768577782307,-0.3493814172095005,0.5026229134870184,-0.221579092045505,1.3921712591097557,1.4835427454060617,-0.30632217900902786,-0.009670339300421715,-1.3835584403758636,0.30032100802097306,0.8027466192516677
0.21196812699995848,-0.055341375838873934,-0.20507090547955723,0.3761820387999722,0.45963301873689805,2.200498463808597,-0.4870088487975921,-0.6827266484620943,-0.340329702526977,0.06045805687351879,-1.5134407275882689
-1.0216849798032444,0.8361343490718357,1.0188467202974507,1.8155955454444943,1.469881819888514,-2.3796129689886976,-0.9154464470951829,0.9999903249096247,0.8941952203080374,-0.39346443441120604,1.550638597444554
-0.0888730115820638,-0.01911895138842827,0.5465664666800101,-1.772956565446433,-0.2693279661842616,0.8665867949390471,-1.4210414200303534,-0.7131243612053538,-1.6581566172659448,-0.523785728392952,0.825916191633968
-0.4027861470308194,-0.4136829669934603,-0.9710851494898013,-0.0605216386496116,2.092712121889213,-0.7582541917836094,-0.3652224862187603,0.7961222753124121,0.7048602752537277,-0.1500530782851717,2.230664035211596
-0.9806932072670683,0.34708196890462223,0.17544270119341357,-0.02034302895598507,-0.3154604771270005,-0.21733445375088215,-0.9570274764843315,-0.4695428477009504,-0.4068098629678777,1.131568396123624,0.003478064436628459
-0.5129313060604581,1.920630826218455,-0.3793553096337606,-0.22440692615388294,1.0457627085998407,0.6969917321882407,0.2881812042108143,0.250814767322384,1.5740236864447645,-1.1285441272110057,0.019696787150108454
-0.15979284707950808,0.8544443072406379,-0.06699477438082918,-0.7309878501232744,0.4281775085326009,1.500293480774617,-0.156447795651387,0.5979424104996459,-1.3142679427313735,0.5505759853641978,0.7455277915964887
-0.9209771796159509,-0.8249973546835037,-0.08221449067161546,0.5563929922501132,0.3455140024558334,0.22284561336714803,-0.32721934205414044,0.5895996255555559,-1.0820410953467807,0.380589815961018,0.5805396332018041
0.8365674358557642,-1.0401162716128491,-0.3590170264221014,1.5517391103624765,1.8239142224334945,-0.4773973509112851,1.5980317169545997,1.6116124962347216,0.7269800739542099,1.1894159269946454,1.0289913781009203
1.4937105561957456,0.8207072338353821,-0.22193812134993118,0.03806416156359761,-1.5904813574855625,-2.147644583223783,-0.9538065174349466,-0.47644877911204964,-1.2094524206700257,-0.32530645510116546,1.4659538145828486
-0.44902085668075437,0.8440411936273859,1.42955540609231,-1.3464449517726895,0.9662177496711852,0.9580638550076851,-0.7290022866807266,-0.14657013402713448,-0.6369672648202324,-1.6177654586710293,-1.0283173090429116
0.12714970641612763,0.8962748796566472,0.442201891508782,1.373832640427782,-0.2875227804413903,-1.5171156710168647,0.46124217137364776,1.2296885988748931,-0.9234410783105039,-0.4154489423255581,0.4676823411435986
1.9798307995452646,-2.9578380767516097,0.7213069390979232,-0.7350158084529442,0.22536472192529314,-0.614609489022269,0.1062823315695386,0.7515020649983495,0.21122148105455635,0.20022981748214105,-0.8345945114543898
1.1551424931985943,-0.29123723117423567,-1.325518669425183,-1.9672475835315257,-0.10242152204582831,1.0176682111540745,0.2928407898403314,1.0118932378401246,-1.1000305915259283,-0.9954743616367583,0.31612170224591374
1.6295251586968003,1.507654988829184,0.37973866885429686,0.5544941444316547,0.4468928886882642,0.915786957657158,0.6986429053144856,0.9873681703594421,2.0185143935733643,1.3127026669029185,0.8018481863758588
0.5876171025175952,0.5775448680505837,0.5155693350405421,-0.43414001256290563,0.44015109890634163,1.1168123660583515,-0.07508991364463076,0.661512599467368,1.070108782222127,0.3566520343570219,-0.4858369863707199
-0.599474450360103,-0.4334439921154537,-0.3851377695064909,0.45121930279793865,-0.14940208528868829,-1.245048445831989,-0.1117830265112125,0.11213729626593914,0.7946719960450342,1.8634054506279552,-1.5463718928482988
0.25840025965565666,-0.7768787403119286,0.016169397014624873,-0.7714872807747224,-0.37903303553960743,1.0476537096802545,-1.2652500288729442,0.6302707751468067,0.3873829699645491,1.2770463220337442,0.5095050632660444
-0.9745443625075778,0.005467023084459133,0.30551754254091734,-1.2615051639998984,-0.2925751490933242,-0.5125102468038285,0.7207691472450192,-2.553954845698808,-0.23701389067384362,-0.10674002136443057,-0.021607277669771902
0.8695351467310009,0.010989077012359261,-1.6522166149340793,1.68819982180471,0.2816799966957235,0.1570304452528841,-0.8945361432931882,-0.1395387344805841,-0.41308685596482614,-0.3973556038248427,1.150765017289795
-0.3407599078293964,1.2063108277209629,0.17807945728235675,0.01647846321354348,0.4608720632660365,1.1047719041065678,-0.9718632587724789,-0.01968319966092527,-2.789829340714562,-0.8733417346437912,-2.248781116142075
0.0966668624533191,-0.21171241342101943,-1.219362964453756,0.0471486446495373,-0.8182133604365787,0.36774113920333384,1.2277834984392426,0.9297630223570188,1.758962893429114,0.707842445951972,-0.8508532183442503
-1.2591748130794043,-1.529560746314354,0.6532277117048604,-1.3221685118211928,-0.2253893861436566,1.2601409660034772,0.5874871246957346,0.42599289589042283,-1.604768462927146,0.01247186651063231,-0.213927313473424
0.4389413502913163,0.6205821000477473,1.086820111914376,-1.1648876106295036,1.6771511546318238,-0.5075238061309724,0.12673021938303414,-0.8683127383696414,1.180803389828176,-0.952245784774474,1.507745319451551
-0.7643503131094456,0.1828375681564266,1.183732317111032,0.9485139505756548,-0.493755787222627,1.826626667568972,0.5665191206552864,1.513718412689411,0.43483018690004627,-0.08889421291960767,-1.2260565428257202
0.12807872075733107,-0.28898138197735745,-0.26349339372936553,1.4349717716467496,0.5611831952718966,0.04929845701818016,1.570876705943158,-1.242631301612765,-1.2851177946811654,0.24401153842973114,0.09417962961212181
-1.3867224104466738,-0.973752047812283,0.22785183634729425,1.9669986946214841,2.090173088440187,1.6457406697425474,0.5834597736645535,0.25163603677531254,0.8074898758129766,-0.38100574912246266,-0.15823741581374168
-0.3630423483279629,-1.050051042566148,-1.7544104631326123,-0.14282893902856938,0.1304652949227531,0.0892324313294112,0.3938055901761028,1.7801791517658336,0.08948618331896036,0.6043698443537077,-0.7130859979350567
-0.3099853154383009,0.6289178455026418,1.5466907814784656,0.4711510395305067,-0.30197206635772683,1.0129232911373078,1.0109579832066182,0.9273924806898526,-0.018199800731686235,-0.1579964870405089,-0.8880498896687709
-0.18511444641185373,1.428801083993325,-3.1015715706819824,0.8415344989115575,-0.16943776716809897,-1.0471420401679905,0.3548504028504102,0.09639441989185012,0.30718260160093647,-0.6075739486565952,-0.631820880424481
-0.7621087882590388,-0.7615386559744675,-0.31845995076847045,0.6200102020146679,0.645759231164094,1.0288091060612476,-0.9545863318107948,-0.7492210128688132,0.24485517706455678,0.016078694679929458,0.44434838429647294
-0.5853700762631822,0.1864759722973268,-0.2663313064618387,-0.51955634779099,-0.9776461839795366,0.11434006842763336,1.7958762713316598,0.2963451583449177,0.9212121236651821,-0.5836709093092015,0.25852327435960787
-1.7624913380714888,-0.037940814688022434,0.19210835124843154,-1.2484543180168934,0.17755033857012517,-2.493270870231835,-1.927517372796031,0.06555241575952303,-1.690847880373379,-0.22806081253823696,0.7686831777728912
-1.7359024583939642,0.7712855708266096,-0.03155804693987457,-1.0850847951458074,1.4552232857943306,-0.05130602185632926,-0.7084515187778878,1.2624050238118505,0.8643168210344085,0.5306464260264643,-0.8235467989875607
0.16178107169439693,0.11578047766730104,1.067433988162101,-0.8152808492457048,0.6996348891461424,-2.662754351602434,-0.5672023776591222,1.354810461824963,-0.853234938880978,-0.20162788528463593,-1.5301435549074491
0.5716842126279538,0.335793668689489,-1.1442846095500387,1.6357625570312468,1.2345622165421226,-0.3847711313774158,0.7225291227864798,0.0018900379900727618,0.406271747850374,0.44630450196631305,-0.19924818314523793
2.70496420474298,0.1016663416131997,1.07777175512639,0.054936755707989844,-1.0920183344612007,-0.499077396504391,-0.4630617747486445,-1.1306898961657839,-0.5023240776737881,0.12167316543473324,0.04639574408902018
-1.4560799925699504,0.12104086863219092,-0.5767584380309086,0.11416325059358606,1.0819834084525635,-0.3007837016696673,-0.5170865601527791,-1.8640248266207755,-0.5132409307272638,0.4816681634734421,-0.6137208229648192
-2.5986122456408034,1.5942221168721664,-0.6787081336068514,1.690720039955499,0.31991951845504557,-1.8621886902865452,-0.8962925730088859,-0.7584743353962636,0.7946798193106334,1.5969783866752334,0.30195389587330146
0.2974874780635483,0.6964394519781393,-0.3972391340766028,0.11915697919800074,-1.1172188405315682,0.9184943819286205,-0.20344569972786486,0.4978896581342754,1.198727158013941,1.8996995352901407,1.5760406373508982
-0.24120980669732242,0.18725242801728328,0.1953916451825368,0.5237697641735305,1.0318991465172236,-0.30349967151686935,0.9512983283494274,-0.3481178785434448,1.5001616093446888,1.816895049879682,-0.4632098968039121
0.03021816438122957,0.5165330774521492,0.882298098465376,-0.6573628127126753,0.5248389752495806,-0.4290575400090321,0.19772988865137142,-0.15266642392372626,-1.21446388156568,-1.2110530150458694,0.670127646959253
1.809383624329524,0.06700202262119379,0.6871944849737057,0.8360217766646324,0.04672050981885807,0.4574205042628779,-0.23075112160009514,0.1309609754336187,-1.917452871257083,-0.4449345088688361,0.8306871177431253
-0.19299992037575897,-0.49332871527950023,-0.5212264244699574,-0.45971669654830416,0.9025291490830684,0.09389096764922447,0.5337815910402887,-2.4852233707917404,0.1434833297135363,0.14987412922441884,0.5154097767818254
-0.6196271475060127,-0.5377762141886931,-1.8269191852674374,-0.5195167242555759,-0.6310461723510908,-1.6156500359152361,0.6189592142026724,1.4362839838505617,-0.7708244803758801,1.0134930779129414,-0.1510009899979741
1.1880798111169908,0.8744460988319456,-0.35116250746556327,-0.4906050184164637,0.5411468313438869,0.918875573997329,0.50386697986459,0.4809900662864131,-0.4156790314412501,1.0397823410702285,-1.8978454687275914
-0.6167744737893508,-2.3587757607493254,-0.5076917448690986,-0.10680187566509672,0.3435443184071048,1.2773550533896199,0.5480997980855651,0.7058956052110495,-0.32627467340950467,2.2037808015856917,0.9442866947069215
