-0.25546600478452236,-1.2340390461288167,0.12739690991773023
-0.13939764770269164,-0.17337238217023312,0.3363389709079253
0.1099418642440959,-0.7918855491431382,-0.14295409699543296
1.041566745420109,-0.48669046681153055,-0.6041517966705752
-0.47577852631655404,0.6698096699961561,2.076363848031365
0.49017546768213976,-0.10590134614816667,0.5788779304392204
-0.6476999010112398,0.9201247320277304,-0.679555500980671
-0.3287041003401325,1.3139747917544207,-0.40028807165178826
1.468526005623187,-0.10268795903366706,-0.05628717519543505
-0.398368927861452,0.7460842604340887,2.0774295543571513
1.027846824757547,-1.3754645464996729,-0.29314692427525013
-1.0601415613254483,0.009121363502825509,-0.6972163994871812
0.88760934342483,0.8524230842631285,-0.23446345312042477
-1.2252445123791276,1.37686150534005,-0.24393203061806615
0.6053071555079774,-0.9342566235622493,0.3763606812583439
-0.574640265954077,-0.06293416751459387,1.1377922593188332
-0.6917560087251986,-1.5773015737134144,-1.5910940576780952
-0.35877640289861684,0.48525309911393977,0.726935948630249
-0.008701695059080698,0.22845163238938127,0.8594546441389269
1.2286404815306913,-1.797118579645417,-0.14125674375587663
0.9995374243866931,0.594718616533844,-0.34467908869318903
-0.28959419141913184,0.20831581607918534,0.5508164941505971
0.18748553168988474,-0.18396729468289658,0.3707816408542662
-0.05980258694399846,1.701848054482303,-0.5734750753743929
2.50035375233772,-0.15426686630902275,-1.7055156661906352
-1.3698253263598121,-1.1996353307626462,1.6730987966850663
0.39888451006762266,0.5338748293265478,-0.3516086481884282
-0.853915089992374,-1.2736637509907616,1.4827570199243398
-0.8397550089288899,0.3083014493472428,-0.1439043518943103
2.146100447500385,2.122201493786036,-0.02693720685388663
0.7841387616745797,-0.8835376858639753,1.3825621541500805
0.20607009234786025,3.0888800323323595,0.6831418620035576
1.833768732415369,0.7789237180303498,0.20043899580553548
-0.9696807390398264,-0.009419634984424717,0.5323913487532725
-0.3130093863383584,-0.7928476333386895,1.0076988488386873
0.05986038288391947,2.160312353565837,0.17262225464299866
-0.03140482672751405,-2.096062602513451,1.2066121491487944
0.10811385100394794,1.6643455686015118,-0.38425352943719726
1.392183042763566,-0.08262772920872975,-0.8036249833997628
-0.19433341793950082,0.11678831156499493,2.4110461212600707
0.2783471362732073,-1.1905639977196318,-0.6537398342156391
1.6329704506711846,1.7958453575468794,-1.1329699214730637
-0.7037022728515996,-1.1254663729703496,-1.2150408743164198
0.38530086441142913,-1.7900051200117193,0.7625833878157687
1.0540710981092765,1.0749227530698588,0.716324658628873
1.703677429491874,0.786820144043147,-0.6195892932076834
2.5067744028422947,-0.7556517406455345,2.1914546804410366
-0.2518681322985541,-1.4654665889627743,-2.0811598389466153
0.08783947377428097,-2.7753609137877007,-0.603714814624326
1.203846876201881,0.37954492149959945,0.43390882992175456
-1.363907431693903,-1.5288409480195635,0.5327945077642943
-0.4609413031782013,0.3861968062376386,-1.275561067050554
-0.08466478683859023,-1.2903203428082464,-1.4712448118632806
-0.4044753663040492,1.4158214523419168,-0.3000365066652261
-0.9471851032592761,0.839799473959264,-0.6166714229366143
0.5474305405756805,0.7053810246774866,0.858206562332129
-2.0531123395334636,-1.4429126075573988,0.10399193103216436
0.6470719983185381,-0.15517240434457683,0.6627465373360865
-0.7464536340500589,0.9816490380694628,-1.3888259945362185
1.5681310243181446,1.6138288706150457,2.7767421986527734
0.27572636887978375,-0.4991309819747476,0.1126287201235208
-0.26978575706356483,2.085201561872653,0.2218185494452084
1.1263071289758952,1.1833769374382326,-1.2388511689542774
0.05165001687255227,0.8660083969676526,-0.10519834752550798
0.2808202463257894,-0.7983147629043484,-0.18498266552924322
-0.3486695272036251,-1.3633811095237058,-0.822606423093528
1.1119165356652048,0.7719856681893255,0.6964222929981673
-1.1233063995779937,0.5298648416023765,1.7945236362190582
-0.22085787059194995,1.4964210289526774,-0.011857154999850713
0.5772728881035377,-0.6236600666728646,0.2584984203747205
0.47415239027263545,0.8518091874423045,0.6199365432437727
0.06621023985959269,0.26670216966352067,0.4928085389484822
2.5818047862449287,-0.7337138338086532,0.7349327133622529
0.649608216282974,-1.1738587044085196,0.6731102575985976
-1.225405835266514,0.4301077043256384,1.1317442914872093
1.3829954174493848,-0.2425400951734145,0.624548748133225
-0.19542062456805104,1.2240597041317893,-0.16289151528332482
-1.0088807681869276,-1.917057646913833,-0.042440556138882694
-0.7421256460945068,1.1963916855126893,0.9427897448814162
1.1065592102159618,-1.1472682766825064,-1.7849522495140702
2.305124500821541,1.8928309192447632,-0.7137174215389548
-0.6758005039344486,-0.45517029401983766,0.800790770587164
0.17492351641340384,-0.5251051442105162,0.4713116919384985
-1.396495115850186,-0.22714234322691645,-1.502273444505534
-0.23684880539163405,-0.06506459786240432,-0.1626254245111063
-0.3391032586025652,-0.32942058787029277,-0.7839746742251199
-0.183983418574058,2.797147871819262,-0.768831079099301
0.13116754290489352,1.2047445828771588,-1.387093805171127
0.02606176190064706,0.4644011601998335,-0.7120591689532355
-0.026085962470366052,2.2341266359098766,1.1221298418655707
0.8904194159608599,0.003740256859903093,-0.5455560443707661
-0.8938419922175874,-0.859651252224234,-0.5197834825600496
-0.8277069541558328,-0.4414242502232232,1.5822298371588284
0.7572027161887547,-1.5250606642940705,-1.733906518721905
0.6818114613670426,-0.3704512902387223,0.37230999730786785
-1.2916449346666987,-1.2850079890236934,0.8366855824944244
-1.0768866617292105,0.4548856505613683,-0.3721103988077242
-2.328105501858551,0.029848538012518206,0.904511930463346
-0.5032024562410169,0.21600712797624486,-0.6756896117842892
1.5076660403465814,-0.9718782591836156,-0.5080662701473059
0.03757502632454084,-0.5105480335573434,0.5059536266590235
-1.4752746305169375,-1.4743501563335037,1.301224326390492
0.8801710081091498,0.3872933744534539,-1.3990816216493793
-0.6597476721231272,0.8266421115886927,0.8989840652459726
-0.5715883950987009,-0.7499273190102385,0.20539841442912188
-0.8461664445932268,1.540700172280593,0.05452990936515611
-0.4948973232713464,-1.4264360028113097,-0.8213239591694532
0.48253425905632186,-0.7552797828728233,1.4675543154142974
1.1424908974182992,-1.0270420701260419,-1.1402469193383886
-0.389803737366695,0.5824977810391336,-0.15041570890595407
0.529452843088701,0.4451415590776899,0.9928725584890191
1.395676073248876,0.4728759975398081,0.38717821106598393
0.5926732972903594,-0.4725062285423112,0.3528448630047529
0.5680518099478901,0.6561928652694482,-0.8044114922572312
0.12683123161305299,0.9603871288674218,-0.9584082859019084
1.03736867297515,0.0028260469397329117,1.1081574272068608
1.1681172171995577,0.6352997957768269,-0.05435646197173397
1.2642788284001432,0.7727051967646876,1.5547060893155866
-0.13118600502854183,-0.10030744836050699,-0.18013964552026027
1.2474006349738385,0.7712168218476662,-1.221652367204957
-1.1415217960435822,0.7091911828350084,-0.2631724522038163
-0.8978314502510161,-0.9210017938903067,0.9813718981194636
0.5469711574710338,-0.6081660826510811,0.2726908726988089
-0.2595021861558547,-1.845225813675281,0.7852157191676365
-2.436502998545192,0.4175021634045332,1.6947147117588477
-1.747537375905059,-0.24503807909482178,-0.9830989470118979
-0.28808383228234374,0.2433661670844709,-0.37474394796349947
-0.6809183700811527,0.41641100177836626,1.224348962991334
0.33663618459132777,-0.8353630392063214,0.4753820341921327
-0.7488096752039048,1.8033494094563576,0.7333875427969666
0.4284432922040325,-1.3614091532404424,-0.4564993585984977
0.40990027323662404,0.751964068037838,-1.9724046038049525
0.04884598074476792,-0.15899904646150412,1.8605516002647917
-0.04537295783827025,0.4428351298918604,-0.5550568304474727
0.24996945741414606,1.4559585021527237,1.2025277394281502
0.13986658051465609,0.8607997169670311,-0.3498797778542244
-0.9569114557718241,-0.5448801933666669,-0.6437314156007936
1.3166875756672967,1.4279556263602948,0.7549396049941424
-1.9460515253619242,1.3524862299179488,-1.3332912364621747
0.5556909593331151,-1.675899370798402,-0.6498776978056622
0.5789679859200664,0.2725991199726427,-1.041822671015837
-0.8112936990263634,0.03840782033360324,0.6277905815012172
-0.29993119791022166,-1.5544172424747011,1.5344983277515123
0.09141090831917188,-0.43783979774972037,-1.5212814229264144
0.3012605131309599,-2.4909925313683203,1.4960558755025033
0.08149979648859774,-0.2576660686982959,0.252866057482309
0.900914863615163,0.41025928736608347,0.7670505240801199
-1.8521099601585884,-0.7553757204318096,0.9110071453293659
1.7975389567357027,0.3262536536000377,1.0872841026832853
-0.6045986694520831,0.11224654207909575,-1.243007547774265
-0.4065268692512486,1.1613219564884016,0.2665472122971719
0.42661988929979694,-1.0666185953343392,1.4315289830514581
-0.8980827226327395,0.8681459212244588,-0.9597718853095571
2.2599886745782314,0.09534396024458812,0.1628104356416244
-0.6013904087689357,1.980198469699343,-0.08221364507718669
-1.0524597237914826,0.43385369436868443,-1.5602014457769864
-0.6839269707341903,1.0402411769174689,1.0084967832615894
1.0714215818244617,0.3686442628230332,0.7228122331436855
0.15267283149335553,-0.032852161334050785,0.9305380853943462
-0.5367193683355473,0.058419081129043975,1.4050507043324232
0.296774155523381,-0.7869706098531515,1.5428939213246955
1.2804520303373055,1.3240132562944977,-0.7568173961006577
-0.13571466940851296,-0.5148462873393135,-1.4418197958567494
-0.8439744166767624,-0.7774392435426658,-0.8964401018363355
-0.4345382492065514,-0.18298188506953014,0.9302346490723846
0.4983871259125359,0.7797524643244163,-0.5800354121183499
1.0759398957868729,-1.3324468589613343,0.14141810688554207
-1.3754064062189864,-0.7487534633995541,0.12277925686317104
0.16219202990156148,0.0736549986829475,-1.4959732346762806
0.012634516756214775,1.1325908452638074,-0.1062806145957757
1.3160268445010217,-0.9046357354737858,0.2210413942324116
1.243522001863987,1.493314146559091,-0.7716862882937493
0.15388683181768376,1.4276622305131945,-0.20478274117542933
-0.48773231761238994,0.9905181668052728,-0.07368079132965301
1.69353827377889,0.49831609029096247,-0.11875263390040428
0.25601998926912084,-0.7245521593102443,0.14223570143246037
0.2522703081477075,-0.7354386083015073,-1.9627131696620053
-0.004821324444412842,-0.5035067921331475,1.8263322452991648
-0.18287332013932353,-0.8943832412697984,1.7644053170664038
-0.268919726701399,0.5724822637895683,0.6132273568721615
0.5592940302136314,0.509497499225801,-0.18958773648258884
0.31567780187660993,0.39520103387128536,-1.7730329114845131
-0.20078075689975164,-0.3942576106966847,-0.0007179327593280393
0.2522115427872939,-0.36277231354767625,-0.759334604292847
1.7196962242100713,-0.7791705341083457,-0.23132690499380504
1.2861650517968388,-0.7035736405710077,0.08361551747191955
0.9673299101914976,1.2621526538928478,1.6167226100444951
-0.12379090259863107,-0.8405919456180998,0.4894309738065992
-0.17119794963506363,-0.6606822167310831,-0.3981509326893514
-0.031045545145055965,-1.7782949991461714,0.4048172025832142
0.07063084859654052,0.030082868100972198,1.1651533153277174
-0.7794468855741659,-0.02208980937488395,0.6239441053980842
0.82072962403247,0.9228643037102543,-0.3740923672578273
0.9232712764985269,-0.27079361459245865,-1.3181964251226013
-0.7391083518108923,0.0793202657918934,0.7114651326569443
0.4135662308300729,-0.19866518885736914,-0.2579714115212311
1.2142543109780572,0.9636058472836139,0.1263985716404834
-0.8773280422693314,-0.48580072392278323,-0.5539842109186194
0.12955866175021288,-0.7393151984508811,-0.31507063035082217
0.31080854966369775,1.2290343804745492,-0.5144222395480665
0.4663789353666516,0.5011273466335704,-1.0408688596996043
-0.4066259192069882,0.6246015647733243,-0.26262498209023194
-1.5764876783935589,-1.726212054969767,1.1851295659718017
1.0723202691130702,-1.5131803734885125,-2.6236439155050384
0.1519805815869184,1.2027733179858153,-0.4564849401778192
0.14972978548876398,0.7816177239718868,0.48651459155169385
-0.618510613315904,-1.1350852048242264,-0.2912926159027499
-0.9294822626168815,-0.1692065302189319,0.9397482593762538
0.38969244948765824,-0.6864509272281955,-0.022338430669742945
0.7549457037113351,-0.5649036516612959,-0.8936656331078592
-1.7433719731091852,2.080066536032171,-1.209762068978372
-0.4644807682017984,-1.872881384428306,0.4236288723565276
-0.8425437896233462,-0.13620348257971257,-1.966886790270451
-0.2601603928650942,1.0511186839697237,-0.9194411544041075
0.46189852429108125,0.712097849781925,0.36769660533983933
-0.7302734757519314,0.6963096484148158,-0.3944468015246874
-0.26729620887564004,0.5019158043303574,0.25113717533509694
-0.47557914061137596,0.3940007917850773,0.6831047748557503
1.2137991146909457,1.179668595607287,-2.189605540568656
-1.0812727923850642,-0.859103887754581,-1.9315668889269912
-0.16691536163333248,0.3312088767167915,0.9422470485968482
-0.26792316306737995,-1.3006863292878788,1.0216075448972233
-0.25293834416986594,-0.4371412814078553,-0.1376805853276892
0.36438709330226954,0.022020680627308536,1.4408244330494904
0.5009447145097703,0.072041446092436,0.23366393166557725
0.9118010387446329,-1.2266680632251732,1.9612615332398062
1.750963190187872,0.009984201296415947,1.8030906878621338
2.495895927112412,1.0412587424909672,-0.9890621818837745
-0.29771584778472626,0.2562857747959237,-0.26133076333860206
-1.0441405306250304,-2.1028523301911646,0.2544683198203413
-0.1553455756410389,1.8040742975205457,-0.3637416698702447
0.3068402056402868,-0.8490558383239669,-1.227369074864538
-1.4209730038798698,0.8709527260790251,-0.5907899187188919
-1.6364998079173125,-0.02347615802332706,0.6552289969528097
0.6064514145235743,0.7853685666163714,0.5008637939570352
0.4229231346235838,0.8508288624534122,-2.503347766657672
-0.3224410986031388,2.681721981855174,1.4457439050442855
0.22980873256872236,1.4904134672927136,0.18618485339564741
0.8605704711100678,-0.2937849281131634,-0.29226291656199976
-0.1818318913577221,1.9761498294043895,-0.8727106073801233
0.3190818849896229,0.6638604282999208,0.15546598844622497
-0.993143347182889,1.4162945823492727,-1.6137761075129646
-0.9451001320746057,0.7196596502804986,0.10522378269248646
1.0951920962062935,-1.3959976845178212,-0.5253540124237992
-0.13747003022537546,-0.7921371584095532,-1.5061089981187599
-1.5079505907912127,0.05426003576955474,-0.5318413871412587
-0.956686469900336,0.48998043480060116,0.5642617433345763
-0.06822241282742104,2.972855673464106,-0.2668430663381532
-1.7420191299441152,-2.564880224237836,-0.3383368334159114
-0.84088277320132,-0.7898438554466185,-1.434149048745215
0.8003705492823828,0.6137145228585256,0.3116994983683805
0.08083821146525164,2.156246923654435,0.5221469575536826
-0.31294663326396444,-1.4498934760933138,0.3487638064048579
-1.5072262224585498,-1.5026793347214684,1.7357991611332109
-1.1985975940396556,0.22397282826070625,-0.717219405022135
2.1279923571308816,-0.38069617903098923,0.12280544905847897
-0.1727469617922735,-0.3729039492458639,-0.37014262505134726
1.7114389458448782,1.2720248983268008,1.6963395158060757
0.22087027653929844,0.17614652107957143,0.5478993444216114
1.1095549591684915,-0.8448336981856,2.4197425341300556
-0.04588795863827284,1.6135513126089298,1.0340084836955623
-1.37088120019596,-0.1791515654931262,-0.7619403241051843
-1.0422167522685175,0.1726496075938685,-0.8528416697051546
0.7505678677372732,-0.02238128448759148,0.4543462081289767
1.236327713837382,0.7999379376897658,1.4221661443841898
-0.3754619496551433,0.5415151728323028,-2.098686331922421
0.4576600514974647,-0.2786835696897229,-1.0859580994058984
0.20512457402067655,0.3681145454132372,-0.3357983590382681
-0.6949617991432195,0.7982675991870453,-0.23951563435564988
0.031109399915126807,-0.48474662709452937,0.2485392037653675
0.7083075869162385,-1.1566846501328536,0.12325891929558817
0.11577643332716227,0.7264213906744617,-0.4590944621754479
2.4607689103109984,1.702512968570655,0.5027010666901495
0.6105596551587928,0.5779904657403376,-0.6032297292770893
0.47233526419140975,0.7112189674496714,0.870529958026843
0.046768291681794916,0.21599964075321312,-0.784826265895037
0.5413141624282655,-0.18904657461735236,-0.07331788731727348
-1.2422666117815722,-0.47155161362322995,1.13854783858897
-1.48580724536513,-1.3153686481878775,-0.37598425419353515
-0.17196579469904358,0.430367552235045,-2.6093498881519777
1.0017347282448101,0.13417892832241768,-0.6957761130400234
0.8954249876738513,0.6364110295867863,-0.10027141684001377
0.47984557196637256,1.5172832358811654,0.9027444832104289
0.10879566121573798,0.5137280550220145,-1.3710192058906459
-1.0005832773341583,-0.09439050320316575,0.6927570054185249
-1.0854759276926977,0.2701946988145538,0.5152859712051132
0.6287107238221228,-0.15144910993999133,0.7872851742527526
0.25251729663243505,1.0501799481763294,1.3608422672175198
2.005573007102936,0.5117515869473356,0.06412122143527027
-1.8451454233333064,0.8869918491670654,0.587353816412432
-0.8335731584216287,0.8974713825845856,1.139351176154053
0.44098487092398914,-0.8399352427052087,-0.5952732682101779
-0.9399498925785508,1.1737600154539256,0.1720621183129648
-0.26607605473824025,-0.5286249466748486,-0.5375278432220545
1.7464889498410832,1.060969880234975,-0.6454673708027119
-1.7611284876856848,0.2706798764826061,-0.6438565635673488
1.5647389252595572,-1.673981279993062,0.8107453609543938
-0.7141796038061787,-1.6634519380033017,-0.075913978512633
-2.0600442402252357,-0.5358621795994555,0.37141999165979667
0.4638330338392962,-1.7315831256569048,0.0006692607602924687
-1.913442292517282,-0.16395456565412708,0.4776684025580485
0.16886648104495464,1.5888160906235782,0.288684622181103
1.8057135670343742,-0.0322165136743527,-0.6676450704971243
-0.27915917152591,0.6450140986356938,-0.3748979793378978
2.7853982525407273,-1.1076000185852242,-0.9123533115798793
-0.6954626996160997,-0.2741589178281575,0.6363171847229451
2.558799315491623,-0.7571701967620095,0.8236951051345335
-2.034662135669245,-0.5682802007795875,0.5924625086216364
0.6451678872793042,-0.1758721781397147,0.8928714539828013
0.205713581782382,0.4001963111132068,-0.11075852669191479
-0.5198617461045519,0.6169035956344757,1.083208040942084
0.6874911576892562,0.12045746448194619,0.6066037107317219
0.8071429415630371,-0.6857156469270306,0.9678548318109648
1.0141610994130685,-0.2370785692266606,-0.366301305524414
1.1588082117326948,0.4941732497487599,0.28388198830422484
0.6850433728152056,-0.46063808276045703,0.7408547420400439
-1.069437274052077,-3.056173187638894,0.3720126948746544
-0.07998780598821754,0.3705021304377517,-0.6758897883398749
2.2278417927947194,0.039798288566752923,-0.7291489976352699
-0.44047902677807393,0.49154829047618115,0.04731614657037573
0.17616264646243918,0.19521124492602265,-0.08294546858230234
-0.7744200111438745,-0.36633977895106173,-0.5032240086048488
-0.27700784080393337,-0.6941546872568449,-0.834847245624611
-0.12139835629942311,-1.4639830858563037,0.0401914013826425
0.4169245029494685,0.18320202201447847,-0.4921939557713904
1.356308744651846,0.4775805608279538,-0.06433537273741478
-0.35832189141542237,-1.0445702471885905,-0.032366182052335477
-0.17614792830717624,-0.440500477381123,-1.1113976049684555
0.6603583197400831,0.41365707356914366,-0.616101836344553
0.6568239142112853,0.6316945035993182,0.6154555878346882
-0.12040578037248559,0.5010114116820537,2.068017872774777
0.44378149190083815,0.6864959354945861,-1.085109492311086
-0.3560310643899951,0.8262595381967982,0.2246999914070383
-0.7882397982849966,-0.6522476651520032,-0.46179269462523403
0.6084892443776606,0.9360940365430261,-1.5886432379567565
0.3928701972924795,1.085213391766753,0.7942587720936654
-0.12707140060701952,-0.7679922816580315,0.7232595725226986
-0.8802411620547753,2.2385399267015864,0.19538582017786224
-0.6147016984406541,1.7582023069991861,-1.9554105182173265
0.42476032241036027,-0.38131125444587793,0.3041023827427001
-1.6646272716166284,-0.7820045611924183,1.2446039554540722
0.991966206791067,0.16890757499075298,0.946227148405843
-0.16076600631423582,0.1713507955662496,-0.22033515743265059
0.7769712021700329,0.6889250519867496,1.5763437746141136
-1.1096729085052042,0.11346695290031376,1.1679675895015578
1.0310296792334002,0.7469392080998248,-0.5380269197297841
1.0042282952059831,-0.16804291399034954,0.2429030174555309
-0.10751525531231798,-0.1147983896468943,0.8682611820518732
-0.23694598097468297,0.3389854324899094,-0.7952809735103691
-0.2614842356099684,0.9649428716722355,0.02904761788909905
-0.3758906085719583,0.683624586227362,-0.41949796143702817
-0.1996356266738422,0.3119554526116748,-0.2869308865493782
0.6829469124077616,-0.5281903005004509,-0.2830253028879528
-0.8969288495320128,-1.2477069261282614,2.028499974266277
0.8297964685714204,0.008099555990970706,1.308096778767788
0.16264290520151586,0.5147312167639445,0.15790012217482896
-0.6080145459781529,-1.806173513289916,-0.25163824637795074
-0.7052470633809345,-0.6116632837101702,1.8786368419101243
0.5880774136597069,0.7659386812708586,-0.05198793558842002
-0.67513993044038,1.218349952588654,1.0266288321458803
1.1263080015275357,0.8844292753377829,-0.8331685581056554
-0.225963419430926,-1.0463642696897428,-0.38132689259720476
-0.5342613897992388,1.317137581307488,-0.7062212935738333
0.6909501557657919,0.2035490884953797,0.7405226336530712
0.03988975906811298,1.0805486217218299,-0.5842377402983393
0.8240506833160547,1.0489818100967394,-1.07100460591749
0.4336204000404857,1.7322796628422918,-0.5958692148287826
-1.4790927813696757,-0.22842809569946101,0.561146883583341
0.007257285336022236,1.0508608746594035,-0.946939991271902
0.47122085707998934,-0.7666546954497235,0.5225280355645409
-0.6948656218586238,1.565623842099383,0.911683764178341
0.2960871937005326,2.854753577941154,-1.9840473623094825
0.5346210173093907,0.3603072582245493,-0.4723942076725836
-1.6969584070375952,0.043956845271884926,-1.0449995370968277
-0.6161629130349229,-1.4257252043066273,-0.3558135052001395
1.3591791967287246,0.26282848045529894,-1.622899508210621
2.3475465632085553,0.8557418649228217,0.7609993394230548
0.27859962710516717,0.05451115324320586,0.20220958475113748
2.12239684021747,-0.6862437243683049,-0.3546078241277635
2.0800126675542407,-0.9090562459499635,-0.1141247569482471
0.24249283182556008,-0.4271035851114554,0.08360788199033181
-0.6371034835906246,-0.637934658534559,1.1641121483028196
1.4417636584794642,-1.8340049710388429,0.6617547676493615
-0.0025843630879080507,0.853660167032061,1.0176205922170676
0.037756522231521414,0.3771477013372995,0.5865285319166583
1.4721635466385847,-0.14258607837053613,-0.6386517588757207
-0.32611146935285057,0.09483117193129478,1.8501833072308187
0.2742706548551656,0.40677017027843837,-0.7382165834330983
0.9100492654169092,-1.4462516128349925,0.050756456546253936
2.0519624652357877,2.2248127656458165,-0.7925391814247117
0.571916391277897,1.7658233109949582,0.7634839800355134
1.4375628966887637,-0.46638577621832084,-0.31981962130085206
-1.551668604399376,-0.35420052308481337,-0.6347742727478377
-1.4865721531071527,-1.383725205087513,0.23164658934095994
-0.6565046686825007,1.1453692321047664,0.6169619646247279
-0.32784024743293366,0.2633999928698651,-1.305640136964568
0.595407978690353,1.079759646770373,-0.8130129064259336
0.24428354410515654,-0.7733374189465096,0.025361503741667756
-1.7038470556882543,-0.5291530738401314,0.9435989506232284
0.049554010537382204,0.8422256299821367,0.14763058485946387
-1.1844790661332982,0.20725800986377904,0.3025749352667681
2.0267367209131235,-1.3881520302421961,0.4614288278445822
-0.4286224501772129,-0.14135755440944117,-0.08612481327202459
-0.4458060388018689,0.4317528896781718,0.22814644843639525
-1.5015491551472424,0.9314540413494938,1.8340428839447014
-0.3031766134395426,-2.317198864726026,-0.8206587055417919
0.9557529779806216,-0.6761508168972366,-1.6545726295129144
-1.6302555608802667,1.7943809540380409,-1.0791506298653006
-1.237235164478196,0.46512220920231295,-0.9631557336166156
-0.3562052085403428,-0.6756305791699883,0.9865193795749778
-0.0633633102409453,-1.4635087560908293,-0.8843191674842711
0.6222951541899214,-0.6313376708712113,1.1161821806155168
0.15683974837068698,0.10504247970049053,-2.9972326485024046
0.9108652185658359,-1.9170762742996854,-1.1739967763330104
-0.5948894225165611,0.15500691329912059,-0.17343603978337144
-1.5425667446145563,0.21207506867871667,0.6973881644824481
0.6962388281911379,1.307100077483268,0.5436875002917418
-0.682145035072333,-0.8038967346702326,1.7003334922861582
0.2216824720380233,-0.2771416701948869,1.604883898075774
-1.9563990954618729,-0.19913758188841366,-0.6455110447761038
1.04087141442339,0.5226658775866146,0.861989391756338
-1.023638199350796,-1.0353020869861937,0.1820729693838458
0.7914564408950103,0.4974880718984847,0.9607507180534786
-0.10708978052144139,0.023034908971712904,-0.3164998874362316
-1.2130363473231085,0.22188331525764624,1.6566059706669805
0.1427003701063447,0.013484584839407726,0.7594428093584054
0.42406347212379986,0.45999994507935965,0.1607751297427309
1.4307119814626277,0.08493315585594922,1.6311020426802816
0.8382370780196506,-0.688620478064803,1.6571169499706848
-0.5383649451600235,0.7195878557195842,-1.1066349026713165
-0.5235478744006166,-2.091826350618938,-1.3543961896571945
2.019736506715826,0.97987580915737,-0.8782923903284822
1.4818248899470068,1.294990949993402,1.0885569041630654
-2.1968436393050648,0.4980305231489469,-0.2976297119857275
-1.4380752684259868,0.31666967390408624,-0.9583205443257384
1.1847509042716922,-0.2612195154816257,-0.8479705601246832
-1.463660888481949,0.43869823917941514,1.286852428962744
2.231872492533047,0.9808764787506529,1.2435194250592285
-0.08843812661899597,-0.8758034806688549,0.5072605891563098
-1.2130875064755855,1.8951579139882024,1.1888535206469917
-2.8461320506089365,-0.8123126836325941,1.4590490544528791
0.19307567755922034,0.03079357937046878,1.3980803015155538
0.11701669541861487,-0.883828281377857,0.026457455613199128
-0.8401916812286407,0.7043642265841974,-0.1794371852422414
0.15999456263813128,-0.27490978723748594,-0.2865902274638637
0.8622624883326463,-0.07505011328526874,0.19885953914079554
0.1226574807223391,-1.2084629800573927,3.1654064517253113
-0.8698602791126001,0.9955822519668381,0.10511005984428319
0.28906768156134305,0.5475790735823454,1.156360295638734
0.08573621227147896,-0.5821750150699997,0.17107124334993984
1.562505983687833,0.1970379694167505,0.11168338250159382
-1.268851630187641,0.0863980869284193,1.7367324514810631
0.4221703079614554,-0.4359307619243432,-1.1077919030605095
-0.09415000994672566,-1.1464516035326555,-0.23963951352800403
0.27836304374557125,1.7170313618115833,0.2958999080930678
-1.2210562820783877,0.13793310161402444,-1.0105470004331387
1.068849021961835,0.026282244311936147,-0.2491520558789791
-0.3178079825683988,0.1894583347513869,-1.34329581466401
-0.04136279298202631,0.6545422808613034,-1.2009137671757515
1.3034217164505635,-0.8721680894951481,0.7636172796340842
1.010579117974103,1.3220490124209852,0.8351848816866131
-0.14557252724070383,0.5305782203804729,1.0182981085478167
-0.11553701970270888,0.7454782634730949,-0.8848415146021623
0.4643041705638405,1.0710096913233211,-0.2617777324432625
0.5902975752550349,1.1305043107574597,0.9181449436505666
1.6089794127067125,1.3622532201431508,-0.4129165220063997
0.6155948014348116,-0.1555469401876204,2.4882054341376207
-0.26485932405079,1.3138311779162375,0.8527293519024369
-0.8487562314915065,-0.591917016712033,0.5108231425085413
-0.6248107359173335,-0.5476838261013799,0.21044287521231483
-0.30686665940346913,0.11776391150600503,-1.307521489236037
0.0948081894256405,1.2950400072341937,-3.3924273064601365
0.24855653918693354,-0.1846890200317386,-1.1806105921289483
0.4524057192384066,-1.173737298596893,-1.9673935970202365
-0.39523778073985244,0.19870398958971297,0.6202314030937921
1.2376024937538814,1.0192494797159302,-0.44472882126946545
0.5720287105498006,0.2030797671125928,0.07494514570979571
0.3735192539173124,-0.9872268448249776,1.0447317272594798
-1.2925145890962932,-0.026832430907112147,-1.177448587228706
-0.6775357293080457,-1.7995816742508055,1.6291946103487938
-0.11517218326161838,0.07497353013794247,-1.3223168530709164
1.1211639890661595,-1.237885313385726,-0.012683593814183523
0.5648950348418101,0.1087531526992808,0.7186577262706032
-1.224688416373766,1.4184649065564323,-1.5667246264258197
1.0252102584723526,0.3077905372136274,0.3269451881508364
-0.2388049148156951,-0.44202080135872607,0.2835862074484513
2.55948999581437,0.3482578283643242,-0.7163124151857235
-0.8103691462541944,-0.5728607995280285,0.8377670600438378
0.022814517018678045,-0.7579378479901286,0.644098590360935
0.8542362973418677,-1.0238099318546554,-1.0072318637988251
0.3984042800270473,-1.103433516517697,0.20039976907001888
0.7844362359819781,1.025148238423891,0.8542681217594281
1.000352685447824,0.04178628298100003,0.1642341742849502
-0.18635508051680555,0.7176061487649906,-1.1221523142158218
-0.055187399914503055,-0.3518154262631305,0.5306455479812423
-0.8013234513172447,0.46368881575943965,-0.5607629852003702
0.6987990844272689,-0.4720364671022572,2.1710712209090963
-1.1417754293754718,0.6166334755469853,0.29833490519234784
-0.24582569880265956,1.225572545912389,1.1042166507198627
-0.3169714008158622,-0.9812277956411805,-2.198699718986514
