2.959280507330563,0.887479495681816,0.33364204179822393,0.38437605932413654
1.1441337900663167,0.08227384564395783,1.9993710904330233,0.04911167011799024
-0.9088588244096615,0.3450080821205491,0.2564162890041483,0.7304656981425309
0.8713312504349051,0.6852257398574734,-0.6842496701170282,0.05171825314462059
1.2152369038375341,0.09144978828808446,-0.019789467593131816,-1.4450469109170971
-1.1415369128563504,0.6743409429492342,-0.8521337673857087,-2.0258611533617534
0.585388958481174,-0.5895395533710964,0.13975182112866102,-0.12189501689062023
-0.3433245920165275,-2.276056728566863,0.8474584146291795,-0.8185840034605677
-0.7489255217509824,-0.7595704149346518,0.3070093819689435,2.217057973506513
-0.3357747201615202,0.8488459190405482,-0.3714365658277449,1.3281974230167137
0.04210691915466965,0.8293558560401284,-0.8257815123418126,-0.12481527980823559
-0.852563443431554,-0.15649772806394238,0.34987323429592626,-0.19756032413793728
0.2940266441383421,0.717619435898534,0.3063072692274787,0.7244656990587152
0.043954994146795316,-0.4793645989770748,0.8521964678624825,-0.9343525708775653
-1.329264421493802,-0.9885586598268319,0.3508003676754985,-1.7814084656684044
1.4806293159043502,-0.279006283781079,-0.5960689262033991,1.1898121379412752
-0.5025320966688994,-0.5234522478428227,0.04882433396050437,1.0491361139393107
-1.4267670052275419,-1.0372934842740882,0.5671281283016625,0.17569068137872662
-0.7606691505400851,0.9007857625375575,1.2330737151446949,1.0112458021167416
1.1665652353329448,0.7778948740876133,-0.8197920576907686,-1.727454000243884
1.2038383863025006,1.0685628839535342,-1.6958692368005863,0.49733048975725713
-0.24728486355830412,1.0927267477461167,0.7042315450182639,-0.9176260422284598
1.6977037681332032,-0.3805345813612242,-0.9579817853367492,-0.3015194262964898
-0.09236696972309404,-1.1897908919391993,-1.1418582312798362,-0.46074308336637254
-0.48968093167749227,0.2922888421000867,-2.61380516017817,-0.26250022359492264
1.9631677112136,-0.4823554141291482,0.2921850771041064,0.24499290277413033
-0.21605913731012077,0.7932237973490871,-1.917446626774293,0.7920905822765321
0.7323298484235012,1.94386721587925,-0.1495683308883017,0.5585854298330835
1.0472512916103829,-0.6203867331152584,-0.3908766078335178,-1.1959144043147167
-1.9821161289181919,-0.29067601647175,-3.1475624127238504,1.107414977776863
0.04753713558926713,0.7939035981271726,0.6636409618457727,-0.3295814142962702
0.04308302002659174,0.0017446716122958565,-0.5565519574828983,-0.09502467695718865
1.4145034246728643,0.6004089355984442,0.25295985222145634,-1.6326471916453977
-1.207452203395827,-1.0341516838446099,-0.4506627802218757,-0.5562304345332537
0.3805999332381486,0.1636892993213433,0.10777289114312112,1.7190041448052193
-0.11563468718411256,-0.962804706228524,2.3456218326946003,-1.546699544781436
0.08372488462719366,-0.1297101738392406,-0.07377361069801236,-0.9896847824995547
-1.1924129285518112,-2.927507325133117,0.9616329945962226,-0.2648547089977168
-0.9410894440874242,-1.3316892659495265,-1.1062875499764926,-0.3817061533066458
-0.3890166372888486,0.3881180517693817,-0.538935382608535,0.5526629500104084
-0.964188111639731,-1.2809823040130035,-0.7112550098346301,-1.489752671094941
1.786938184989006,0.5225208631681163,-0.2999763438401516,1.4105584777623938
1.2003987957474755,-0.19640134303596146,0.18633268248233245,-1.2656736872895384
0.28359119565927526,1.1802501194162123,0.505447732847154,0.6448169615141893
0.7818520838334663,-1.0512598318661686,0.2726960283604784,2.027480265769772
-0.6992446718422078,0.012981876012454195,1.810752912318765,-2.31123481749422
0.5928049923388738,0.8128058359381968,0.05666099805151674,-1.0150370341451895
-0.68353097423659,0.07230754433504424,-1.9579154679616981,-0.1031748474831542
-1.2708571502377455,-1.2485146540859342,-0.9633250875638464,1.014605944160768
0.28472621386577107,0.6265960803502887,-0.3835667180840017,0.8918682984559084
-0.962799118413151,0.30667674008751256,-0.020863192061873728,-0.0458113066045891
-0.21105348488504697,-0.86364109607719,-1.1623012384287132,-0.010672848274566613
1.7600119211481489,0.42102677168708197,-1.0463507358469193,0.9058609747475508
0.6648318797350707,0.10672115516629571,0.23021165054338208,0.15419446661994465
-1.6891579061294342,0.1122299293302745,0.15637354369923392,-0.37671489779065964
0.1332153125687267,1.8515021807337082,-0.0016659683164741974,0.7462131647200273
0.2351186372643547,0.014659689583017325,-0.8763363320049905,0.6080826572628684
1.306104898439058,1.405206361012692,0.6796652714124107,0.7752930750871277
-0.2590276200630004,-2.2289163113385513,-2.0486024845981334,-0.21849987317264633
-1.0202536179767758,1.5237401443738396,0.9934413347223906,-0.7902498594773124
-1.0896025441482984,0.1899532543847577,0.801451268168916,-1.2874474885540548
-0.6080063331403105,0.20265278406648346,-1.1798200132404904,-0.3017015464136508
0.23656218926973915,-0.4653849124017713,-0.058202221462047045,0.2543882890163778
-0.23135580868162675,0.7613210530776967,2.318072468527578,-0.2304548612280488
-0.663836113722463,1.2147363818594177,0.2872258431742831,0.9941296177720155
-0.5343195743194131,-0.30877920339263665,0.10903905081436982,1.8598179368674455
0.024936495072159677,-0.8947224240193136,0.14009177936352238,-0.2995207285600361
0.9601099657932202,-0.4403665266094169,-0.6779833458356775,0.9626735359286912
-0.10936916711225607,1.2203014081832009,0.6636742555576259,0.5935586803650867
1.6320797197609995,0.9504046600552354,-0.09497079609367907,-0.9402874668360365
0.281943908122051,-0.05229952795627842,-0.27227462806260516,-1.074066143248587
-0.12189146185460326,-0.5823648910480121,-1.128796269683732,-0.03497031183123387
-1.403033181155553,0.9502962357824845,-1.1155856272511209,-1.3686870052597564
-2.596571047511392,1.3656017178435333,0.42173183699391836,0.3687780698275348
-1.4543916937904022,-1.058738797676909,0.6871646395235756,-0.9954554459553171
0.6545884836159912,1.0484854278592568,-0.7012670993280449,0.029090388220913234
-2.139329974426247,1.2840985445624804,0.3894228785022074,-1.1087607779863773
1.5921313670981219,1.0405013078747762,-0.5383146387527789,-1.2337200041936314
0.48782387187938125,-0.9507534138913615,-0.903662069102296,-1.1806381469551996
0.4474302062416397,0.5190101398162957,-1.1407013332996125,-0.8160440351629038
-0.15562141666585708,1.4647427634040815,0.971534044771838,1.4422099412412968
0.45349322108089535,-1.1658296426006325,1.1669896237734838,-0.5721631780421614
0.05745519885742825,0.22002362053729074,1.2477954541426175,1.8711092273761396
1.9978114978217192,1.2270224627139186,1.045279103387196,-0.35152421791079896
2.940375549260443,0.5546108304675137,-0.6550655381576054,0.6967064560613788
0.9039753336124372,0.7754951979324938,0.6973133596132036,0.4761840217558255
-0.2717159283542064,0.1440050930290634,1.0958749167825672,0.3314648724562497
-0.48670877812975066,-0.7567300651136148,2.0203442268400305,0.030301473169967407
-0.5877470487061762,0.5216068107305581,-1.1579905369670802,0.39153712669563245
-0.07289529876590888,-2.240156804254454,0.6607661156146543,1.1470142916414483
0.059622089999223596,0.24639479002521325,-1.485351509084171,0.29693456911796945
0.31209682676075984,-1.9990835262437814,0.7918852643250419,0.45354524682123265
0.6490426501988803,-0.11121229843071821,-1.0274893630492474,-0.5060072191395568
-0.06332699711267745,0.5989687915276798,-0.6493420444087176,0.7048680776265269
0.5254115388658076,0.7422131802885709,0.9579664099393762,0.7334245433487458
-0.49514826633939646,-0.16329321756512186,-0.14159882286392528,1.177222506544051
0.9737880583612839,0.11556600129277032,-0.03861592163898768,0.41838010159947303
0.7157320583720862,-0.6243012085567325,-0.23031777310039067,-0.5633152455271216
-0.11616803951247677,0.7375581439023244,-0.2577009812950802,0.0976363853917633
-1.0113123673325517,0.20804944848476764,0.6005221112545909,-0.44943936903706405
0.1239592338647717,1.2174792714347238,3.1637390640868785,-1.6967204373086833
-1.9831637559051143,-1.4217172939563407,-0.4138916326219632,-0.5858481147286562
-0.8759136289970144,1.0964129225636705,0.9148507961762011,1.302597536409343
-0.3264796384144509,1.1608455111302738,-0.9198848240336824,0.4741581234476678
0.7595843030417524,-1.150950157284395,0.17313499365751167,0.16332512585325173
0.18812053897588296,-1.943199388546736,0.450655994018489,0.7259978214646862
2.044551184539548,0.25352810285002375,1.398887484808263,-1.2603804476727445
-2.02452110257634,-1.1783798588448806,2.2942214663204537,0.5276106422230082
1.0975414355835305,0.6922963521638391,-0.46031118069258403,1.8695514596927842
-0.6236150481640041,-0.5401448574225752,0.19579084597822005,1.329367259368574
-0.5773936818380961,1.0501733894116139,0.1411757178413226,0.09227626346336874
-0.31538822219655155,1.30394305188199,-0.5358958602381639,0.17888711750723016
-0.8615154329784958,-0.9731996090533324,0.7423671654584105,0.7402807371127337
0.12959882481423024,1.7910800667244946,0.9897758035057187,0.40418574630485027
-0.637001897100191,-0.25523004404264465,0.6735580012184652,-0.4092257053514462
-1.1746878714030273,-1.2499072229022736,1.0579086102324464,0.9216759395137878
1.8793774076876326,-0.15598580926151237,-0.9278131818405646,-0.28493426742640715
-1.4509144266437008,-1.7882269053665338,1.8711853653321586,-0.1858021904940514
0.19715012628276823,-0.04622071745803174,0.8681062864512133,0.8009347159712631
-1.226992911310139,2.5507443418761495,0.14098672386258293,-0.07074456505495072
0.8954409790517093,-0.18651714375273376,1.1278752871574775,-0.776190230083266
0.28449411877287073,0.6026370847672358,-0.5157668036296915,1.0090659109585198
-1.0527534941831564,-0.5915227527351741,1.1638549072013675,1.5027381807705744
-1.6530939959596247,-1.1936653323409212,0.630087904325932,0.46736447974300505
-0.8425210325640976,-0.09138680234191009,0.21136609757659836,0.4958842016327228
-1.7672981562405106,-1.0004403366873558,0.12590044983924217,-0.7530111841903011
1.2501416695968104,0.7063142218484466,0.12015250688066505,-0.8190534975028193
-0.9573981478993491,0.01882744419843365,1.7168286362835898,-0.024923632568432563
1.22386860515529,-0.9471929851808163,0.695204058626766,-0.7257561762920065
-1.2499574328944965,-0.6633227791312207,-0.16519385946461845,-0.8464186209219043
1.5171296239034162,-0.5199711984286148,-0.019745932438155644,-0.04834533447446217
1.1604389739933816,-1.2409163645827965,-0.19536443101805837,-0.37067663407876533
-0.7584140128041943,0.920300916112642,-1.044908482777292,1.8273318050346539
1.2366655784995622,0.8531339588126722,-1.9048204284467471,-1.2402625419980489
-0.1355127191215815,0.7478053792753607,-0.08881303443295738,-1.1776617147702122
-0.3572233597656987,-1.0754743228184032,0.621324605997676,2.0544641568359197
0.17317563785546602,-1.431014680411229,1.972778765652849,0.7437529840172113
-1.039545782323582,-1.3947225298248063,-0.8040515306133454,0.9053231151393465
-0.21202318483105018,1.8019682941159751,-1.3416509704613324,-0.3750914309120999
0.32753431685353757,0.482396745102573,1.8526604902628738,0.46690943004037033
-1.3119090471428192,-1.2306232347519768,0.5542789158497136,-1.594263737449908
1.8689344515031325,0.13129004884981907,0.1902126229055832,-1.6091535589612835
0.9002199218095872,-1.2272619459972414,-1.0012686228099152,1.4368613181695131
1.501058956332671,-0.011604352575754451,0.27109314796489536,-1.707361277727055
-2.6070881374015467,-1.1312092654667856,-0.6579553035104113,-2.177368206561515
0.5897702322947687,0.7651323971262751,1.1970863539232852,0.15214136400318498
-0.9342525137562245,-0.6945455766004656,0.6962514857510438,-0.3585495530736864
0.05239802362726997,1.2857943320013911,0.42365630612526134,-0.9591193281187284
1.2323321343885902,0.577962900398625,0.6168502590223276,0.059585639399883955
-0.39893287195132715,-0.42166613648292345,1.8418201524334863,0.5983357474167335
0.5334098744516993,0.337854442001493,-0.14573492560435342,1.8533921466686982
-1.48677362268011,-0.16791780747863796,0.7113077030336389,-1.9264541587846336
0.713427771496047,-1.3559647068267004,0.6087772126545263,0.7008276735841599
-0.8181021297932072,0.4449297501293202,1.553473981859983,0.08490359466360418
0.00635947380213906,0.2000717676673059,0.13639018076574497,-0.8625665488495572
0.5343815900242253,0.5235184710240711,0.3928285710776163,-0.7264732997206828
-0.1947997608216167,-0.9155039093856374,-0.3179571628251651,-0.9469505975896304
-0.2159608461636961,-0.27635921728414714,-0.62163174386349,-0.9088900649884214
-0.31955430995723244,-0.07126568754256833,1.3951289436473326,-1.350851236919579
1.6225765436777482,1.4882915985301726,-0.4434620073047541,0.7960204567992232
0.35449855577588035,-0.3846488605474151,-1.1459177846575048,-0.4027831029109331
-0.7320252103482573,1.2947341285312377,-1.385812895777862,0.5410753620735788
-0.16496729540954982,-0.9540742280887407,-0.37890671737695336,1.1237418115659283
0.7746885211607467,1.1815643560062024,-0.8345453171810621,1.1384925097219436
0.7264554418713689,-0.8021952345717458,2.6997033467455154,-0.2853339905875013
-1.0789252726274676,-0.5721520597331567,-0.2250152488156441,1.4455698407308628
0.2861467425403532,-0.5414579203319076,-0.28059317111536414,1.341881460776192
2.1796369097024315,0.40364389979871457,-0.5887669119738088,1.140155058689144
1.8656726686166454,1.220743452819023,0.07664975068067927,0.7108820183148468
1.6211416471653917,0.7297722271061364,-0.07235861701033663,0.8802877590730143
2.594322968002939,-0.44460850748427916,0.2630269396381551,-0.5401111555273191
-0.05696351481828702,-0.051772061242775565,-1.4640153177250526,0.9272752762087568
-0.08340904422051161,-0.5462611466977997,1.9832865569117006,-0.48356276009621907
-0.07104608762261766,-0.9103135809035923,0.0821056754449176,-1.0153407128079577
-1.1778888164149135,0.5935144735996438,-0.2537117844267927,-0.8839189212304036
-0.948330176487336,0.8510951811253225,0.19912337072217048,0.6329767803547104
0.6741668128701841,0.8090553382577665,0.8641824393643208,0.29978518820310235
-0.991157522385682,0.5243095657239365,0.31143249418827806,-0.16487959648333458
2.1162512812403915,-0.9150469992445235,-0.9040678481236514,-1.0240814703374943
-0.6753286946623995,1.0167554711559668,-0.4204998309819359,1.0975821626983326
-0.9802966512420473,-0.34126765417816585,-1.2748094243118946,-0.6866892139898251
-0.1907966908716717,1.7582892735574676,-2.9393254158619393,-0.9058524133557837
0.03382437254994434,-1.6072932885232132,0.4754111583278189,-0.1880488653441231
1.7657771264228006,1.086822085995247,0.7547215785766598,0.37520550523917556
0.22031464395510741,0.6074342819706837,0.5899406559898009,0.14212720604441972
0.28735900889304844,-0.7527849972627144,-0.9054080503953307,0.7608719884943976
-1.1790790166186702,1.047945052343589,-0.9430131448459993,1.0406441355433096
0.305605426436405,-0.2700138290932545,-1.4983825221450136,0.2235389750335784
-0.39533609811820536,-1.66696498952725,0.36216645970701405,-0.35703739339800555
0.5384692339236096,0.38932435681376687,0.006234226842388834,1.1929764657252442
1.346092075359099,-1.2033731695750094,-0.3250022484905677,1.2601630405310804
0.47239798593830284,0.8716673391292614,0.5644129834397061,0.009582181318993833
0.5971382679001356,-0.01048214486502055,-0.3625930037760437,1.891214562001378
-1.4989543763202497,0.7228098531039722,0.7501480016041966,0.996651134450853
-0.04252715008021095,1.2162584034271964,0.9127848359371563,0.05463881540296553
0.4449320943459336,0.02243310122366201,0.23924396488653185,-0.6701955145689267
-0.6936016038538079,0.4910612571898991,-0.13365222335565946,0.0850440834531156
2.026901655476459,-1.297266183866742,-0.009086743868345631,-0.9086803912034177
-0.2798986900256587,1.2488564020469615,-0.8031736075075139,1.4225688905907456
-0.30765889743090746,0.46601220691477424,-2.3052327797527057,0.6775178289711331
0.20897766487843755,-0.4437035122595818,1.4778123852981337,-0.07380449407473061
-0.08624189416982712,-1.144435010807997,1.832447380278961,-0.8648028049868194
0.15686959885581614,0.6080770249591861,-0.4631037145903296,-0.7682317237940319
-0.8514218834183567,-0.2098696460222865,-1.003448749253688,0.2984977117859621
0.3181582814924435,-1.1125167587504154,0.6196321020524135,0.6734238510743356
-0.8060161173837657,-0.3916224872237882,0.9947613637730428,-1.235020411312196
-1.247752852047248,0.49575760892007303,-0.7393769755555949,-1.527485177622879
-0.6606947850257625,-1.2355938179432284,-1.9389320438422013,0.3486840526499779
0.8989884142925024,1.574331657728159,0.2838838589794708,-0.3634210220723414
-0.38331066927215035,-1.5440635493893409,-0.3725337660498392,0.059551505770889177
-0.8607604780631067,-0.6812427559951791,-0.528463766870079,-0.124150236586139
0.36577184076047875,0.6026867867550207,0.2501204403320011,0.4861024429748847
0.40902011362908136,0.33209836113357877,0.4496722435676338,2.3941272344588067
0.25653906703055046,0.49182674281444205,0.5705032954335643,-0.6104023337936004
1.1552898503306468,-0.7507534706003671,-1.1683013394776987,-1.4055509518094726
1.8781247277765247,0.9646144598574583,-0.7092647229765086,0.054198236159951764
-0.7570377964711671,-1.879546438782453,-0.3536172713805783,-1.574304736639567
1.413497477676412,0.07630199004763724,-0.5130661341765036,-0.9127245620242531
-0.2828140966209285,0.40041139840196577,-0.20650849092994694,-0.00018502583109918382
-0.8027337477779697,-0.356270934601922,-0.5983144804303454,1.5704438242664327
-0.31662902607899124,0.04160726919180751,1.2106839258396942,-0.39770324030560544
0.0263073692453431,-1.0811255307080405,-1.5619498047072657,0.7536652064610966
-2.5011068185041454,-0.3584695178243444,-1.0356693992681223,1.6546361651616097
-0.6201843994594088,0.9144321503340506,-1.4729930151598534,-1.186807865741581
1.06618979787357,-1.3821887478141808,0.7772649173775429,-0.33803127051956466
-0.9225265277930244,-0.7826522038210629,-0.7287565008494543,0.08048183035183719
0.461297625565467,-1.2480631038891044,0.3591332439111488,1.252805422508354
-0.670784819976004,1.1032027981802248,1.158443914413454,-0.08555697454786841
0.9044786985378493,0.42350249075817403,0.642151391131916,-0.23670306511579373
-1.4842544334688343,-0.5756030800994026,1.0653666734249745,-1.3561959843432179
0.6463965490157136,0.9189809386826935,0.4358150877596153,-0.8977154085700532
-0.7011961812695711,1.6966675577876296,-0.03837219524651088,1.199787906040679
-0.08746453301831353,1.080967402114536,0.9126035328844472,1.239723076784643
0.48803671217414535,0.25858784558792264,0.2541593106224411,-0.1717314890369498
-0.5265745998538269,0.7977264397407313,-0.6701362105324579,0.6483218538858224
1.2392252643631299,1.9857101222017555,0.25456108528808435,-0.6181102922145336
0.3980884985615365,-1.1398022891423953,0.7134729722050669,0.43470911693991793
-0.1319094957489383,1.1141204787462242,0.6254354484354059,0.7116807553178786
-0.8686852254867409,-0.48148752485082646,0.9738414934119978,0.934886816247954
-0.048333603444272746,-1.7766771339236347,0.3572613330226095,0.6959967596814362
-0.26912316938972275,0.7450046043226197,0.144518313333823,-1.340170619780717
0.5451571898080887,-0.18873501838091503,-0.23877881089225167,0.955818359128215
-0.021245678657810983,0.3807498500341263,-0.6253298835623191,-0.3229994448270664
0.07485559789226649,-0.13470356911679324,0.2979611213455844,-0.555370672950357
-0.025724819615576308,0.48842520182036003,-1.6545913447702325,0.5637192261670961
-0.7874128822547214,0.2752592831070086,1.0630498172799467,1.0925555790059418
-0.3538924727525839,-0.6524583023915844,-2.067375210534349,-0.4686462372364569
0.19368405310293993,-0.5676023929443731,0.40656347617531563,-0.35643707318998
-1.7129920336906783,0.27218259832608016,-0.7932234631161292,0.7926783577816643
1.0012519985218549,0.14122436507786287,-0.4037317380468515,-0.09774780619765085
