0.714172752461382,2.0298990289431638,0.32877002967095165,1.012581111837243,0.6221180974814967,0.5083964700262857,-0.0006517638412965932,-0.5161781332051005,-0.3636040597205053,-0.34541110871393055,-1.362058115328743
0.6708194782069027,-0.9935595154206277,-0.05089473153593595,-0.25509645353934013,1.1537032634180735,0.8226664658636829,0.07538126372402053,-0.07268144387997015,-0.9937496195033073,-0.7707320535786405,0.2118727087746047
-1.1001034344820582,-1.7050055950040217,2.840505972155645,0.5435969442859612,0.6159046797935879,0.3119418239669289,-0.6818206685203075,-1.1789216714450557,1.0201594521939947,-0.5088783739455247,0.3332604248139365
-0.28835228642479704,0.6031879855862884,0.3032650184251264,-0.4077650760191263,1.2702185823129049,0.5814842776674513,0.26280615529818246,-0.38148056831418004,0.10615201223412894,-0.27312180258694985,1.3745490075041635
0.5921005454100425,0.1744080664537783,0.8123516175047708,-0.05993776926800493,-1.466274540931646,0.9294601418405175,0.18242945123432802,0.8832101795234003,-0.5959006002351432,-0.22856407745377016,1.2185058956454515
0.026712717078797,0.8004395163015965,0.7671990973450119,-1.4123724038805232,0.33189808103204266,0.7502850059997391,0.0947386013582033,-1.1695512679356672,0.9313134704042016,-1.5052660221380465,0.37125010404521075
-0.19658670659391903,-0.4540033892578957,-1.1398501789442685,-0.7382806780376826,0.26948761746787586,0.7268570885568104,-0.2892985553715971,-1.8113673800937689,1.3109537813859469,0.3405467220551699,0.2301192259161691
0.620809931922018,0.6355661483214455,3.1431138353060106,0.65967427158103,0.5742166091663643,0.4024890169641361,1.324980680037464,0.04653204238962266,0.11645325458558063,-0.8821344785639574,-0.08929413008299898
0.6257164900126544,-1.3404628665467506,0.47820227591329606,-0.7877931473770676,1.6152781204890274,-0.2957772494307153,-0.5018010626103245,-0.13470262731453067,-0.7456198639972108,0.975142975685823,1.2154960012506364
1.9375265995697228,-0.31773187317986956,-0.7850355863154074,0.6087569484729849,-0.09705511331560071,-0.5617126440538907,-1.4186400641514327,0.9906701383674547,0.3025114269004448,-0.8324226994771693,1.9036623330378912
2.0612385142583927,-1.6778403827105355,-2.521165241640897,-2.592068341166085,-1.5692520922458162,-1.4490251502200608,1.32335308462183,-0.01649232247831809,-0.09992718938856142,-0.19269459657975932,0.7485868470684031
0.8317850854216431,-0.7439287384140895,-0.41371788993881065,0.09815204735794028,1.4221620112441105,-1.8455247995575141,-1.9250737273665626,-0.05803418004504677,-0.02723270154604394,0.20664095359237467,-1.323278037335756
-2.375190137850667,0.6232583283167178,0.22653328801133554,-0.09106591056010174,-1.4302969844356241,0.12590878621067836,0.8368381237304899,-0.26784501640415503,-0.4794368635843329,-1.7360423935922578,1.1921816005676058
-0.2643601998662264,0.7579343544207295,-0.9594156846711777,0.7050704812360785,-0.4128199923653758,0.15196337377652525,-0.5697896754094564,-1.6177669333538944,0.7705917806146346,-0.763615246688081,0.531348305733698
0.3488839284364329,2.5097911311673795,-0.11751328865459403,0.625791904179838,1.361418798854899,1.6661888793342163,0.017511858943513394,-0.38869385547413837,-0.4712627566000267,-0.09592067598463945,1.0551569199469524
-1.3170149361619667,-0.646687800265555,-1.3799231207135554,0.5149473336799688,-1.5925991615106565,0.39682719852704007,0.5561601663168502,0.14231411746665054,0.04540489603682777,-2.091531839385801,0.3833099611526801
-0.7571064422559545,-0.42901785770102024,-1.8740469031454292,0.8215388115315417,-0.11683612525349277,0.5474003082074167,-0.48672025920988915,0.977270190009207,0.018087632029428223,0.10550629966492883,-0.11216120519291753
-0.3191387883956941,0.9457836410500957,-0.5577372904552864,-0.30637694019695305,-1.3294220921593134,0.26824399184928516,0.37253380634034017,-0.6543956532365729,0.60547425761696,-0.6484531327200962,-0.5515282664331743
-0.36224550130726957,0.8142703402124383,-0.5225507006750828,0.24042537268712627,-0.589673638885651,-0.37668130333092154,-0.23846868167549057,0.12426258859573107,-2.5683367614260657,-1.0028526759664187,-1.4785521795869527
0.22358616891046149,1.2770087467473448,0.697007046912011,-0.390414521674112,-0.8388275434366693,0.6052378470976314,-0.5686048412848717,-0.34767443924755537,0.5531687119928469,-0.20805630514914264,-0.19561352524006373
-0.9223378525030119,1.5220993090090988,-1.566440530267505,-0.7472814282762071,-0.4507041291984986,-0.020603813284236328,0.87851272452223,-0.07371881779804494,-2.2775360377816076,-0.5383592297650587,-1.415410142965954
0.34759127079438584,0.4433862014549241,0.19785630133277887,-1.3535061938425452,0.16676440880926782,1.2523175284323234,-0.2076790781684613,-0.8619065610024113,0.06882332850317606,-0.18817718883547815,-0.8367445326026486
0.07419284465146403,-0.576594876015296,-0.7548597911846207,-0.2853881204213329,2.213939683714448,1.6592661036654515,-1.769076885451423,1.1716946564704402,2.443275491442129,0.7943443524742866,-1.7618034112652792
-0.06341137797144213,0.4554130302963051,0.4091598771692626,-0.3504078691328431,-0.5603700766498865,-0.6959357701581427,-0.4187851912036938,-0.16005514347239388,1.2664993228966652,0.15468660247190918,-0.43739973844325797
-0.6264464020370513,0.06212505122034361,-0.4788457122581165,0.7426966233368653,0.719187456268373,-1.6884776550683636,1.3590948658536337,0.42920291142266936,1.9261946836589463,-1.1644148346813348,0.9519071063717571
-0.7128723135456121,1.0781147007154819,0.06237139153247811,0.5222149512006462,1.3467992072523616,0.9678922415654408,-0.24087031726915717,-0.9716118905278418,0.5600812223684636,0.8156277160760057,1.1027110782273706
-0.9737361043139281,0.08298563115039059,0.10217300590244474,1.0074904443045487,-0.5630352520996522,1.4115451869917957,0.8751694793374348,2.005932414253923,0.06171754201188614,0.15981430610886196,0.012453198642040801
1.1158261683857673,-0.5658370239065773,0.3243966632250403,3.1262768263197747,0.09781734019916838,-0.5829409330416312,0.7160182820297476,0.04588184210123852,0.3685740311888925,1.0215758900873244,-2.233121502137879
-0.18315018305859868,1.7584953262495318,-0.6961558062169436,0.9150369665681388,1.14599245297854,-0.01181849136790512,0.8262418465727502,0.45938664692238657,-0.7236762401743753,-0.9075755940194558,-1.1640827684017607
-0.937680293399843,-1.086383597962344,1.3563051694039592,2.1159051504129898,1.4704375609880675,-1.6337110243904827,0.9215438762418569,-0.45259634929142817,1.7219536294331559,0.10194761834731382,0.6423112912709272
0.4096435330764811,-0.539248147992566,1.2613094961855942,0.4446671752742886,-0.0025834175990348575,0.16954691891017085,-0.47827400857809327,-0.4906630983996925,-1.3807149124738218,1.7419541217245045,0.6502936272477975
-0.17269946513978718,-0.6123927818965403,-1.6538676107117747,-0.2955299195106943,0.34479366185931815,-1.0881495037344784,-0.7615326015760407,-0.9664243010440035,0.20117619163835435,1.4344298211057516,-1.0374579002696527
-0.6389314991706916,1.4756565757504208,0.7539709550622363,-1.379615817948171,-0.6772285047925048,0.6873936766505884,-1.074586069220906,-0.026527501667015382,1.6521972903665614,1.3989453746093719,1.3472132380726525
-1.1056138541656255,-0.16284097277996204,0.48263136029201575,0.9897499692298282,-0.7599776113554692,1.8149481211014151,0.16939726233634914,0.48846192648463,-0.787274487105717,0.592021393453717,-0.7149224544409609
1.344881206348035,-0.44248046656591616,0.3517136581481448,-1.7190908304422408,-0.18315729514032353,-0.46509674016066577,-0.17258339205359985,0.2466598887378334,1.2488428749151637,1.2628769752926463,1.7639689896507098
-0.17509187441137802,-1.3133877740162458,0.61668667532056,-0.6533733776404862,-1.6401611693060316,-1.0046260382187622,0.04840297980816854,0.5028489925263542,-0.3941553405228608,-0.6380468138603691,0.876360272477351
-0.2978062976532565,-1.0924361004657126,1.1289205559904107,-1.1884099182433594,0.24534961557762197,-0.3208690384144092,-0.455503032394868,0.6606556220087101,-0.5997052092768678,-1.1350866855928106,0.7409546089890396
0.6402947669086247,-0.210982032792467,0.38645143302612667,0.18804714997863298,2.023251297196611,-1.2247267820882017,0.42289287083545274,-1.0803014652256966,0.5453722887931866,0.38045945860541214,-1.3913867654805894
-0.26286934168865383,0.40103416034872214,0.702900288282212,0.35161619011442186,1.467427151353096,-0.028747351374760758,-0.5742330385118778,0.41287503847475204,-1.4540330185337822,1.2926862857360042,-1.5440550341975083
0.37977636492034283,-0.5860620820748221,0.44157759264444496,-0.5252464279353692,-1.9757085788223507,1.2971347484159246,1.49241125828294,1.5809406492205813,-0.17589325794167018,0.6443229891940673,2.173830050404819
1.3256474026274652,-0.09697472689754986,0.23005503212048212,0.06678258962185274,0.26333577649392653,0.9749306148172949,-0.9703447868472886,2.1870215895930127,-0.40950037451448185,-0.6911215966402232,1.809412041532111
1.305715776742214,0.4803279994411067,-0.8725648734863718,1.817808369722015,-0.5508000048616148,0.08449927002770435,0.8032996093917417,0.12042245075216447,0.3315249733643864,-0.6898411100527754,-1.2812725988905207
0.2759971891099964,-0.0003777671269052072,-1.5685569423174386,0.8412303840006112,-0.058906700721403936,0.576174502831172,-1.325245830003162,-0.5671332784370114,-1.4319849882402087,0.1699347870977279,-1.379521352182928
-0.9234072896178378,0.46308219723620286,-1.4304779449979323,-0.8137323927499092,-0.14619605482057482,-0.16322097325421725,-0.22770476412070065,0.11979974821736908,0.7597092481777047,1.6336526965152596,1.3845904791616785
0.20941664700572418,1.8007769087104852,0.10672473561866863,1.9378476134222793,-1.5690177620898607,0.1502057209201621,0.6491679412160766,-2.3176683168078416,0.8888883498079294,-0.3497273714474508,2.3473716979330357
-0.36029098885063415,-1.3206937932440685,0.09854684213988814,-1.571566330126009,0.13988139625759055,-0.3434795989556389,0.6791860186352348,0.578259519738763,0.6657785752758403,1.5873735888024012,-0.04222569222290371
-0.6432945427561412,0.8010639459938484,-0.02518472699596366,-0.5078082746546639,-0.8910445904076879,-0.5188838303716954,0.61704490205805,1.3565544066586792,-0.25596451929071035,-0.12117363295098683,0.8368536464815587
0.20010924919258657,-0.0712239480175766,1.1230801965364392,-0.23901674331291,0.9843228723687454,-1.360598985055042,-0.19598261204584513,0.12687626875916905,1.3836544406928306,0.6046856737067691,1.3718093531745028
-1.1830223659329118,-0.647743287315967,-0.5563735920051989,-0.22943054398130802,-0.7282973674085109,-0.13168915409490056,-0.8611435763959405,-1.7429124765266781,0.3095628973331863,-0.9857085800506769,0.30508160991958805
-0.6452574026896499,0.6777155777595238,-0.25529650716435986,-1.7645483799195856,0.7309713726785406,0.2944893287155081,-0.38843290488059223,-0.4253087101901712,0.561946617009924,-2.1040111840844475,1.1413689309244668
0.3408857612013834,0.4250829193699127,0.431509829041346,-1.3458430430411,0.2935489973852881,0.5417567802512009,0.17458563828403612,-1.3982814409681084,0.30314402422822695,-0.06506751693376858,-0.04459925316758005
-1.6341535027893892,-0.31478811657572126,-0.8939849166597957,-1.233778459559277,-0.7860689479467245,-1.4068124610960733,-0.11489843765815692,1.5967488201674371,1.1216865039398092,1.2767977787989329,-0.4160626328917702
0.4636444046200108,0.3149635912392365,-1.1490733584929862,0.31845031208600855,-0.6496371276206115,-1.09232604145962,-2.716175242700541,-0.05852476709837948,1.1629350052462346,-1.600639446313241,-0.45693956006662134
-1.4268302593637348,0.10665052597717799,-0.14920872629981413,-0.5386949178217867,0.4997766926312856,0.10396051788045878,-0.8689612608962124,-0.945527050415179,0.36897229799307213,1.0722201343625017,-0.44583250285097176
0.6365904492949723,-0.07924954027400545,0.604339748033909,1.4115277869414689,0.02056707148188388,0.8543034088529345,0.0017807447130800233,-0.7169802817916356,0.894821216567639,2.217105112954994,-1.0296494559439424
-2.0120039193439134,1.1877096098220463,-1.7634435332879157,-0.7854044804010905,0.7905699074165902,-0.2987354220137845,0.7313790404022992,-0.37196431155723864,-0.813121323582714,1.3118082148318748,0.73959017103945
-0.44464849018211816,-0.7760645815880953,-0.18442988711810776,-0.5570080177689808,2.1445532641974463,-0.37711821418677244,-2.4833039965782038,-0.7980484532494408,1.9432199630109603,0.405767948031887,0.5776510836215244
-0.7594466292747795,0.147923822910469,1.0019952253865154,-2.0509994243699237,-0.516277998861655,0.21431217302079156,-0.9319323106543388,-0.5534470073506189,1.8081025318734458,-1.3352954338413614,-0.7367591743756171
0.021444348463120735,-0.671636037646058,-2.0586839499571967,1.44361380566983,-1.7272984353498777,-1.2361713590988204,-0.8015336482600425,-1.0955420658764496,-1.1654288849000982,1.6170213429838458,-0.11987899052347432
1.5329106080260584,0.6085942400530797,-0.7440394075012342,-0.035384389973397844,-0.9201057392413347,0.04161649888926791,0.1886487393172184,1.0301203635175036,0.6172650055967009,1.0835237192794018,-0.3836506877788704
1.5119657177308106,0.7139273041629142,0.8730497607263108,-1.9988159224951914,-0.5101718820449799,0.4402091101134596,-1.4978678592324126,1.1026751714560072,0.7044659460491217,-0.4634796868861934,-1.662930786034735
-0.21114752555248906,-0.7285539162272109,0.14048781286869577,-0.009486949011026676,0.35280471978903644,0.31185314377634954,1.9785764049137986,-2.4813855883784384,-0.1646857026107481,0.18115481641854855,-1.3254767055660723
0.4320994726621556,-1.2043978914052176,0.0912809115409331,-1.455660560577404,-0.05879088451326603,-0.8162415102476505,-0.12724345735601364,0.26782514240909533,-0.9721103823464579,1.974794632642524,-1.2733922586696043
-1.5317565864928282,0.6341248200220588,0.23176156279769972,0.06755381495137244,0.4428467409854931,0.48392184642578934,-0.12635229482454238,-0.8354433937931743,0.3218511358459386,-0.026849804164170234,0.5453230661538528
-0.2659441428662957,-1.379345119673595,-1.2234376772621027,2.056381026133126,-0.23346714244005035,1.4442621217922418,0.5941111552829292,1.2688764281711953,-1.007722593842288,-0.25482459640935246,-1.02831047137039
-1.2567778428477645,1.361638940339236,1.043581424351689,1.0851978988751603,1.411094031334335,0.4921982418188658,1.9185446563871003,-0.35318486390585874,0.49093086026198623,-1.446413393962038,0.4085096847664934
1.4736049854786821,0.47552606202364694,-0.9858562354473251,0.012403065370165297,-0.6173875709426578,0.8664119884349796,1.2208757333740847,1.122502119583506,0.7903458509748674,-1.511594435378141,-1.65155404786239
-1.6841366650686682,1.2922306465729099,-1.0007144155090033,-0.13557854785494622,-0.2206813061078445,-0.5573460261847246,0.330822053915546,0.0053114955388467965,-0.9006118085573326,0.5540381134618297,-2.3589135430130526
0.5136368554581088,1.021517472383259,0.9560880587684722,2.648488179891391,-1.0267501331229174,0.3658309511793097,0.4807477372663287,1.2144610212369267,0.15123241284447492,0.5167759000368557,-1.437222166429543
-1.972543473767386,-3.0968319118996845,0.6745864622533071,-1.1396067479214853,-0.07323216363056143,-1.1867923614254372,-0.3392962809376958,-0.08402422565925098,-0.627073176261103,1.2276983188892476,1.460624732275651
-0.21250727571057687,0.024768559940799472,1.406279662212536,1.7819399670474527,-1.9709147477017828,1.6411766250819981,1.4128277567755387,-0.08015773349642516,-0.8443697180259131,0.18425788483083258,-0.019884537095154867
0.2979561781946517,0.2955635936616242,-0.00023974613540023412,-0.9068696847697197,1.5416207922136032,-1.7851412499610084,0.3415539474321002,0.10148957408405354,-0.2936148614489758,-0.4081368595577847,-0.08960491210963527
-0.8963138976615967,0.0762564880728591,0.4912806351887847,0.5898503217171049,-0.788913268990463,1.8864533579935179,2.4050496807517745,-0.40992367404303515,0.22521735209809435,-1.210170000311313,1.5927179743134086
0.03376503163019618,-0.019874074895103202,0.6682068744901896,0.4499564180036228,-1.5735332912112099,0.5402662852235685,-0.25307852973489287,0.1854611141792226,0.2724730257674435,2.3251924835458757,-0.7813165773984239
-0.10714521064669995,1.3769777657178384,1.8223239099446933,-0.30013073052618405,-1.5647432400268675,-0.05697985776703793,-2.4843827071091225,1.2048527146686072,-0.9611293805452732,-0.9966670034744146,1.790129446328367
-0.29559247806670297,-0.7173942768797634,-1.9550930911709334,0.9974057942160361,0.010998653895934109,-0.5957824727228219,-0.31784417486712857,0.8780391612459632,0.18984120895192935,0.6335165687038661,-0.1537677245549578
0.38720507860210934,-0.37460798281310664,-0.6923319861407389,-0.1634141653119646,0.9795602303808433,1.82010419157008,-0.191675450133862,0.22514254062691472,1.0611962052996704,0.7829414883981842,-0.6011484837101165
-2.3336755755364575,1.601300676282687,1.0121648089580921,1.825447273328444,-0.49925668634377923,0.38676318016875577,0.5107612561148095,0.2578756377165119,1.4255007274698817,-1.3295177995329859,1.0349886292354122
-1.4792246515523992,1.7453424703993623,0.17514144343612692,1.745456699495455,-1.5081475013092058,-0.4022127338725699,1.0062552380097374,-2.8004929416283373,-0.167787946675271,0.3432981772302542,0.44137275709577556
-1.195593584235368,-0.44157157379921125,0.9147634645960019,-0.7800710232236681,-0.1967693401430509,-0.6353347304652933,-1.0253909044235254,-0.44790902240980035,-1.734176683988304,2.265986085553404,-0.6834029607314709
0.13927502268603384,-0.27235236399258,-1.1339169704411127,-2.1390351527104405,-1.576476379718422,0.3582991205363063,0.5140546762443644,-0.1675497858348418,-0.4604121241900014,0.8203489934072301,-0.9183259788605554
-0.057062746827666634,-1.2930810559691022,-0.7393567478477965,-2.732981343180016,0.7984054945254968,0.25833125923313327,1.2146168913579658,0.6417732851344663,0.5771083383230148,1.3330510129101145,0.6102854534882078
1.187933839995272,0.1644262455873672,0.17247478868008184,0.5606117928412028,0.46750694795054654,-0.8370568700942148,-2.0553546583974747,-0.41099885130325087,-0.33978725486472233,-0.20896078595886927,1.3056260071806471
-2.078239839136939,0.10316569770991214,0.373769244212111,-0.6330765392198593,-1.1725825039397209,0.8988316677937567,-1.0987815393594444,-0.5505686107226169,1.4498631845017989,-0.8232203451313631,0.12104477970988864
0.3455622457652944,0.6795883854211321,2.8155776630436606,0.09638890578299318,-0.49189198135553525,2.0105198250105705,-0.5390240612541892,-1.5501677274782997,-1.739957344820585,-0.874272198856342,0.9556015895306494
-1.143979115767063,-0.45664485359842305,0.5368048610389158,-0.15588772849501578,-0.25427332468007724,-1.3783645037606382,0.6298090658726442,-0.8736865734002405,0.9468457047524108,1.5430757645056472,-2.2184828668689915
-2.3384983596487845,-0.3548042591858192,-0.15073809159046803,-0.33386542315600737,0.35076485398771223,-1.5431323275903348,0.9915430219059459,0.47163386318320955,0.8252424284148684,0.8060014826701413,1.2860940177381959
0.7892982708532892,0.240788868137572,-0.6221078152037023,1.7872384254543607,0.6261964314781697,0.2721675385483347,-0.5056362242475534,1.9137945983349485,1.3832046834640377,0.9977060707613903,1.1844445511624804
-1.1201406786376404,0.8126368553789208,-1.5407117588428496,0.7995299729931302,-0.5491151084248136,0.5601265887029787,-1.3388834352545202,-0.2632054160495297,-0.23844951260684466,-1.5445271014402187,1.0488468342195627
2.351803709036851,-0.909742372576064,0.0013860125767068807,0.25174344347831884,0.7388553385987441,-0.7649643080911187,-0.7782553464555519,-1.7283890360609384,-1.1159314633112356,-0.5621023072506449,0.6873042434183482
0.9531509523731696,0.2127529506404325,-1.646697097047768,-0.7002583249329575,-0.03566289634078615,-0.6513197168913311,-0.2811783486365023,0.2576291465235171,-0.7730377992113049,0.6594682110549762,0.4516411437171093
0.2811091574485005,-0.32750883400479697,1.3773307561961716,0.9042940950351466,-0.9423208325246565,-1.158283572883835,0.30304149121703633,-1.5752575938011888,-0.2952218094377308,-0.9732682064336503,-0.7001013448221394
-0.9839614490076843,0.09413376615122894,-1.3318614568024196,-0.05722578599133633,1.0332519935275493,1.1455188704592092,-0.13633591853893304,-0.24252409080458523,-0.2554312855412785,1.4530183416733424,-0.6041739130614421
-0.22905268743690127,-0.055002570737895294,-0.7516970990073669,0.528317492330863,0.8060836131497072,-0.3456266213923447,0.2615180973784122,-1.0852860813518708,-0.3591015166336807,-1.529383052814115,-0.41476507583049127
1.2157629611046834,-0.3605389405006143,-1.2515239401571594,1.5885915072821668,-2.0548702899967286,-0.4884606672095052,-0.2525276084844105,1.2980175048108653,0.08820624369742917,0.911337679742188,-0.4593452031613074
-0.4674238288882738,-0.9388748820755413,0.3373124807395017,0.18597466757361644,0.7583540609319231,-0.5334013069689447,0.6821244535142631,-0.44452203761968456,-0.38420868881545955,-0.5636788750475098,0.26438677776950104
-1.2805264327237336,-0.9176391690061534,0.38062776089913464,0.23385731622843764,0.626156860689905,0.015492214072532812,1.2665428711720352,1.244498865061917,-0.6308213170901087,-0.04672060823869379,0.03522846473250823
0.6055010286867245,1.5574581711450948,0.09630324693856618,1.2371897886936136,-0.06437741867654329,-0.6086396016358727,-2.0809332644109064,-1.5598391191305814,-0.9350862313307858,-0.7074468758949599,-1.380702708538647
-2.204858994870526,0.17541261682243142,-0.09729573040781932,-1.6874084396049303,-0.7792742373843546,-0.30532785798595663,-0.4909956932145634,0.31797385565135106,-1.0971715139466658,-0.9494505727018282,-1.014491009632467
0.8456017598583354,-0.8246247406420285,0.37779452570073746,0.47076113317078666,0.6558401717579667,0.7571068968815757,-1.265648684725406,-1.909705757028336,-0.17776714696173687,0.23187903321832673,-2.2295300008545795
