0.3679844228153346,0.6070717798905687,-0.8230746086523336,-0.6425038544817363,0.03622446841300149,-0.37307450790633,-0.11574274450292986
-0.5998480393375856,0.0249749157419368,-0.02516822081704812,-1.2174096266888226,-0.6447000954776152,0.06041664143109541,0.08102224683131845
0.038249884210052966,-0.4282931211565945,0.3831690344166835,0.10015668789754077,1.2869009415389616,-1.2106041086810808,0.7013654763177642
0.430164694924641,-0.6414057764108075,0.33639110618137247,1.1447784637874043,-0.048162791027126436,-0.5555037253105407,0.6517674648048821
-0.8297303161580456,1.0896557400927749,-1.0364278355803076,-2.743587921418486,0.8139408957456409,-0.2557344868622321,-0.001965247157914244
-1.2809953251962378,-0.6393836602843107,0.7938443592301357,0.7387607422713315,0.5797023474931027,-0.407889212380462,0.011219867056665956
-1.0291308514517292,0.27774531769925254,1.4941282165462735,-1.5371153910478799,-1.5361007925365129,-0.4283274252874863,1.0169615348901906
1.737873560819596,1.2354560502509617,1.4929007404504973,-0.08368324580651522,0.6370975144696621,-0.9754689998905134,-0.836371024435082
-0.400121139628821,0.07024213072062675,0.2738422592980595,-0.05787326485112976,-0.62180201006243,0.9526701918247104,-0.009570653915476237
0.42948407476879363,1.2311407791810718,0.7631987857770716,-0.7718221836394089,-1.074736787763438,-0.9099490135541108,0.7140873380005618
-1.7559036432802015,-0.3415986498132469,0.6355929754367915,0.4484335385612496,-1.4777015362200132,1.0689924951440557,1.0355061082662187
0.3294508404893389,-1.288020237649451,0.4654031963780372,-0.5327006818853235,-1.0240624322520666,2.1134472316322226,-0.34361225173863064
0.6684552191501528,0.3202642968100718,1.0285592199619094,-0.6880764643019555,0.4368384408141304,-0.3924735836876411,-1.0372871824877232
0.260931893531035,0.6845477165369991,0.4282525860854009,-0.4734703170062523,1.357096272939008,-0.502839926036134,2.1306534920724807
0.06810988826707065,1.0401070275699251,0.3173193103624568,-0.26686043757282685,-0.6606553631079712,0.6036949156620277,-1.3884507105793535
0.0396005374844821,-0.1435881943359748,-0.691223389737552,0.3590598642582707,1.4920147429765027,-2.3166955994362466,0.1491444361910271
0.6971485048279398,-0.20583168291087148,1.3680544528614806,0.44079755759869205,-0.2990436476245985,-1.1651451541091995,-0.1894311457327005
3.0217112687777115,0.5973808587353447,0.23255405144326527,-0.7756163592422841,-0.47808024865576954,1.6234441961887496,-0.7231804689192276
0.9929654039500303,-0.3876792598372884,2.2708544643243007,-0.7509385813237792,0.8816365780839025,-1.742945472847841,0.6911879507958179
-1.6958193380803595,0.09254521394280973,1.2285721786733634,-0.165242192002696,1.2029265609090474,0.08075453641233069,1.0318068776437923
0.6759617166966839,-2.291338921319345,-0.3665763185204984,-0.9250653485563733,-0.3984048393817667,-1.551961490886348,1.8586410863968146
0.29597355985623114,1.2959213399270946,0.9309183224372776,-1.00903257263353,-0.4134365053279508,-1.0015348363810133,0.4663017662146581
-0.03981964306289566,-1.8823516980119552,0.9814763783838253,1.1938155820604952,-0.18069453769566876,-0.004159069242004564,0.9542886421561874
0.6912445535134848,0.78832856322696,-0.6916883429853206,0.9927251935777068,-2.410992575850417,-0.7658623480057274,0.48864179613863346
0.9571733186387906,1.360554533659058,-0.8234438932519426,-1.9956863623464125,0.4690912025046871,1.4570645355062026,-1.0179436835478466
0.9191034492025907,-1.8563255930912033,-0.4823154807632469,0.18509275419291257,1.5193951678242,1.022838441455053,-0.25836532442270516
-0.4291579638568683,1.1048786938561006,0.05806175612886743,0.611703143282135,-0.5887360741697308,0.9282451021888535,-0.8247397716495891
1.4008998132692758,0.537787850786201,-0.22555911830508169,1.5200478809565772,0.6142267184103098,-0.5269805567371838,0.03706329853518086
0.7490826270886216,-0.31892782200718633,0.390591756418003,0.38341369165956984,1.729070238776329,1.456982073789755,0.2289657596674536
0.35044526974941764,-0.5011980418366783,-0.3504439290173641,-0.6913099582499416,0.5778757234872604,-0.10574236091322367,-0.37803305214209704
-0.25252259003350197,-0.12299140913661052,-0.2537614569913767,0.6528343941382178,0.2104380714944816,-0.24758634154761963,-1.9487960986767419
0.6160471435451509,-0.8941291683300143,0.29563157765121595,0.8974214787605462,0.008990839067396311,-0.30883706061709204,-0.922456838717914
0.12570922413514674,0.35201202135844606,1.4040685474917505,0.1520598217357498,-1.6005686559112218,0.7606506905879258,-1.045278832362819
-0.26993396948182097,0.7504357465293432,-1.4013639550892725,1.1252568079427323,0.11041468411456914,0.8139113555265491,0.5133879557725248
-1.8050096326121308,-0.11893872220149004,-0.6890441842372551,-1.0597706240909035,2.212716295285838,-0.5890905590385802,-0.4703384713786606
-0.13986279218497846,0.16271908433965812,-0.8719956301282719,0.07008289720239994,0.6123746518062847,1.5168566409272886,0.7552453545457936
-1.3964100557124937,-0.3162804740342229,1.8254893563224897,1.2082484570576244,-0.09673828257993108,-1.002053395680474,-0.4911754243354391
-0.5054898514429568,-1.0558662991663712,0.28073435809461045,-1.0324269812544737,0.375925217122734,0.17610254350616578,0.49197776519467673
-2.10314518478932,-0.06547660462794465,0.395260511768974,-0.3925313870999473,1.9185597272774293,-0.3081071634563985,-0.19203558136792834
0.18827239893017791,1.6575013747923666,-0.10466698118091555,0.6314129848856105,0.3175335182581116,-1.6349113051152893,-0.8395839788925052
1.0964490999695455,0.3076420367788798,-0.07641402478113211,-0.6526101049126625,0.036491030739895215,-0.0697587835479405,-0.45921784248355485
1.3564791944466081,0.13802072655531253,0.763698750643652,-1.5618466358220116,-1.0043295435481918,-0.910540353225165,-0.17031618714036073
1.6825910640090809,-0.8773089431613453,-0.5663401173299608,2.234948222949056,0.6756961069112337,-1.2076599947982933,0.7477998248289596
-0.9435944024689142,-2.2418260375317223,1.1469578163729652,-0.40345283729055553,0.1611492585924361,0.7051434256434118,0.6788062087313042
-1.4210055566286932,0.25899548863824484,-0.7692630240670617,0.8255226396867984,-0.6783743976715502,-0.5456179563390424,-1.1014757534045565
1.3735139678427082,0.3289232060090817,2.991810133113008,0.6301955941167579,-1.736580115194279,-2.8454132743846046,0.4718973748850246
-0.3828015435085274,-1.7386674862384999,-1.1438320293915123,-0.8325929920941743,-0.503544657333364,-0.43407830422042204,0.2962106714830171
1.3811567760266605,-0.38511514286683174,1.1018040153953883,0.7675670037559436,1.5347232035667322,-0.4637968379997529,-0.7776410297350705
0.9215702730654488,0.9051777916035719,0.5306437553826157,-0.4152457883277256,-3.1021842261005688,-0.9117857853111875,-0.706815990931547
0.08185620320987663,0.12503010819357774,1.8579266781942954,-0.10500524079629059,-0.9801788341690544,0.6500322762095587,-0.2971101855381154
1.421740799919891,-0.43709302063272365,-0.980027071522007,1.6756299054271986,1.1241506267650245,1.5697574472619087,-0.06661309234784024
0.48381577445232454,-0.1240153374952108,0.389080329207903,-1.3608675796915572,-0.7104403058236972,1.1112061488853173,0.5176148458960056
1.0787617313005908,-0.3842466367907758,-1.4572446955302099,1.8943005634337475,-0.2974468438821907,2.0894593446524548,0.40553980919272264
0.8639445701784528,0.011893682390161545,-2.044191375390936,0.4710211178639948,1.9318363944420338,-0.43177466668724174,-1.7292274809370618
-0.43839410520249755,-1.0478919652383878,0.3020264425598703,1.710270346036588,-0.12626076509592024,-0.07302957111294173,0.9585536075588462
-0.24408207632524487,0.5417713446083723,-0.5085104813527119,-0.06141612210057099,-1.1788322670680136,1.1642466830785332,-1.2659457913925471
0.47790920049485364,0.193812281550542,0.2933879351731134,-0.39017919418773933,-1.2502522477298947,-0.12541820296910347,-0.14076506003950578
-0.22771879762783193,-1.9051777387450535,0.7553932226485524,-0.24074789885249245,-0.43436634556018616,0.24126519001500685,0.7144514031879619
-1.796627488816874,-1.2154611554053796,-0.0032053017669525863,-1.5595760828922594,0.308906435507848,-0.731085311380993,0.4969614245632237
0.491493523032135,-0.15533445649091793,-0.040610528313057635,0.44044845195903126,-1.4431655362383047,-1.0102780034388381,0.8455890120638513
0.6283302588746146,0.5203958858585064,-0.8431652264017917,0.15109549822798052,-1.2765748068978853,0.09802178435378404,1.480522983158659
-0.7952849200336077,0.27636494790873223,0.8609682481077554,-0.41324072444727633,-1.156996986096669,-1.78570390662404,-0.12020378478118403
0.5204641636053969,-0.2705912533747372,-0.4698788787270544,-0.17835609352624657,1.0024460402354516,-0.5224537779161255,-1.4192783789425416
-0.5898576392090941,0.5874534670331064,1.1185834582304408,0.8371794126958453,-0.9747017405768422,0.45471594921068637,-0.8707604970600421
-0.08503071461391956,0.2316726009157593,-1.5165533485723177,-0.275551057054012,0.3513415755188839,0.891499479413773,0.5631899884131308
0.8374671342651154,-0.4633070707965204,-0.2373372950084186,0.8219477456048248,-0.16936522306480797,0.39906253998054475,2.0610003164542112
0.7226914426889712,-0.28422369376389783,0.6204746644170412,0.06486008295401531,-0.49274386371156054,1.321270804360858,-0.7752928848938019
-0.11760888073904445,-0.017825470487330082,-0.963743225324647,-1.9271770873517715,1.9455261901219219,0.5559151270306123,-0.771919514731672
-0.8097982626438327,1.9375932436810033,1.68191004557202,-1.0584524989186408,0.04173992480642217,0.2397072810240296,-0.5419212615468944
0.4874424010771827,0.2639377620424532,0.16731772220958954,1.7987834178020277,-1.9046347503071996,0.5786919156564134,1.2102943238088422
0.9332867438417413,-0.5024978002545539,-0.23100457832470742,-0.6496349678119425,0.354257897732205,-0.29701339125029624,2.6178565340449103
-0.39119501457126304,1.5854423011615026,1.9645460290658243,0.5868171480381993,-1.5229686864313008,-1.0263360516842788,0.7562128413105215
0.7332640257979773,-0.06294042368292171,-2.6311568758390194,-1.9747436878308233,-0.5882981428303524,0.2716985286723091,-0.43504933550711206
0.26148584277118686,0.23701459114100765,1.3533723780524014,0.007887797573337083,-0.23186670312817137,0.6674823562483452,-0.13340488984216628
0.2813875002169368,-0.021074352492807404,-0.22380696341330295,0.6447844835654528,-2.312988395766541,0.075397003739475,0.6230318415739188
0.8118843036517023,-0.4695182591686797,-0.1358470362927668,0.3362756242151283,1.512986465072589,0.8114435738914672,0.3772984637934589
2.1329340819182367,1.0376785822774137,-0.23740697826092955,-1.1839739023871727,0.06929641344061102,1.7804245984708842,0.9061097445284466
-1.4532303504320214,-1.7415881842123961,0.320531456462235,0.8084946243424037,0.7530270306624134,-0.32774875996464803,1.1229764439798824
0.07029918769132606,-0.8866918183299363,0.5931962095888716,-0.12209132291642186,-0.37098274444501717,-0.4225171234691401,-1.1920013434867203
-0.5299306766697647,-0.6106280510579724,1.0901373189434722,-0.13729551604122214,-1.0712107592212419,0.09898610015876085,0.7881801859298473
-0.8846476198154828,-0.39641581538879284,0.7423777975925583,0.9764102103779121,-0.19512908449360183,-0.8193914345770292,0.3535317963525844
-0.38512528132274826,1.7086908946929145,-0.29472197724857163,-0.5658088407119616,0.056377477696667545,-1.4562714238140517,0.045415040628139905
1.2083521630503735,-1.018664653524099,-0.7815496240857682,-2.1249829722697373,-1.2532846551269043,0.8543642388789982,-0.5398149828617175
0.3670896374450018,0.5884192771212189,-1.0855982128533792,0.8529938362557037,-0.017198251182597518,0.2271295094925774,-2.8165338889383604
-1.3263261106993864,1.3647192807395148,-0.6453605783846471,-1.1588843416540058,0.10185111158618515,-0.6566935051718019,-0.43998060903348113
-1.4579709334406854,-1.951055203291762,0.36744329102610634,-0.15930435834383216,-0.813729542722959,0.06911289988983718,1.2427442832460764
-1.1442394824634725,-0.6220409104613372,-1.3624426558553853,-0.7190660003821379,0.6146831750003721,-0.23515382944851546,1.302231697161491
0.8889478454060563,0.23675676876565005,1.7097621464736144,-0.5484752680949339,-0.8367538139996165,-0.5322709265649345,-0.8779354845369769
-0.728668727647236,-0.4563526841938805,-0.14926485812601126,-0.4027261904617548,1.3501978221451985,1.5428661633246916,-0.2452034793737016
0.667739492541991,0.33046787392884425,-0.42998606216612323,0.09872573246127885,-0.9166144822165289,-2.416522046487997,0.8577265868320758
-0.7460527898380338,-0.7468024581893061,0.37943047550326453,1.4474636448121647,1.4238112368728169,1.1807262963483962,-1.093379404085948
0.78611769987974,-1.3929201273095484,1.3462449787039545,-0.21765405912034363,-0.4841229438019191,-0.17684586439907618,0.6847409912924876
0.29145462512473796,1.2765665127733883,0.023716551709261364,0.05380838887186382,-0.10651364817411732,-1.3854400818306143,-0.5508602425773308
-0.7039867540479322,-0.680038151085004,-1.367750970006905,-0.37873947907034494,0.7209104128116279,-0.22347506407593554,0.895217540782934
-0.28994329057916096,0.9615705075184335,1.1086279274839916,-0.7417778936520205,-0.08618729119135844,0.6344147595433702,0.3117315262357009
-0.42176886231202754,0.3804632495028539,1.9691040527610897,1.585881077641138,0.6519536067051929,-0.3749047969350408,-0.4039962145816154
-0.038236431339969484,-0.09904014827736646,-0.5763456584926345,-0.41241530322592473,1.1735524322315938,-1.1209473572752673,-0.319686210648721
0.6920941897352607,1.1248145317404676,1.7702565456838577,-1.284257818201033,0.04040033901810236,0.14674721667093396,0.42135639069951475
-0.816773194537969,1.980870108092523,-0.468929083760522,0.19778769168023663,0.41958688866621374,1.8834493871027471,1.0696625971058336
-1.7366123680405814,-0.04538027649713434,-2.3318544940475823,0.14012061136554568,1.1686404464804807,-0.775697480416986,0.3931639884006299
-0.21465950880409815,0.8788982649684096,-0.5222357034806032,-0.21592242372749065,0.5696634811940152,-1.0583472219090764,1.2931294325364329
-0.6348677925132907,0.4615728968114583,-0.9503317150830254,-1.7238370215229055,0.7148251390517514,-0.06706136436433947,-0.29352882742415937
-1.4448331245350932,0.08403100304814466,-1.1478592754014625,-0.5849341190743076,1.0604095286815753,0.7652976063826058,0.8566033982388936
1.1221011637130849,0.35037181377446425,-1.4749522824856967,-0.4240831849413451,0.23951504627966508,-0.8471048148987447,1.161273701550344
0.23312730074747812,-1.3263465706832098,0.03755602257541987,-0.24106264220898269,-0.0349113131414655,-1.183044147866471,-1.4679750059868708
1.2481371210236378,1.1470689768005307,1.0660937079983905,-0.3255212457198054,-0.14055469586961772,0.28524298969625766,0.44109366184587234
0.40698288343996125,0.761885515425662,0.5583749404653922,-0.4501370781281088,-1.3572668294781955,-0.06736668260588657,1.8205627772402948
0.18531943982419788,-1.797232220988883,-0.5304230072483374,-1.0763458463640276,0.7563743796680501,-0.5497982588783332,-0.032419180540337864
0.7856893613617891,-0.5613348599353429,0.7255581876887551,0.38019784445449867,1.9466234639487472,-0.09110515261696665,-0.11424760359971962
0.527969960008974,0.7355590137718514,0.4110411678690057,-0.47796591696450275,-0.7019479116842714,0.2280885351055796,1.10858965481524
-0.3206247794882863,-2.0239082219772158,0.7839398265754004,0.8472246532547274,0.9196980542029538,1.5021032288228349,-0.6791775992558938
0.3722146551401537,1.136361507183617,1.7119525054284952,2.299656414516139,0.44838759472595824,-1.0519421108883693,0.09478575568265654
-0.0202572797767775,-0.2813102587956112,-1.0854330597966144,-0.5620660775274748,-1.4749173310335784,1.4410104493547657,-0.40442779525665346
1.086329930894253,-1.726141056800383,1.3439520295236214,1.495621186362544,-1.6838311342419494,-0.1560046461737088,-1.3609088083304604
0.46452675726769244,0.2831160546596679,1.2724834257751625,0.7811798559903024,2.1437217098997605,-0.3789745295513298,-0.4475192634723403
0.07576499059026322,-0.23086886616656183,-2.5648247052951647,-0.05522583141846613,1.940990640524511,-0.44519360642229566,0.310785723178758
-1.495229064297486,0.6154871630550632,0.35769663450832034,-1.054076026088556,2.0168948981326555,0.5015438845265806,-0.07411506456157745
1.6142347289648564,0.9434646257391881,-0.6767665496684556,-2.4749822854912615,-0.2592850793184702,0.607109460133344,-1.2283543487713162
1.1585505219613976,0.643842048205959,1.0034159184410414,-1.590507625345267,-0.3113603761608736,1.3817400878743626,-0.7866357829250956
-0.9661223013592269,1.4660264647536774,-1.6199378633014343,0.3692184822457443,0.18404313144364715,1.075621413508915,1.310386120351765
0.21298298751822198,-0.07609849345315349,0.8892573325417713,-0.7503801979847776,-0.11415821232421876,-0.7819540532348468,0.5291802348458591
1.695454961433695,0.6367325853382447,-1.8121181686322665,0.8977054928559163,-0.7682727462781285,0.49362444791939203,-1.0333077399843518
-0.6763619500132061,1.3034550937329805,-1.6039462583974504,-0.6897659103086315,0.28458160509527863,1.8504049926368706,-0.14806121462338295
-0.839542688919941,0.8037551056402116,0.010075606447089725,-1.607838263920963,-1.6668726926617927,-0.6619582949854285,-1.9136669598805123
-0.07960838583548753,0.593834212560673,-0.958437171019769,0.10416377814152376,0.5479691207230832,1.2824884525058535,-1.2950906227550112
0.6778711379226302,1.593431347433747,-0.712444675203936,0.8536368832962453,0.4557854328577151,-0.04172257150477984,0.18075572664304188
0.5419933811695856,0.622861751321324,-0.710934448905782,-1.568773070101684,1.3689066276970088,1.0475071273355467,0.032820602289456824
1.8903309800174533,0.9647501500712431,-0.9153431430185037,0.7376157157331419,0.3501698244401307,0.9218261276677479,0.19684540426660105
0.31730447328225864,1.1737685981821409,-0.28324059061358176,-1.1001999090270012,-0.32250456923157134,-1.0040991587852435,-0.8408562593785079
-0.2908085587300667,0.07150642598463569,2.331869730019329,-0.7733470344895904,-0.490884165472099,-0.23120707424806264,1.71115256773443
1.072167214998193,-0.15660251055500687,1.327498094183392,1.3317150918001481,1.204787678074573,0.5696297391108817,-0.3051657328354995
0.5031319178151326,0.6928289610037199,-0.15066777622503813,-0.368077153711551,0.6785648824484654,2.0102388759618086,-0.9240406718743733
-1.2822541064890802,0.002473542272658872,0.21276419322989093,-1.6432438452429163,0.8200366078651569,-0.8021231510155495,0.742250883743115
-0.09087273738063105,-0.3925563020172725,0.6376349337261262,1.5485170066843355,1.1016953049867735,1.3580066762222625,1.5305063190988144
1.0789259091476626,-0.13006782447538973,-0.045273390922928376,0.7388332958228243,0.49993385974573806,0.18112565053751012,0.642562926069087
2.1121616075523786,0.8448485197643707,-0.2579875972631147,2.331085359982678,-0.7763866398436682,-0.3478873451675511,0.7811484533723442
0.07792508042227968,-0.0857196398529135,-0.39418498597532253,1.1451258617917888,-1.3561738239624896,0.24630406811527966,0.5024920480497455
-0.3417621987318811,0.8106379078403845,-0.5116543494543655,-0.24013073957517259,1.401955055783451,1.8885620305598567,-0.6626924092008016
-1.6314253687956293,1.0305906788896433,-0.45330082617768963,2.3534370750898925,1.0233067108151457,-1.6591130775712506,-0.3892727609668615
1.5102239144852054,1.6624618855348445,0.2033713752765942,-0.8281592266064374,0.8600686643878017,0.6647641030347261,-1.067938533130636
1.3900080226535432,0.4450973768715449,-1.4066741346210179,0.726937867251538,0.8209074532083945,1.2603027052513163,-0.4891775845025584
-0.5868973543594665,-0.634437261425735,-0.2506004372480631,0.796107920472516,0.6383334204482806,-0.6155953093622756,-0.280726661757747
-0.9624849583728835,-0.40653016040716605,-1.0864073259965108,0.10076562240394413,0.3702677498126146,0.2228949240494954,3.421204579514317
0.6208413475296308,1.3073079359127528,-0.05484592334158647,3.032697853628735,0.9029812074453977,0.8152061697459415,2.1782070621373757
0.005764736648067973,0.4602089638941851,0.8695285417132421,0.9760682279726045,-0.7521747486741407,-2.1904332511394657,-2.171968656844262
-1.0121959003581307,-0.48265975920393783,2.130243412869108,-0.30826155461535665,0.03638265027010848,1.0406108187827612,-0.5159335036263087
1.3822559806896724,-0.7322426297883409,-1.5238229827698997,-0.574020265090629,-0.9876737127285115,-2.1501790108204997,-0.2685409721550605
0.30078769280419365,-0.3694762126523049,-0.022558042661907397,-0.8015660315793981,0.848582664802733,-0.09588200224349856,-0.06969414494262635
0.6021211583740768,1.158983649585489,-0.15794916923565577,-0.886086900223496,0.6099949779191398,-0.7381456141253295,-1.0881530542145337
0.5168144442856151,-0.1055054169263574,-0.04867012729975998,-1.4214133644872828,0.5025528663132264,0.3219145890987884,0.9681176091315623
-0.6552776019705032,-1.6638293470499403,0.8477966812303857,0.7331981849899517,-0.38987334829770265,-0.7382968071896763,1.090559052147668
-0.5014394352364154,1.0303519591188681,-0.7791670284842488,0.40858776654462303,1.1571243578090862,0.31214603020369563,1.4821162700303767
-0.3055473156135254,-0.7004870798717814,0.7750391766360838,0.9408679116342183,0.5785251201423789,-0.07183136545691868,-2.0988336771656413
-0.724855322758971,-0.08016760139236426,-1.2024662160460415,-0.30990885172701577,1.0954296985869243,-0.692931825544745,-0.44164139990486906
0.09217254293740042,1.2819776657601405,1.6518707921999947,0.022856746816111204,0.20708286665834363,-0.4214429802139201,-0.12374485595072146
-0.5764672340997598,-1.1191098716497754,-0.9030972700427156,-1.0279138466656006,-1.135512682738048,-0.2786487775692598,-0.8708494083381719
-0.6416457566269359,0.9967602956213075,-0.33003599760490554,-0.6507564561582997,-0.07850686382777325,0.11499987993461329,1.055055303977289
-0.4554929227194278,-0.17646335358937018,-1.3246637617789767,-0.04443578258315658,-1.2206652840571326,1.2386825403276094,-0.9303149483453476
-0.5265088767900141,-1.451733401710905,-1.5110294050216153,1.474632224677148,-0.36201999063847057,-1.339569735120594,0.7368198446132184
2.6603442301294726,-1.8932926016853373,-2.524016626433494,-0.9286846724490622,-0.122498795764353,-0.858391105393036,0.8960414558240343
-0.6186142921668631,-0.06289846985140524,0.38847288617727915,0.832272138731771,0.17835181648940526,1.5793347656533372,0.49614303905363244
0.27602934574753785,-0.8676145522931016,-1.0002077520547736,-0.5168503783205102,1.561240620154082,0.15696642949651535,0.43127589487640045
1.667547371715053,0.0554210850181074,-0.5216804189491516,-0.9982009350109862,-1.8079331976463238,-0.9345954776954849,1.3403365530036924
0.030599988015725166,1.5461411568333958,0.9787145375845309,-0.8467102980975213,-1.2110043590984236,-0.02756378469224992,-1.4787977564512818
-0.2836203467735376,-0.7417140209544125,-0.24192067311402454,-0.955821439637406,-1.3614459333570224,0.7965973135069429,0.06573172628514803
-1.0826531994440942,-0.2344864168048213,-0.8112315549457517,0.11171191038255038,0.28650401991429114,0.5884059599495789,1.5524992383400265
-0.7275294175876098,0.5899211135587825,-0.789751557056095,0.9772060923391118,1.4624145991835078,-0.7759736677271961,-0.6517548726530349
0.250863397847107,-1.1284971199111435,0.5212577160023804,-2.189577799552282,-0.3778728546674033,-0.3491696966450219,-0.7263327266120337
0.4035978103792205,-1.530182604062387,-0.531724641806108,-0.7585242304402189,-1.3317814110661883,-0.15052316332965962,-0.015928819221864832
-0.37061097862192843,0.30377464717096636,-0.4890486604257899,-1.9402210142938305,0.561419302964755,-0.42186295087406933,0.5010970197662115
2.0261593186375637,-0.5625008944662484,-0.6669623800098409,-0.16022723940024755,-1.9987471769490464,-0.9167321688328682,-0.6678516880328116
-1.7448428139582908,-0.37531732355336916,-1.8893008791955925,0.9770303022671725,0.3341903650689705,1.793572398806483,-0.012257193480662105
-0.6775301083927339,-1.1311351566829375,-0.5134137256634232,-0.6902715787830606,-0.6821820208966634,-1.861243668958237,-0.9550349743875399
1.1525529786453417,-1.6615578380380251,-1.0850469249650616,-0.8924178770406824,1.1308959241427168,1.924440133254346,1.307909992680476
1.7602385663515576,-0.6477915132951721,0.46584836048117917,0.512541367623342,1.162230469192582,0.1161622955074678,-0.035820861982693714
-1.3028296554943224,-1.4287198831366725,1.1148827860949706,-0.22256197565114982,0.04500363753205798,-0.9705310489550473,0.5265748265350849
-0.06660992748384577,0.7530736967160839,-0.8960764471431398,-0.4755107788489322,1.435484611134552,0.09320435220808364,-0.5340116424804078
-0.004924419241941922,0.650164585817174,-0.8951858698630963,0.7238414093464093,-0.5342953710695584,0.2532784243450301,1.917883300521
1.3359276438762138,1.013151808867463,-1.249125155863529,-0.49201734493587973,-0.4765875309947329,-1.1361932914560953,0.9610363306059595
-0.49085177949272474,-0.5471617877568563,0.5763062249674175,-0.3797937602067112,0.5175358500203125,0.08814177996201622,-1.2245122444109786
-0.6925720117230854,-0.6759517353568196,-0.35586202713390086,-0.9942350574929779,3.0800598963461265,0.6839656097490041,1.407258720169794
1.2645693676240097,1.4732585588589944,-0.4426051683864846,0.32907267628870573,0.37942621375347263,-0.010314999750109164,-1.6730668623360636
0.6821239445354252,-0.45221896149968643,-1.2530948700486237,1.0695789953782535,-0.011556134143022326,-0.9165667662691652,1.422807248014433
-0.10958733575594663,-0.06856552001873874,0.1972755210773432,-0.6771678998990904,1.2316669710017352,-1.3194189728906025,-0.31337100489287967
1.1781641047863245,0.05898923128862855,1.6804721969422178,-0.3031014126604341,-0.3850359008219436,-0.6651973689852765,-1.1473907637541563
-0.05480177984952625,0.3060966906355638,-0.7928209345431758,-0.5204202126050047,-1.7441264991565266,0.5732553967604467,-0.08755331792014266
-1.3011335575153156,-0.14539327245815004,0.44274908484858827,1.3210049081126478,-0.21333075982966507,1.0658100247722637,0.05726760166944284
1.2901433154715138,-0.18862403624126947,-1.141827139261674,1.2690412791670531,-0.2070073009322591,-0.3614684611878254,-0.7606540456279237
-0.8961859256893043,-0.7167514216536277,2.0150472625095857,0.6830026986065729,0.0395096485226405,-1.1018829586817787,-2.8052625100485775
1.2437990881691192,-0.9611632680297136,0.41120890748184413,1.8438516874689,1.2516817528943105,1.5942444943880574,0.2940793027546328
-0.3506359794267544,0.1055292017014803,-1.4888875370851942,-0.04858472780061029,0.8064017926065898,1.3329606745346065,-0.1624806043172921
0.3562708373821904,-1.7037842352548733,0.17943543365230402,-0.35364111700178164,-0.708831741157329,-0.9492956352890302,0.3225789349721138
-0.7089587445350456,1.3331381863831624,1.5109085219194827,-1.6614079173105532,-0.550771621456531,1.2620224318674813,-0.15655874976409087
-0.3745257691382904,-0.3268104175750628,0.28251625128897684,-1.098491477017094,0.37547745815076033,0.6103351489906033,0.10069877159959939
0.014636832140936723,-1.673829144408119,-0.17880243260356635,0.7438190385378021,0.19845712482314098,0.05608032230270698,0.20548815253174124
0.342819031951074,-0.8251582559838294,-0.5884671425962102,1.9046542014594565,-0.14735915386532691,1.05510216073246,0.4798149919462447
0.7898571662766243,0.2874645004966146,1.8067435572927726,0.14047888157905947,-0.7098186907568532,-1.4704301630452108,0.9320326114380113
-0.47896016247544293,-0.35623717579457537,1.2216760279605292,-0.8668171507537914,-0.100022317617419,0.522578025559282,-0.75306173556562
-0.5229210588150344,-0.3861768855500413,-0.38359461899359565,-0.7802857726583124,-1.1875586127839348,-0.9244446860127288,-0.5478111035501269
0.22528953865021745,0.15084078129218506,-0.970999302485951,-0.8520356089069051,-0.7449509574567706,-0.3703555468511254,1.2442681030473657
-0.4208591632099707,0.5024479966666989,-1.4103437530349576,-0.09585411313039419,-0.034661575230619884,-0.8759675610649852,1.9999957774528474
0.7475170340101382,1.6378781768208492,-0.7108070019173319,-0.4220533146178182,-0.09143628646932139,-0.518165833493535,0.013249395704530967
0.4301690963793425,-0.06221185682630508,-1.8337882813860804,0.3159958614001862,0.828211758645943,1.334067744286158,0.9857742309654314
-1.707271904979929,1.910143259321814,0.6274387562245907,0.31006962799674564,0.18292917586327154,-1.7681707900589085,1.4598072967529818
0.08745519026221962,0.04664616363513,0.3372678411668062,-0.9797931854462564,-0.1251777932902112,0.004057863563035602,0.5397870344379706
-1.1061543690766473,0.5468312929076542,-0.2586440259229326,1.1270854772360046,1.4556800024898422,2.283492788985362,0.15678753991218966
0.4295830408043139,0.28514763328792614,0.10142566744794877,0.801599698140417,2.1083192746475117,0.5958820399038209,-0.5221401182999195
0.8311677253434373,1.1653291518826894,-2.317685737182531,-1.172032531670721,1.1937621017218247,1.025822920141111,-0.9593431920154465
-0.4358773157898305,0.3729028341065055,2.2126924593611523,2.3772844442887293,0.2530961792564418,1.2510412303543657,-0.6652697468984364
1.5285063116861861,0.20434802421213782,-0.8179186372101,-0.6717984775722763,2.083197216398027,1.9480074455363534,-0.44788070575820615
1.672351236721333,0.014017784043464638,-0.23527868350892236,-0.4872312912744777,0.6230071352185339,-0.21756163786061408,-1.2504682633132422
-0.7544133813979743,1.4682207966671388,0.1937077147319276,-0.5282772118512442,-0.409982793107836,1.2880660610546095,-0.137350320093607
0.03149877397735606,-1.7394778877189463,0.13766481200838693,1.4318782178363259,-0.6138199984089696,0.29446522767479527,-0.7861489640858222
-1.0416400996471389,0.9207114882586164,-1.5718628435279265,0.39308438202554374,1.6262472485804915,-1.1844905811524733,-0.7941206230931587
0.3246569648062556,0.1361725366183066,-1.0095935991523501,1.7023289243520692,0.5900370332798236,-2.283475754703601,-1.3042094514414766
-0.64663937111644,1.1601123033389147,-0.4603985416391505,-2.9327858763697807,-0.2854936184738642,1.1595428400004537,-1.943494087309581
1.0116328285818301,0.5604079371839816,-1.7433256561671584,-1.132747397444858,-0.8647969657477033,-0.055197802285915296,-1.391285287636269
-0.21077705151792073,0.9590344512455614,-0.6287252497462653,-0.9679911766282016,1.7078060450784176,-1.776909549737907,0.5451852374235747
1.0379890472490116,-0.7648630282418794,-1.1633644366534344,-2.1517646174905805,1.466047743686411,1.1707635028698495,-0.8892084588476075
0.39339497925680306,-1.527859699161852,-1.1045666408677894,0.7177248383560453,1.5038675156265815,-0.15788933912031738,1.7422424651753785
-0.4689221395705178,0.5953370576129257,-0.481136339816491,1.4582985398018877,-0.0742912209694378,-0.45882623490884356,0.565767378182055
0.2712601855362089,-0.3952451407424399,0.11885824557740293,1.8787472741971418,-1.2502707338742052,-0.012817306521908947,0.5117241659659975
-0.26268696944686887,-0.9589365655935711,-0.7444199696828422,-0.7839002897143735,-0.15721483565826938,1.388026767388241,-0.8486028146073638
-0.3636674122805263,0.8903993828938753,-2.102922140427675,1.72998295276351,-1.3077104371711743,-1.5179340438929572,0.2512425929309925
-2.5109278884183586,-0.1507512662851479,0.3638622887368932,-0.5915734603296791,0.7864218286055684,0.539313755067471,0.06055752284229202
1.9108035255148121,0.29878927243275627,1.4694136395681343,-0.33168023415133674,1.4945085211900406,-0.9522104492844478,-0.9988207730473665
0.5358597173459145,-0.7700858779183597,0.40599806280532164,0.9401140464716738,-1.671814275480675,1.0551298459038996,-0.5263415190794071
-0.387479495399116,-0.45438370474530565,0.1603112385139814,2.8926103894082127,0.5652530769380579,-1.3269648723894956,-0.008644512706340882
-1.2771015044164868,-1.325083333738221,0.35608202759932267,1.7867521008619385,1.106351034602411,0.4265077273035585,-1.7753592048390028
-1.2640744540219508,0.06676505022582713,-1.8372934087648238,-1.4338788906154167,0.5046761139787119,-0.0774511886210665,-0.0009938194008689508
2.271218472266272,-0.0035166232590458733,-0.8861519484596452,0.030764555440091816,-1.7630084543564943,1.1402657680353736,-1.9494240403513838
-1.1661536766652627,0.7638063052797693,-0.2196454906932407,0.060382837861876204,1.0258282692574463,-1.5604799812586891,-0.7340847697148746
-1.2961919545160079,0.28744320330443235,0.7572766436479543,-0.6884008910572894,0.18811135296360884,2.181363931105983,0.6310600463380356
1.3574258591909845,-0.5196022711481468,-1.348712609636363,-1.5918091963901388,-0.5809542031747463,0.6438802403929559,-1.017933239570863
-0.2053681873624017,-0.19438266780377134,-0.05555639588255779,0.5622276070999517,-0.4873505618361153,-0.39485804736261676,-0.029413416200185023
0.26719698347540466,0.8981946468007157,-1.6798023184461477,-0.34318043501179585,1.5822012072350211,1.1420195546988998,1.042464285156588
0.7187124615399031,0.00994559209528319,-0.9642302676217936,1.2783233572866617,-0.7778431477948727,-0.6420786622156489,0.641961022654051
-0.08702337882039278,-0.7776329080052157,-0.9165172973631187,0.05281261806813318,0.8878363168121354,0.17903388686878757,-1.1971483343152003
-0.6747985663910369,0.45340832280253074,-1.153623558144462,1.2686265590061778,1.0088191952373027,2.220010508797164,0.9952831398587154
-0.7225263214935713,-0.02636369928700877,-0.023768861156297262,-0.7689190923601565,-0.3498743366093048,-1.1760196886954095,0.8423117427513053
-0.018568720141854792,-0.48813432540866597,-1.9228763228122367,0.7577376465427599,0.11450277886974941,0.9842169339981629,-1.6940990186307796
0.26609537192534205,0.3707053920018957,-0.8274225043103188,1.733021910879098,1.4814181850015782,1.4431997827953762,-0.2927911780376779
-0.7958272372413331,0.9515944513738509,0.2129397650879684,0.36125696710606714,0.6581279447791819,1.1276678113044063,-0.6490072445695294
0.827006475229212,0.7494773854131836,0.9050964440147451,0.9080368906317149,-1.629034630209454,-1.0479912768703625,1.1249754642306127
1.6007116123551466,1.2726914258827855,0.05203964466086865,0.5376444094052881,0.5899078110185113,0.06030483807355762,0.347774236656708
-1.7662560099557443,0.37479209532599245,0.4654751955309602,-0.5530676862465224,0.19725526647903735,-0.8372135858818406,1.3829152040697479
-0.4364612784623838,-0.16251126921136966,-0.5133640378465194,-0.5565043654262614,-0.60454208749648,0.6601694469577853,-0.7304567600978873
0.8808728534320929,0.5222241913662348,-0.280395588886654,-1.6966803479873567,-2.0438015453061102,0.7631653589568858,-0.5311412639817169
0.22985813141067343,1.305425239243434,0.7523550734999898,1.1548841481901884,-0.7404180706590874,-1.273942480945238,-0.08630690781862072
-0.3218540624023854,-0.4295779579607066,0.04443965513677518,-0.6191796245271913,0.22765679398098085,1.3773518660725619,-0.44979307326103996
-0.493365417542007,-0.39111817916235675,-1.0442185465218106,1.2321871477208943,-0.9826352700407783,1.1355869400087435,0.38788093054463274
-0.2419317776433251,-1.1143826131634957,0.7748011783052703,1.0538939020403695,2.4182945945000234,0.7950480677129061,0.16200634442446113
0.4107200302920493,0.5128220299134937,1.392865777996,1.1572015915704208,1.1029235644815634,-0.04800967775352459,0.6671178540823962
0.2189873263265115,0.10945924662592313,0.8141388479248243,-0.4613287915571098,-1.789970426494874,0.2447334635974774,-1.73684579106448
-0.33386447809060454,0.9047745993460364,0.5298157970069223,-1.1134532528309062,-1.828932711249506,-1.811721704797709,0.35144736130944604
1.0074033211836255,-1.0115560921819897,-0.03394752243627864,-0.9858775595307457,1.0057198622682166,-1.825745157127621,-1.8833122031041363
-1.8005992359369287,-0.4306822767234343,-0.41769614842821845,-1.8042004915532388,1.1941504016764306,0.9208990195585388,1.1326437873691593
0.9103528303881798,0.3189219093258567,1.0476899512532505,-1.7565576881559075,0.5846757924858547,-0.5584027673254677,-0.5086554422230897
-1.070551373785246,-0.5426035055318826,1.7064168105478827,-0.19936637882226854,1.0548986956024438,-1.5105219743768525,1.0561620197068966
0.11322684534831899,0.2920001330964728,-0.917716037843223,1.525303743243865,0.8219035709477553,-0.053242681338026024,0.049579109819788525
1.2706170347362598,-0.6717547629910795,1.631155909895439,1.7551127877460508,0.5766297551185826,1.1559705152295345,0.6796826005358416
-0.20113464351437546,-2.0571858764685658,-1.450791352857589,0.1332779377209442,-0.11977778992459552,-0.7745884610912033,-0.9987179817755231
-0.19222468075160087,0.29518946613110525,-1.5121017806422794,0.7812290978082116,-1.8147116085476518,0.32767702381546665,2.11816550197772
-0.15579314445306036,-0.016775685487356678,0.24074001083045046,0.034096838422196206,-2.089734550974973,0.14828705650569082,-0.27614167926261574
-1.4806564312741577,1.1089247473706054,-0.9516339097980329,0.8218851693769463,0.3169422048584083,0.2991775233253058,0.5887399703864001
0.5246335614059785,-0.8441349255919914,-0.4525710472426952,-0.3227169806991447,0.5389471349844829,-0.39731841552206,-0.1391321301067664
2.7240651048807765,0.7788356683242434,0.6501426365645799,-0.8908637322591116,-0.6932900872115272,0.47609008569601846,-0.811034060718003
1.0492079001966028,0.18991577855016267,-1.374825210218525,0.7270636796477719,-0.48484478971757267,-0.5279740518117217,0.9909014570215705
0.04235094041566239,-0.35850946312536813,-0.022855693707816312,-0.06453930008634255,-0.17415515743475926,-0.5262834532982211,-0.1501188913437879
-0.9044135321498047,-0.7498700366577867,-0.9277195894280325,1.363691005700234,-0.7865258943908716,-0.4287453788420448,0.21482441930010923
0.5706467114490343,0.5990301020859209,1.101642583134652,-0.1871052173620574,-0.42386203829276625,1.8742416531549244,0.8279502977264093
0.029660849053594923,0.2767358183144121,0.10349107606939556,1.2789450428899127,0.09181533971360195,1.4213410479149824,0.8530904510806224
-0.04243160663888038,-1.2255191258704692,-1.4400426470088035,-0.8017185032642188,1.5824102574407364,0.5126021552440448,-1.9774962922082573
0.13875166537112135,0.1816865704135689,1.2519822462147001,0.7063584533696468,-1.0982855033206265,1.3999991920709942,0.9784705322632896
0.7541237614482323,1.395282986860827,0.46092234921515146,-1.319866855510764,0.36092083118451523,0.4492550150434527,-0.8240909116675775
-0.241616874811631,-1.0627646288037318,-0.049471522255091924,2.1359896192063377,-0.29821896618659405,-1.906232881829762,0.9920810461011381
-0.3428776566301502,-0.7700568719370442,-2.2261835904299887,-1.7034324330809096,-0.31824267164589265,-0.1530801123995511,0.774959122446786
1.6376904075701475,-0.28800406803457995,-0.14519819798541406,0.6949640379203319,1.1430674213548386,0.7078288525497552,-0.781506684552039
0.8872246248285509,0.5807036547531874,-1.1161324863703062,-0.517912404719441,-1.3153808021714855,0.2633501886603921,-0.41565793896586134
-0.4726464708398119,-0.3955800616662691,-0.11305023119365014,-0.7780582946114909,1.5023771720965404,0.5333468544053984,-1.059930771608841
-1.7271265745177549,0.42234800169043846,1.2178358482749099,2.750950492272235,-2.4071914421329943,-0.7075499701056699,0.16311967955958065
1.028795905558134,0.7183988787798076,0.4862159401870337,2.817053405460783,-0.7077926029387939,-0.44928041303097443,-0.22421998865490217
0.3645995511452146,0.04569200070159751,-1.063402883418696,-0.31450888027933,0.9479777832761417,0.7584255592756868,-0.35853202210276863
-0.8064715862435737,-0.4156875749839848,0.34591470748501496,-0.22547441602773305,-0.29406442307910213,-0.00413378551201024,-1.842064932180737
-0.7615490287540284,1.8751138520233352,1.050439901361521,0.815994090953472,1.7398941024991452,-0.5022161502578223,-0.6989065238558856
0.6858981476178718,0.9855498096684111,1.6043211474141965,0.011785596862747594,1.5337133711168556,0.26050225406028515,1.3764892513749292
-0.5792491737101997,0.04202825300687992,-1.5369880790886645,-0.6995720182096176,-0.36982043239694734,1.31322781055622,0.5558817677781891
1.2718854428455542,0.5734046299891455,0.9787215953937072,-1.0177933929041314,0.6167993898435847,0.5240231289667189,0.34419255522187464
-1.3987799346907903,1.075730819666712,0.3342658575083121,0.21012131684386492,0.551028874161666,0.12985081895348816,0.9797004130046866
0.7193501496605292,-0.32432679188135566,-2.375534428386419,-0.19356179345828037,-1.0527399480693682,0.29704748308613327,-0.24507561107708964
0.5438636067609275,0.1459123061466919,0.844183487880753,0.3980923369635485,0.1859619609972781,-0.07295004699566379,-1.3354495307680547
-0.6030867517383707,1.1910205407151746,0.030984098053152182,-1.4826932662646208,-1.02440841173409,-0.5585904738669146,-0.0872768926437484
-0.6588445180144185,-0.23715514179329747,-0.28772354314816123,-0.43719943711363096,-0.058549305177265164,0.368772278796876,1.0837246292876406
1.1756335383207412,-0.7280603911676331,0.3286288121432679,-0.10562100405176486,2.2952301190117694,1.1190635319115296,0.30396315735489093
0.863864676988858,1.3825387660169506,0.10397676151453668,-0.9778831473914966,-0.17549811951633065,0.2012002100866576,-0.2647630855410461
-0.5185267719504781,0.7373350674502285,0.20456816106373224,0.008653200322641195,-0.7851386699751814,0.18364997234202204,-2.2123477646468426
0.5293922070285091,0.8321564588836533,0.1439334017120458,0.7530657568699936,-0.9996550033636415,-0.48675697278082963,0.37166868937733233
-0.1265297239714173,0.5463294598702213,1.7031272203717296,0.053195613510016025,-0.12258212795910958,0.2197462687922335,-0.4754862048151048
0.4331828420246266,-0.05618375242245073,-2.042722906851733,-0.6609908500863841,-1.0387227875519562,-0.4566042917931509,0.7786743028734756
0.15847318387135906,-0.177853809321825,-1.6849523818705405,-0.8773856874027556,0.5724264723371904,2.0883806625527592,2.028088078570281
