0.6841389765793985,0.8701644795628019
1.1060077108405693,-0.07565686675258286
-0.35603822110207445,0.30324256704769625
-1.3883663819673677,-0.9243018098389298
1.55722851389266,-0.2462257603946328
-0.3011817583721297,-0.23943997878039108
-1.6773326566868723,-0.6022117103199863
0.8860270636727284,0.06201552890049101
0.3121820484048685,-0.46831424992661064
-1.0735318592390395,-0.6666251757215157
0.23230247872759796,0.36341954741989396
0.2657032525357642,0.7432734119736886
-0.6719381244691516,-0.10686227192283017
-0.830032572542252,0.11037017984386813
-0.7625062906484561,0.515667139909629
-0.9180019452025879,0.6776530569128969
0.34804065547212826,0.596408135117227
0.21615870048904925,-0.6322288811591934
0.3919511911408226,-0.44957454944655867
0.7193415613878958,0.38362030393254976
1.8641886559636365,0.24781013476416464
0.6571640533682361,0.48338574823762775
0.8320192455774884,-0.557289338140034
-0.5708343064154425,-0.46137453466691325
-1.1248097938448047,-0.20433154571314652
-0.6691430608819212,1.2133010064392704
-0.33326169413091306,1.3536884995234777
-0.008787435045066617,1.400344241113747
0.23921605242009863,-0.06362796032506884
-1.3209823849922697,1.4459148678402778
-1.843944095922526,1.0432684228567546
0.5671150274775181,1.259012875097177
1.665490969002236,-1.0598525932320533
-0.7378353362494885,-1.849134301004067
0.5796837530496645,0.35086390003942725
0.3520454887106659,-1.1479395627161757
-1.8924426573726996,-0.40326940549449897
-0.2629985224353496,-0.18913932581066803
-1.2819518647157297,1.5304601352504712
0.7556172499557108,-1.1865933342843349
-0.11919998777306848,1.123553665991282
0.5445023896498498,0.5349232090636986
-0.5652127023433847,0.15368628559101066
-1.4711774338196035,0.6439895549374957
1.5062035348112903,0.5805032747400914
-1.8239661113298713,-0.9893149610645825
0.2403745871570277,0.5926612741335676
0.34485760927923154,-1.9753991853504855
-2.36081853626705,-0.468066615178442
-0.07063188137376676,0.29548902941664323
-1.499556452386783,1.069068144279274
-0.569780723950589,1.0479938331478675
0.14805082358647978,1.1932670217010213
0.29976166576136504,0.12577437141090142
0.3195368303430006,-0.7840391271911328
-1.092660542674063,0.21105833836326976
0.7111867493383534,-0.4628034952543237
0.4155536355922637,0.23004558902690378
-0.2652461419992357,0.44200498723825826
-0.0718879892360731,-0.9863111589412087
1.3033095462002393,0.17825043876294497
0.13619464898832848,-1.0030162097833575
1.601460085534576,-0.6040780524173988
0.18410598477665635,-0.014626945097728746
-0.5434327860473807,0.2197063818662236
1.2864518667563447,0.106666305319679
-0.8422675013128683,-0.18240156145147504
-0.43057804416401496,-1.1411031458844432
1.3161768274991723,0.3223429283447048
0.9071544438713204,-0.5467195777556341
-1.1138635330266335,2.3185071104055472
0.23908226891041134,1.0776952259167778
2.0502763522871708,1.1529630626170957
-0.5162684955507902,-0.5032988292448632
-1.6140157463498914,-1.9656615777093733
-2.0663683900169065,0.2411221704336236
-0.7502026995418627,1.6781463166843928
0.4739186398352851,-0.15624811750991108
1.9053135828441403,0.11546776788201495
-0.49306218753436176,0.046695028732158375
-0.46275307927171216,-2.1182288041430994
-0.6180474992593068,-1.4298324722496716
1.5210189465270048,1.3572701270991299
-0.35207241867698097,-0.09253075124800093
-1.0230749874205458,-0.39112591465281654
-1.6237077654899323,0.09689758038820769
-0.457799987087534,-0.43900804920604086
0.8292135181634593,0.6782877840980842
0.20539931636254125,0.3853474501407112
-0.3589445163486383,-0.3733600155509451
-0.1517109298441982,0.02827282611908649
0.7227541141601284,0.19549735136061527
-1.5217544228772724,-1.593178446576659
-0.6254224568134427,-0.32607048913919334
-1.2632069838894335,-0.4326264155676711
-2.0147669985394137,-0.376809857721597
0.5215925236196566,-0.2959555014017147
-1.5638117319726024,-0.3328679324761385
0.9243417490830642,0.06601895943460363
-1.334280350145073,-0.46906739697569816
-0.4123848648876588,-0.8938964704171898
0.4497418789349521,0.009820784954711984
0.09236151465006856,-0.20683383880082992
0.8286666392004632,1.4955313431829491
-0.008766205089614992,0.1154461632170928
-1.0460093266817598,0.04389122149602374
-1.0072702160473246,-0.5301822888790226
-0.2976064839115025,2.222642614897407
-0.24759139187409293,-0.24226567976621338
-0.2583274970642156,-0.7866841614465421
0.05648927848822761,-0.34326009880421027
-0.9223068702556881,0.6474929757991337
0.9569349132673314,-1.4474965921826854
-0.6512131741444035,-1.5474505796651454
0.026083386907200766,0.9855157259937254
-1.08457678559014,-0.2757704179955477
0.3664957128192914,-0.4432734584101677
-1.1793992307770576,-0.3841086240916206
1.6470216914667022,-1.5302264184818424
-0.8114624674667614,1.2481542207568406
1.2839252141958475,1.6602082732651335
-0.03764291163949831,0.5294905786034504
-1.0241652211101575,1.114066728344184
0.34514741054124654,-0.08897391943814527
-1.0233521857443795,0.3924708510444802
-0.7607023080124077,-0.8145310805459461
1.2202403275572415,0.5899020194517574
0.053179835840862597,-1.2207217778586603
0.7648771657341232,-0.41976161369892057
-0.08970368270374607,0.580938743361866
0.07931242613849103,-0.08105416175456413
-0.22291845903874172,0.09943754767190735
-0.9249309192821198,-1.254705325083456
-1.0032022669364233,-1.9493261322872335
0.11069141873628696,0.607318453254176
-0.8317775216727871,0.19386113833858404
1.49183042637469,-1.4538394775203556
0.6875849085904058,1.6043249751515816
1.5484105337343048,1.0123206200919257
0.3713541214866919,-1.2993087650677908
0.3772052067720013,-1.526431009176332
-0.7831303090856824,1.7669576856518445
-1.1695380364245311,0.467495664199559
1.0492886230890512,0.9350172822335817
1.3237692213866914,0.9525340114349964
0.20913484215804157,-0.8613533541751814
0.3098457021953344,-0.3515794928067223
-0.6277596104685441,0.08415015377290602
1.9825467838974302,-0.05208415490392334
-0.8393761493422208,-1.3733722697660569
-1.430485182597429,0.4366031970862364
0.7822605983823584,0.22888916515649416
-1.6048027920664203,0.983564546543842
-1.3137298116228364,0.9715121190764031
-0.9334389732082509,-0.25885634968916993
-0.6493120291640402,-0.7272382294965333
-0.31932819160873327,0.5939919595624176
0.4325234422107537,-0.7930183411864244
0.1368678059041823,-0.4462281976356613
0.10501625865114636,0.5286895759468299
-1.0410179497082375,-0.10821171944466335
-1.0658351089059954,-1.3258344091527297
-1.1820580491634929,-0.020623599801671902
0.20531163366895888,1.2895262228253113
0.21679190035395185,-2.1478088168819762
0.08366601296034501,-1.639134916514816
-2.2905596017484795,0.38757321958473984
-0.5803768291664205,0.6468113650410899
-0.7841544286778954,0.5378937241924633
-0.7470971325802301,-1.0429188067956956
-1.4940810620614695,0.7157896902421913
-1.118049549859296,-0.5909899570984342
0.8010632040229307,-0.6442671548809683
1.964611956422952,1.766107281578821
1.354942990885248,-0.31850311466442033
-2.7176925327479995,1.0345410850908956
-0.2719372033544572,-0.9251065180270112
1.4488619778557876,0.6953066787168495
-0.5136659140465034,0.3727478978590695
0.12080773767387958,-0.5501041714244361
-0.2597250622227314,1.0169114096671839
0.2913284909133592,-1.9742793118746376
0.24866479935969263,-1.1530748601414407
0.6532494700676671,-1.318532357694568
-1.4207743246450826,1.7558794275344993
0.839897007441112,0.36610981281881233
-0.6932454480433301,0.04308451416762792
1.6790787833920051,-1.4166776653465172
0.09910330735243911,0.6810139046613793
-0.7403095345878499,1.4606869915009164
-0.4148960332830191,-0.3359886473835847
-0.002767373172848948,-1.33709028871586
-0.853252164274475,-0.5104728297951463
-0.6510608846325068,-1.5884417511347693
-0.09413423429494398,0.1394364749133772
0.6441838800257337,0.6503161901367571
1.204918707405936,-2.632590373014057
0.14154506257840066,-0.1400444691625761
-1.2258220665860533,1.4934673033582724
-0.6780616459896289,-0.9062365612252999
-0.3297079786475097,-0.9012969235121356
-0.5488627571258191,0.6067094422902926
-0.43914015134189044,1.5381798836698684
-0.34490444842936313,-0.30222146576824865
0.8126224422599839,-0.005189872678668709
-1.5015323282963324,0.40997433031138947
-0.29829614433509494,-1.4511102056762595
-0.25337913525167655,-1.235854870264496
-0.32929481690400325,2.7128589346012575
-1.412205837428618,-0.3163525729719109
0.7255253113776812,-1.8496049952830405
-1.280426143368613,1.0613481439072128
0.7332967959172743,1.2222506440786838
-0.7124701507823418,0.8617000942765874
1.0340938498180048,0.39243373154524536
-0.8780178454751388,-0.3991220656158754
-0.07283856166657697,-0.960633254098064
1.3306614040850597,-0.10955203552436982
-1.0831882050015367,-0.1462427487261639
0.8023937822220849,0.4120514196973657
1.1740778716398306,-0.934014313698273
-1.0665351612069462,-0.7122945032419145
0.5044859384055863,-0.2125484558735274
2.5700459145523373,0.797234129928588
0.6105090177441522,0.15370582890088705
-1.8169629362833604,0.6562295618224788
-0.313259881676119,0.3717888626793041
0.887756684170568,0.15055066326606542
-0.16714844749912097,-0.32983700425698226
1.259196469814056,0.44259532074389124
-0.5711735945920562,-0.8470082446125093
-1.317852086981126,-1.2525912123734981
-0.7360132322851595,-0.023487118221879766
0.5620711564650891,-1.5082661190980813
-1.7586404998473166,-0.0327545621038857
-0.29848342874328904,2.1366257317758715
0.8406642515911018,0.012665590583488389
0.44930082518253023,-0.6388685339580126
0.15494211800120394,0.1466882777291829
0.6334676549863142,0.8062704913288831
0.5851427302649506,0.5442055930426689
0.6465266938067517,-1.7201963097410264
-1.4975012676135782,1.9149301701086185
0.8742179412455119,1.242414116285585
0.2822004707731704,1.376261697875733
-0.22706020868135152,0.3905638119002446
1.441542807179571,0.20596240006181238
-0.23228321175319935,-0.129013388670472
1.5589312010950418,0.5414833844905423
0.6990771662933856,-0.8951190150357985
