-1.472618457364644,0.3179716168132464,-0.03133807227728419,-0.5484197006585493,-1.4334847613054715,-0.055912808142116875,-1.9749768594509345
-0.23904219446109917,0.4198865672271096,-0.217974011667974,-1.6049317102849219,0.9744276374023577,-0.8292086816760588,-1.5556876382101188
-0.6967592852128721,-1.9249619215714224,1.1228186194814356,0.03599717159926886,0.7360892162816566,-0.2858698468635477,0.8040053739422995
0.5123168854389204,-0.548160136373829,0.9357232230627276,-1.896121172811608,0.9679519058599632,1.738949424219313,1.189200637916333
-0.5102721157697969,1.5600470653147633,0.2972476738771522,-2.691162457981167,-2.755372834104575,0.8731691041624307,0.0695790950253381
0.09020877106193707,-0.19655965777975393,-0.02969566536524232,1.465462828172852,0.2527745748878297,-0.027865167636544484,0.16024878001347498
-0.1003862691336166,1.9368970257842926,0.2533682143340152,-0.37228398516754796,0.8592962497434491,0.2503116448108599,-0.3290793405890975
-0.4262915768321974,1.466635785875115,-0.5602462882002519,1.4020817042601148,-0.8729662486248269,0.23067174504633126,0.8013817526401013
0.9734318517563216,0.5722532401381321,1.3689735096814295,1.3637403572813398,0.49585848813389094,-0.9146024193269278,0.9297667740089396
0.7087710776160744,0.736475368916246,0.022928977975621715,1.5389444993021273,1.0989024510292154,-0.8616569846100782,-0.25214890334347
-0.2589205495392818,1.8697679877572466,-0.32520784951027176,-1.730671457728679,-0.512168171132656,-0.19321739429782606,-0.9009338800011225
-0.47132556170896495,-0.23583247650951525,-0.19590096347119984,0.42023499510691203,-0.9296714302926313,1.0822470280481746,0.5890990909416649
1.3893436579157392,0.6181857993490352,0.3236662540494606,-1.0062469281356878,-1.7071419967940156,0.3157190980038221,2.7330034569212986
-0.07800726815710128,-2.05747504768798,1.1248850565212587,-1.7663453586322626,-1.150613491531449,-0.6475673097725375,1.3896483435958085
-0.5947843530359306,1.2246891396913235,-0.4452778805382654,-0.10680492348819028,-0.8124525391899692,-1.6051340325046817,0.1049863116437202
1.5846134784334638,0.6542606802141709,-0.8357347779795565,-0.42681891200335115,1.1435048144231044,1.462468255799523,0.4110337523046985
1.1770355086511926,-0.0903132263854479,0.054911592136223986,0.2347572592549741,-0.735426310286267,1.791033189150609,-2.834696638769089
0.6912908633881241,2.0379324061307327,-0.4593017279732409,-1.4075582618064884,1.0660311372795663,0.7729113201324612,-0.2036815665526364
0.7608127490826383,0.27194887553896124,-1.679569554464262,-0.43824217598680215,0.4760843996616921,-1.1430757121508708,1.1735481742169365
-1.6403757383565454,-0.860409411521307,-0.3052652949291544,0.6860440244844243,-1.3921308323988026,1.521729166692456,0.427646780430769
-0.25197343403457406,-1.9621804178403897,-1.1810523185793596,-0.7155305177893636,-0.6937660152920708,0.4791574272230286,0.30651474835260495
1.281206318269052,0.9747912553836529,-0.09006234693079553,0.13655225364495707,0.8481280580916953,-0.02338258849675585,0.9418261176280918
-1.225646796329261,1.0765812049023218,-1.1751846896102869,-2.746559205847076,-1.2554193840751653,-0.5768524945083242,0.25545666968239145
1.5697089770145813,0.7328224733439668,1.1896405912438446,-0.2398960975195134,-0.09441092508965056,-0.35918056424907213,1.1840279415983723
0.8466901537092559,0.7966806131826204,0.8604242007124442,-0.24851690460508663,-0.08627204053096292,0.9372019961539427,0.9776885263982031
0.7044505271401558,0.5719164169454505,1.0360373626692547,1.1014959793510168,-1.2416496067895566,-0.3186383507474626,-0.7252554269787856
0.11510898100292684,0.9146096943867017,-0.16975014096810787,-1.0893019045569219,-0.8709367276344995,0.3776144452344781,-0.7882828917560436
-1.1456624206486232,-0.48840718071510875,0.2138052900193215,-0.005290637935628161,-0.9864786422406885,0.2592547356862281,-1.3890128592199478
1.5047483744205639,-0.20129837846907223,0.11798588802733263,0.6073300111157879,-1.573984830595494,-0.11434741094184163,-0.006395732598405207
-0.038343010606758876,0.4255284327829581,-0.1716067838008741,0.29717030553994084,0.42131836244588156,0.3774710053312124,-1.8539521892598534
0.9331958183418839,-0.869028039534437,-0.2914196064580006,1.0618589695500817,0.019728590335675228,-0.8099882545954769,-0.24603504883011232
-0.4197034797248081,-0.0824672926855219,0.4332825375246869,-1.4083943751019743,-0.8400106903500408,-0.04080851285472976,0.32539506542931657
-1.3456730582146854,-0.33914103568139586,0.5497365864571427,0.3917574992875474,0.11870807794139784,1.3036273881103795,-0.5132461578878735
0.6699634011370558,0.7417501268387818,0.878994633549295,-1.9429609883519616,1.267249705154831,-0.5045473704200037,0.5676363725186244
-0.4958143505936621,-0.20781962758417355,-0.7530829394646391,0.05226411389301656,0.534287701216608,-1.2517984549687924,0.5648560343412427
1.4292409254669016,0.905431920939486,-1.402694627650866,0.837315200078725,1.111899044062402,-2.7982595475334384,0.5261425237098365
0.49852275507905863,2.151117254298964,0.5203329043505884,1.4806246092100377,0.7737856840900967,0.3405087020143969,0.17042597744193608
-1.1167587592652748,0.6919141473341021,1.563428737471259,-0.19001710194549246,1.2376960131025299,-0.05198381285504557,0.49527331632720595
-0.4530880173322836,-0.14806939737627828,-0.05150440330905319,0.3613434847719705,0.680106413841004,0.8239157851107709,0.8300358598620741
0.3282106328126694,-0.2569473426603756,-0.1423755502524289,0.27323305070296666,-0.10728720167086553,-0.6785909452678683,-0.8741186931652785
0.38038166225487485,-2.0119923573213336,-2.497464955429467,-1.37255241028599,-1.184216003166318,-0.5491423620012058,2.310511810379413
0.582665870917152,0.4899485204541312,-0.2931501358157711,-0.21147815215010696,0.11833505010367591,-0.9121811140533562,-1.0814313145817278
0.9182818876685254,0.3474375999365094,0.1371930372810249,-0.04152741105204262,-1.1094882034109772,0.8696335637832773,0.4290176877592702
0.908967366419583,0.8054106608596887,-0.26609687427651696,0.0775284200922456,1.8816263017811523,-0.5359287275706706,0.04653923549451651
0.2631342605149519,-1.3988794328038707,-1.0578445675388666,-0.7997364924337292,2.1725990819124936,-0.8830016861111544,0.2092644649800964
-1.257529504827687,0.040453334730076514,-1.7008777913631006,1.1010686305163144,0.45305349125190214,2.044782772285793,-0.9383858878932448
2.0343782208531134,0.7324008199303624,-1.2867570694282084,2.0123666304779446,-1.4322916749991166,-1.1063150518337879,0.5336803641946182
0.47598798941013154,1.0203348724531298,-0.5132281360051275,0.2236149322659074,-1.1447047555894387,-0.31830918977133416,0.06735343327684473
0.7555405742895281,0.38196559833415245,-0.0777561362593707,-0.7700944126737164,0.6223433567587381,0.7365709727932886,-0.9095032943337319
-0.5505252849172997,0.7326355540092537,1.0063911692762804,-0.24856857197983476,-1.6529930226934852,-0.025370232045466366,-0.6375630572314533
2.0399001773117935,0.876588346973616,-1.1296241902535042,-1.643169946278601,0.9838905204136147,-2.166652818998385,-0.6070938053275603
-1.035790479139182,-1.2981085109937927,-0.4283946729815755,1.0764938976661418,2.2919544799509017,0.3643738315500809,-0.21807930857439237
-0.9817302028737004,-1.0677259577239548,-0.2639601620202344,0.9186856600183356,-0.7596637850519788,1.2477709057648836,0.39390724803585353
0.7647725347066583,-1.225701566984695,0.04034340048478028,2.6070355187108163,0.9853647155459517,-0.3489428702283239,-0.6082374189282245
1.0665326199684944,0.8097989524500416,-0.39681457203246995,0.24366328716403288,-1.1981798538229753,-1.2332973687296558,0.9495404208046743
-0.8149674184140109,-1.8068787324433837,0.9463058133267821,-0.04818949456466439,-0.09822178567142477,0.8712697358197504,-0.31383387880195707
-1.2812647847868428,1.2210662396080953,-0.01906162502023889,-0.4487077996226321,0.3771939836997782,0.3571372416381344,1.8345138221400368
1.0176728885611024,0.44306037042415664,0.2349096463455592,0.10252184614486823,-2.038284372705468,-1.4521072206882586,0.535676692378239
1.3049839651479982,1.6448054918793462,0.3156948818905982,-1.1262816705858696,-0.23606028989244257,0.5682644665875698,1.382740826821235
0.18539011310070644,-1.3847169026660908,0.33573624224976567,0.08750309772018043,1.0799541677353188,1.4055186161887199,0.5805111774207599
-0.12054093456192493,-0.08281949528283841,0.4184882647291842,-2.3141106732355374,-0.9033163322860036,0.38714709094414496,-1.8463465353493262
0.439156520228753,-0.26222324047163853,-0.40507591392074516,-1.6424233060570177,1.7678950799865252,-1.2895227620005414,0.6786613226476208
0.8772566025874391,-0.29456515433242947,-0.8486211496446513,-1.639259244132728,-2.037644493459352,-0.39894495614114345,-0.34979225932031804
0.47190106183862196,0.7398139666065908,0.8709004040072016,-0.03049682566684738,1.1340893288590765,1.445573742639373,0.4793801539129321
-0.08379036666898187,-0.41895909371201906,1.6871360429895885,-0.9454890797832352,1.2489537694611235,-2.0727887101887594,-0.021959414361628845
-0.02694457016685391,1.3090679393210172,-0.3346444890013366,0.6061343563901479,-1.3472093046513287,0.23223313816883445,0.3865662582595046
0.6779124711984281,0.17305943286563769,-0.018144355656146485,0.25135882779614166,-0.14014536802854224,1.899311138598443,-0.22804268942131944
-1.7464110992566626,1.7333643850436118,0.04544016535038941,-1.2035155304463463,0.13677112852423604,1.4015983536596557,1.012915023127922
1.4373925295025518,-0.38838952169163066,1.1625307935742202,-1.8001341821448233,0.2891632587364126,0.06531302362762881,-0.6033087819265315
0.23297023394848798,1.1417835134402146,-0.8176287335942365,-1.0693837621598599,-0.5199894012393553,1.0038337291108277,-0.8729744256758272
-1.0947002884385655,-0.5370950786656238,0.3119361306413887,0.8302350386985191,-1.635840366077618,-1.6244082060242437,0.14248074459539464
0.1465824684385569,-0.24272410631136115,-0.3353967060418571,1.9489531117739358,-0.5468846058284759,-1.4427729168942718,1.5903319388672197
1.8791064835461553,-1.1830761669890812,-0.043183104869542334,-0.7457507378090107,-1.0933158975122292,-0.5247852694621987,-1.0671027901205106
-1.487420990467431,-0.16023532313194996,-0.29987403679785407,0.1924133349669898,-1.294184454652837,0.7830972908948447,0.36866880378656697
-0.3400349524614826,1.4091699998997484,1.996021284829299,0.7413214858891609,-0.04631440371125516,1.1807875506617658,-0.3364106501623336
0.8175820724540886,0.39925751722208186,0.3060893089511541,0.25270265883683923,1.288091035051634,-0.8393378116161078,1.1923063635668376
-0.4693075859869718,-0.7255188192497741,-1.6353500827027918,-1.3013853217566635,-0.29583951440609474,0.6602520611362975,-0.628038025974191
0.7469564754551089,0.9173647950640065,-0.26116949282068913,-1.4179453528156194,-1.2871927571799677,-0.03850903807788866,0.12311730696304415
1.784310247026748,1.0373317361898673,-0.30777000759582646,0.4311009671715181,-1.6705152083745862,0.3091737528670876,-0.2894041338275448
-1.260101966799928,-0.6567243142808741,1.1950958377613503,-1.4753586552652664,0.6942839706406719,0.9660231035198523,0.23210516334817186
-1.2535495965641277,0.6541710173134185,-0.5660513163963202,0.4574335134620108,-0.5971652421085242,-0.6005250923638382,0.8477961932027236
-1.0127440000158745,0.41533177689939066,-0.14892304286561517,-0.25890619983368435,0.18686402690023962,1.0261510890739618,-0.7090618940466795
1.3415896701927104,-0.22270911189735124,0.8907469127497714,-0.5695866744883258,0.8326526797365716,-0.7110457144562172,0.23342107542988455
1.3575202789342455,-0.43868327113431477,1.9831741767320834,-0.4337583491501982,0.5920334024923671,-0.9386805538304107,0.5964350302756095
-0.06956997019591986,2.050362930486147,-2.0040701906358835,-0.7187438485631742,-0.10773421632814362,0.20085057900187436,-1.2702016148432214
-0.6671588835299616,0.19992719531355466,-1.1794575497774051,0.14271738792075317,0.08029313256291853,-1.0903239438960803,-0.12024319254981862
-0.4716625646040906,-1.1264174635877429,-1.1451476311585305,1.6176489422193674,-1.5626012254650792,-0.10551806059106776,-0.9501145173081329
-0.5068637682649106,-1.2162335294323134,0.058297644472845904,-1.2055158372905654,-1.4700575440887673,-1.2052265045013042,0.7398199785951155
2.9024527996776195,1.0892677788117169,-0.9022097935820013,-0.15895958268971466,-0.45760363683499694,-0.015741217657319187,-0.11261673478231207
-0.3217280767678664,0.2952681364999924,-1.0469988990284602,0.6316089036705714,-0.8789839648703481,0.6053056124567554,1.002468849950473
0.6689857073144261,-0.03633948890875333,1.4055746724374243,-0.14841248539858307,0.1481926757723392,0.871114398505207,0.39028327571589627
-0.5885360432453702,-0.20424288432247228,1.2646630252824331,-0.6362034701621669,-0.7901389150109922,1.2448971793951535,0.6438850262530794
0.6827273782737561,0.757293102700691,1.053363279790442,0.6943520231308027,-0.46167339538237273,-1.6522935070427938,2.0161150342687733
-0.36656323019409137,0.3876971400218125,0.4474304514039503,-0.5735423086617937,1.7831848167445536,-2.144928959124842,-1.0538829391943216
0.2509912953190633,-1.0414035058210271,-0.5463916009738458,-0.054282915943061824,0.22291402663443435,0.10917936876670749,-1.3902650377582706
1.5013318239616673,-0.4809926080152074,0.14539989294657873,-1.2562317860666494,-1.429618216297638,0.41173951641225875,-0.10891928246398971
-1.1594266904875123,-1.5370586420187131,-0.4676611907619262,-0.9236363938876014,0.9077903553489497,0.3950488803150014,0.19176594694720364
-0.16314507768338282,-0.2361460531909906,-0.5040437671761029,-0.5718048378528732,0.8932798641147102,-0.09115061413963257,1.1193351861534653
1.5795560104240443,0.6845915448350035,-0.3450312047155174,0.45746310975907023,-1.6302520715217288,-0.4753988178002636,1.5221948044525069
1.4337564909292808,0.3522949245293385,-0.8279316333352648,3.0038712662024163,-0.04765333572541354,-0.15669166183833247,-0.40586649828443966
0.2859794702919922,-0.09892702003988496,1.3050482168519786,-0.36303993327219464,0.42852919559816743,0.12443448904299294,-1.1335728716191746
0.10217944840532717,1.0196590344367849,1.3545793003170952,-0.22632080723066442,-0.9274901180395634,-1.6315351205055884,2.4442568971819556
-0.3744789091983169,-0.08559749776564765,-0.4470989164963106,-1.470702356644313,-2.6503238922430907,1.2858534092666312,0.8881764419716142
-0.2614165826983501,0.07310593004367172,-0.016382084493890264,0.8022591234691022,0.2354479514196221,-0.07720124880500726,0.2715503025387315
0.8613437102221011,-0.7835090620752777,0.7197578183080404,0.5265054772475971,0.5170252179396903,1.339244804893567,0.21443098731762608
1.3243429368043445,1.5515637371430226,0.9909516611862728,0.3105602861865194,-1.5715622338146413,0.46754836704875785,-0.6455205738502942
-1.2072917649805361,1.7580819551017803,0.13502071843595254,0.7313299529767756,0.726924793481472,0.6196584946806246,0.3596968569915603
1.2013612007113763,-2.057773104120274,1.053700730236604,-0.2775531245093191,2.3962137777944403,0.9517125100848368,0.38238273619006824
-1.2910692775703605,1.0561651131314067,0.7153010523685985,-0.49931603452363366,-0.5571304043869137,0.12680117051564976,0.3122737260925785
-0.4930610355647856,-2.7873903314832233,0.5001482863308768,1.8132759169704102,-0.8137545094659231,0.68769703862544,-0.3076326503160506
0.3982204838989302,-1.3222579903798832,-0.13433648728704323,-0.2984004261792887,-0.5252775145098673,-0.5456741997593846,0.6718680846706753
0.26622574975584096,-1.1312048581248175,-0.6020489624384838,-0.647559127504148,1.2497501863792426,-0.2804006947959223,-0.47459099125149035
0.4664465566018939,0.24171740236646533,-0.04624287922066643,-2.4294707366733266,-1.478124317913436,-2.4513206832329075,-1.4673027958440663
-0.8882390882628135,-1.2171877421459643,-0.39910989400690844,1.3332002988240115,-0.17697955828777198,0.8236893205633353,0.7747937163901104
0.5008277454074131,-1.2605188343013443,1.433332897604134,0.5280760479227811,0.001150779673572056,-0.007101680013063499,1.1445482421030126
0.2586826530366502,-0.0035626802197165426,-1.982698434925984,2.0329077714739436,-0.1966875313861185,-0.772583080576156,-0.9710666880029691
0.9651343567392117,-1.6055637373684766,1.0227685382095737,0.7773348124223829,-2.157650798936172,0.08873952229491787,0.34188473391753316
-1.585015228398761,-0.20522753349916645,-2.218996151971234,0.10204954697906539,-0.5863328136750384,-1.3973366930340028,-1.0118389399501495
-0.7083038117277248,0.7244296804766686,0.4631696417740755,0.2772064571883053,-2.7808896374509415,0.00494640803218133,1.4426745521305246
-0.28975497471134987,1.0400812303273785,0.5479493797213997,-0.7826956929697523,-1.1097530838263552,-0.9484571790155519,1.1906552450654575
0.9221969362129232,-0.20365697217608192,-2.426346923568226,1.6426763011396464,-1.3350375966551662,-1.1148516596809463,0.038906018500046574
-1.3624161373614843,0.6550979758199112,-1.2170132304389891,-0.4449162275239966,0.045538822925297366,-2.1622849199045944,-0.1403455779975348
-0.45225290333645574,1.666315597531109,-0.040387111246800535,0.6332803712424285,-2.692697368488412,-0.24702949280175812,0.8920682555998731
-1.651569935960253,-1.2691234248219738,0.6749024576362599,0.13264623406170328,2.20725267578524,-0.04254042395983582,-0.6421639657602277
-1.6800436503096123,1.3686716371646908,-0.2660555156074095,0.2113168373269848,1.1157736419319115,1.8812742991897375,-1.1176554910080891
-0.4194872852799304,-0.17938467093266605,-1.265602044112034,1.6067402287499382,-0.698262649711527,-1.1457218039708716,-1.5826617122053648
-1.8449052126167897,1.0910595891550479,0.5184102725833825,-0.9164943138472619,-0.6884651634738003,1.3182617348013594,-0.24974171401021944
0.8358008297660979,-0.9262907186157914,-0.29153208027576394,0.9250525757489174,0.676921984214664,0.0926338910191218,0.8910696584274219
-1.1041256493285942,-1.0685515352543122,-1.2255021853674717,-0.8885988276953685,1.4370674979127454,0.4151816227044103,1.1029133768977126
-1.5178916716632833,-0.7069830954947695,0.4716612692699119,-0.6238677368934655,-0.17028112395023984,-1.6253233278088453,0.4044145702091395
0.18918848991705484,-0.7996107574075848,0.5190363366707855,-0.12373697404437059,-0.46342542187047675,-0.9245031654102287,0.04597809362255404
0.8680914280945344,-0.05065568780203697,-0.13402842370765652,2.7768829426367665,-0.6564182362618771,0.02876198255225142,1.2596104540725854
-0.5725122330053773,-1.7827034869089653,-0.9214235339316171,0.8341983022344329,1.3809096739237896,0.5465092704710606,0.062210481109765695
0.3282499686002148,-0.23306101153242897,-1.1672610259173661,1.0554570108945567,-0.87270888637873,-1.5632811426911664,-0.3111913101934819
-3.027487712118718,-0.630631069852938,1.453406446806482,0.5800346914962632,-0.8290861054461216,0.12695012701421668,1.2083655945285778
2.306048622973426,0.4358122908131404,1.8322506925090334,0.8966084313672835,-0.19241861207236824,0.22002481628297887,0.10806295441706895
0.24446649316410463,0.7085654866608502,1.1124858341238022,0.17537134716840183,-0.5299978779016989,-0.07091246622007369,-0.8975847695343802
1.0775524227430793,0.04768075616373251,0.7116714748287163,-1.264235383251793,1.7671236810163462,1.608912214959711,-0.9590473385611465
0.20930081337732875,-0.8279024393519154,-0.7126185554738086,-1.799440054416531,0.21070455415042622,-0.647136401879461,-0.788745805700574
-1.0539905014563888,1.6045286237985799,0.17002404145617292,0.0023193784969998583,-0.48034270411947394,-0.34206095144826393,0.3529862810991044
-0.8091847909391489,0.13085813174625685,2.334308726749382,0.9258752918107312,-0.5518259869184503,1.143317527368679,0.9997431901905892
-0.3805464759266736,-0.8516451529712625,2.270375374046191,-0.2959646444322929,-1.6031006088709694,-0.15958862303456275,0.06080875786666015
0.5664095076399881,0.6115369595573904,-0.9725642618842595,-1.1735443852947969,-0.0004231238964459981,-0.2875660060315974,0.38380404259641615
0.9272573872752685,-0.4019269960577593,1.158366807367971,0.6515531844743937,1.2083135786295414,1.4314082361565685,1.1816162747003043
-0.9145230848073477,0.39649677809637024,-1.4687527309790942,-0.1710758569455714,0.6844275264050542,-0.34623606381013794,-1.1959627213337098
-0.5214607547504629,0.4875329617822337,0.98261426440261,0.5164705742640665,1.9758135565741222,-0.13096113638273152,1.0266686359541726
-0.7465472416418731,0.3679475906286621,-0.1685740570900247,-0.844308795812088,0.12847008904819449,0.6074121298346037,0.7837102143135847
-1.0319704198573587,-1.302999376054179,-0.7080858732487222,0.7425995610651006,-0.49101638919422996,-0.4606150469163307,-0.0987993171825651
-1.3127854831870005,-2.713251972914372,-1.0172222333053338,-0.4815805837902225,0.0055123666635207595,1.469976721678844,0.6983370639454239
-1.0600928684842252,0.04464344147931163,2.044545262689739,-0.11019476330111032,-0.2133387044976694,-0.6614724736290345,0.06136223512715837
1.3946434648645325,-0.4194632098707916,0.5823040295317807,0.8667986991966412,-1.8970267837677581,-0.6508668855962372,0.2661601711241404
-0.15183591750713613,1.9145131254121321,-1.62747377363321,0.8244914363753838,0.2155370320028408,2.1562135252394254,-0.40859663886045017
0.7177515253409206,0.8555178748059709,-0.8499573964076509,1.0394263519318658,2.1766092551597955,0.3645645958589955,0.12046148978601971
-0.04439885111036049,0.4091077479899367,-0.17862979209420216,0.23171968298915593,-0.9154164993186809,0.18035872150304835,1.231221479751848
-0.7578223026261841,0.2764726240287258,-0.21827539333020196,-2.008080122112597,1.041210753429604,0.5552989738520395,1.4407725342580169
0.4401909475818065,-1.8154825442456,-0.8705097393368928,1.1249151754794882,0.19603848033073673,-1.9368898310767757,-2.6814233480545644
0.07452660781502102,1.5377864427640058,-0.3931240154289879,-0.8660131915664963,1.8262806167319394,1.3901993578626635,-1.1607061014722657
0.177777830530542,0.23687338607023992,0.9854224510361784,-0.22874268223995736,-0.42304114591787834,-0.24007541547159217,-0.01263453108932829
-0.17439380521401956,0.6818880393768535,1.3091662290538528,-0.4988113961417163,0.5852780415300115,-0.15236337157028101,0.8940774837025812
0.671126462548032,-1.2136136613817583,0.8356203559932763,-0.4810403944476397,0.07142707979209054,-2.1226506425631566,0.7009091338221427
-0.05280652492299989,0.4504398912856523,-0.6436989456673844,0.3417649633703643,-0.7218869971949222,0.5519037407162515,-1.2912911828508842
-0.0419217625471586,1.5035324478357655,-0.49864538584851403,-0.5619725230072309,0.6178972928259399,-1.8130641541795347,-0.08913776954678135
0.523605575649492,-0.0014574271395927855,0.17871748709417773,-0.5200767438541174,-0.4042205494140278,1.7385424674564325,1.2526824486400359
-1.073782244243694,-0.022317029652401416,-1.0754055283342216,0.4227247915985379,-0.9586872620252709,0.8003552681034916,-1.350154557648803
-0.16807659240596898,0.35174991234577,-1.0482976432674498,0.153774002002127,0.05718135923605448,-0.3515445086329961,0.9496010800658543
0.39772022033723387,-0.5698134144033545,0.5278763868113252,1.9712128692768625,-0.4205287005526789,-0.9785159685102374,0.6464281465846645
-1.6124856508740357,-1.0252237874334666,-0.6998146898830794,0.5724985545215775,-1.3245166975516998,-2.0494220229750333,-1.3419913273702544
0.8544942882499403,-0.09978239779290478,0.9614867382872655,0.821677508403388,2.476263424493783,-1.9264572899971326,0.5436954775446633
0.92204264318622,0.4234249033836425,-0.5057285640991318,-0.7390198917294787,0.9003568054188968,-0.23044816188178746,-0.9703618199181062
-1.1820866992846537,-0.4163708880734683,-0.2645752951778412,-0.36178828187770956,0.042746050751893125,-0.9799663892824714,-0.1941230269582134
1.0251703229053748,0.859063709835322,-0.5122932500300348,-0.13272054107687034,-1.8565659006432773,1.6539430404536608,-0.27540829860254856
0.4162539612626313,-0.31706156607759084,1.1345885688813653,-0.6504911692206157,0.7472105274851446,-0.2716842205384202,-0.7478607145059575
-0.7308491546121886,-0.7970555845692906,-2.3509860858046583,0.3289408860721833,-0.13447080061409294,0.1345681981047634,-0.5441398491456783
-1.974238141701825,-0.9666437971119467,1.119597913011508,0.5120297665379938,0.42304736307051727,-1.631702917901645,0.829026560956029
0.32107618849798664,-1.55177830919707,2.363615669345576,-0.4839509864384428,1.2162484860755256,-1.4544652381861194,0.200944897090941
-2.0011978977384315,-0.20742719593466075,-0.7424228959910933,-0.5397106593556324,-1.1980980307773281,0.36936154159858703,0.7236810910318554
-0.14780573547456738,0.4824005410217488,-1.52907580127242,-0.8585523522869952,-0.27513268351429226,-0.09155001532015214,-0.4230620985870255
-0.9924429357154144,-0.4787075681899276,1.1434694437891588,1.0610280374519327,-0.3618445145860554,1.2313160563731764,-1.9753737515254803
0.12777561078867683,-0.8840928294867588,0.5172331947224524,0.30711467138400816,0.2624093029995121,0.4845070437933605,0.770985141066092
-0.45903898992424325,0.2642857302834736,-0.09586657351231612,-0.6552471428101936,1.3028093376034915,1.0193086984880364,0.4217224848419014
0.21625647944886475,-0.39914166816723756,-0.4421014827557215,-0.9655893349502858,-1.2358822576859245,0.8096151713224027,0.7661061038262575
0.2058464673637196,-0.02288906822241746,-0.05982472384729051,-0.9967556457703437,0.1653847250506294,1.1418567060484999,-0.8418495116037495
0.47875285937981266,1.465073726154815,2.5590375091722386,0.06437428917135256,0.20219139567719202,0.3726921906637375,-1.4484410577995357
0.7302648092633114,-0.7693257192383548,-0.8863910582102852,0.284962028227788,-0.8124057793858264,-0.9179479502490927,-0.2909806114920158
0.009245102949487128,0.01571548210330915,1.0741836539303788,0.8924884752512696,-0.03164410206820899,-1.2874872461356202,0.4661831169764716
1.1113945794651066,0.3820677865858345,-0.8219239438855276,1.3224644008646664,0.6240226025458291,0.9299572446792872,0.24911872242894997
-1.3042444926075223,-1.2414376150501256,0.3482528858627828,0.22892824831824873,1.21680177995124,1.0398710699241982,-1.154169145401899
1.1699045311477902,-0.28729536000875605,0.39193576719669493,-0.6988454171442904,0.15874519047960056,-0.40629032509366886,0.9720456466691703
0.8307057125288245,0.93113257581289,-1.1074444682229199,-0.5389786216058017,0.28142518848519765,-0.1435837138899772,-1.556699906868744
0.5472713358071682,-0.9924555340554623,0.5761866905578681,-0.040872753861178536,0.9738149871164382,-0.30833816833578714,-0.42256805203753084
0.2279889114490712,-1.4780759210300307,-0.5793600732510883,-0.8496414439262236,1.3324039193441584,0.9377639845693534,0.107049448930828
0.4347100421446867,1.65159506274322,2.305396027826632,-0.4968564146791962,0.011116019281781124,0.38270759538462984,1.2695826583767194
0.11750326484133626,-0.4672106670104656,-0.3025621797263744,0.9999108430592216,-0.9982028085994754,-0.06428333815128501,-0.2938549157397018
0.9832804089366848,-0.30034261277832175,-0.8673777750719718,-1.565784685074458,0.6701899255252658,-0.3027431819556021,0.1929464651733564
-1.0484809428209778,-0.02652802958876405,1.132602634595925,-0.1516365302148546,-0.9501581331089629,0.657525307734784,-1.3098617852055354
0.885600109518168,-0.609512324056467,-0.909405839261148,-0.6036797119340498,-1.3622645123879917,-0.6301394094391767,0.27287989299346416
-0.5331612786408512,-1.421261573137863,0.24349555185612068,-0.4031535102310245,1.2621854292486496,0.323577382152091,-0.10565239801883547
-0.9017478582379989,-0.35221033103736477,-0.6699202394527484,-2.103331758050888,1.2980801898113234,-0.4271412213224585,0.17313543013681731
1.0370682157104942,-0.5138271377795658,0.3046357234390532,0.516961884165734,-0.3977303615386439,0.16527954931272013,-0.8374438584576356
-0.5457318784033757,0.9145126322784628,0.11782850002976052,0.41938542620855723,-0.8749817351460547,-0.4798927452468736,1.1870347955417253
